0 0
0 0
1 0
1 0
1 0
2 0
8 0
11 1
11 1
16 1
18 1
18 1
29 2
31 3
42 3
53 3
63 5
74 5
91 6
122 6
151 7
259 7
294 7
329 58
327 60
430 72
504 85
600 90
654 91
569 251
787 267
778 276
841 292
960 305
1129 322
1127 324
1181 373
1234 394
1294 421
1358 437
1518 457
1452 523
1584 558
1596 612
1616 661
1736 707
1825 746
1880 789
1944 814
1998 841
2068 873
2044 987
2120 1024
2351 1084
2455 1152
2565 1215
2593 1299
2666 1337
2758 1369
2879 1406
2954 1474
3015 1517
3124 1557
3183 1600
3185 1702
3284 1736
3411 1797
3488 1883
3659 1952
3748 2028
3972 2062
4127 2151
4382 2181
4284 2595
4396 2738
4626 2853
4908 2897
5126 2942
5364 3007
5544 3265
5947 3336
6483 3448
7154 3495
7378 3975
7892 4184
8162 4466
8577 4651
9084 4849
9577 5125
10111 5308
10898 5316
10976 5875
11338 6077
12041 6278
12789 6479
13596 6601
14317 6720
15192 6828
15221 7573
15622 7998
16476 8285
17261 8726
18276 9097
19236 9528
20397 9898
21180 10397
22040 10745
23107 11052
24127 11425
25841 11669
26740 12830
28006 13198
29046 13739
30735 14196
32549 14654
34919 14932
36519 15938
35743 19600
37394 20350
38567 21366
39850 22418
41195 23335
42806 24391
44370 25571
46125 26661
47965 27411
48711 29104
50334 30113
51687 31739
48834 38196
50660 40033
53302 40758
54291 43218
55627 44539
57189 46076
59475 47435
61798 49348
63551 51232
67343 51958
67697 54827
70390 56365
72488 58286
75030 61088
78781 63119
82510 65517
85266 68254
87419 70915
89069 73457
91782 75634
95093 78262
97853 81143
101336 84037
103979 87323
106448 90095
109245 92674
111628 95115
115427 98108
119628 101054
124092 104103
127969 107708
129046 112765
133651 112848
140862 113006
74518 186393
76078 192496
78276 197796
77905 204532
77766 211334
77164 217405
75462 223664
76387 229579
77604 235055
80716 240168
82507 246536
84173 252629
83769 258385
86712 264155
88873 270765
93548 276640
97784 282508
103573 288436
105666 295573
105962 302464
107880 309855
110944 317295
114524 324648
119376 331822
120638 341244
121686 350120
119801 358991
120490 367517
123039 376995
119145 393148
123193 401005
124436 411269
125447 421034
124672 430865
124826 440620
126603 450735
128633 460379
132906 468807
133716 479942
132058 490876
130081 501284
118102 522045
120994 531180
124937 539862
126911 551355
129103 562132
130452 572032
129641 581684
130304 592828
134233 602376
139419 611582
141574 623428
144575 635114
143909 646909
140796 657690
139243 670485
142369 682099
147964 692951
148815 707554
151102 720366
150837 733045
148958 745248
146962 756768
150228 766807
155900 776067
158862 790201
161385 804224
161838 817281
159448 830232
171981 830681
162252 856747
169286 868039
173839 879811
174335 895033
171610 909726
166874 923715
163414 938887
165535 951074
169315 961218
167224 976576
165286 991893
161983 1004941
157077 1016456
153492 1029639
153946 1041330
155761 1050167
154125 1062903
153441 1075373
150190 1086661
145711 1096471
143015 1107484
146396 1116080
156928 1116428
149557 1134962
150856 1145522
150173 1154673
145953 1164538
142461 1175923
144066 1184939
146516 1192821
145388 1204046
144433 1214609
142227 1223955
137872 1232494
133709 1240922
133729 1248066
135390 1254998
134828 1264603
133804 1273473
132176 1281199
130491 1288316
128576 1295957
130391 1302179
132589 1307514
133752 1313980
133164 1321467
131415 1328417
128648 1334462
125725 1340584
124323 1345596
123512 1351710
123598 1358618
123930 1365398
123774 1370828
122077 1376083
122061 1381161
124699 1385504
127767 1389279
130282 1394090
132947 1398427
132789 1404380
131126 1410159
130740 1416398
133299 1421980
137274 1426591
137274 1426591
147855 1426699
133539 1444728
132721 1450576
132965 1457548
138260 1463903
144089 1469839
155593 1469921
159599 1469995
144367 1490467
144276 1496442
147223 1501717
152329 1510401
158147 1518024
161090 1528916
164183 1539169
165662 1548747
165972 1556245
167552 1563369
171995 1572709
176023 1581406
176100 1594615
175857 1607190
173580 1618399
170371 1628872
166828 1640600
169130 1650439
171692 1659989
170967 1672110
170429 1683401
168787 1693405
164247 1702976
161240 1713561
163402 1721808
166055 1729998
164777 1740747
164128 1751234
161465 1760799
157615 1769624
155605 1778248
156354 1787194
158997 1793747
158230 1803405
157262 1812747
155520 1821169
152211 1828136
149925 1835576
151408 1841887
153240 1847794
152211 1856134
151307 1864189
150400 1871153
148444 1877354
145288 1883769
144337 1888723
145630 1893494
146487 1900308
148036 1906645
148070 1912555
146635 1917699
146179 1923572
147820 1929408
151193 1934218
155118 1938527
154007 1944721
153164 1951033
