1.0 0 0
1.0 0 0
0.999999977909071 1 0
0.999999977909071 1 0
0.999999977909071 1 0
0.999999955818142 2 0
0.9999998232725683 8 0
0.9999997349088525 11 1
0.9999997349088525 11 1
0.9999996244542076 16 1
0.9999995802723498 18 1
0.9999995802723498 18 1
0.9999993151812023 29 2
0.9999992489084154 31 3
0.9999990059081969 42 3
0.9999987629079783 53 3
0.9999984978168308 63 5
0.9999982548166123 74 5
0.999997857179891 91 6
0.9999971723610933 122 6
0.9999965096332245 151 7
0.999994123812897 259 7
0.9999933506303834 294 7
0.999991450810493 329 58
0.999991450810493 327 60
0.9999889103536628 430 72
0.9999869884428433 504 85
0.9999847572590185 600 90
0.9999835422579257 654 91
0.9999818854382538 569 251
0.9999767161608776 787 267
0.9999767161608776 778 276
0.9999749709774898 841 292
0.9999720549748673 960 305
0.999967946062081 1129 322
0.999967946062081 1127 324
0.9999656706963982 1181 373
0.9999640359676553 1234 394
0.9999621140568359 1294 421
0.9999603467825191 1358 437
0.9999563704153066 1518 457
0.9999563704153066 1452 523
0.9999526812301704 1584 558
0.9999512232288592 1596 612
0.999949698954761 1616 661
0.999946031860554 1736 707
0.9999432042216472 1825 746
0.9999410393106093 1880 789
0.999939073217932 1944 814
0.9999372838526863 1998 841
0.9999350305779325 2068 873
0.9999330423943262 2044 987
0.9999305461193538 2120 1024
0.9999241176590269 2351 1084
0.999920318019246 2455 1152
0.9999164962885362 2565 1215
0.9999140221044928 2593 1299
0.9999115700113784 2666 1337
0.9999088307361875 2758 1369
0.999905340369412 2879 1406
0.9999021813665709 2954 1474
0.9998998839099592 3015 1517
0.9998965923615444 3124 1557
0.9998943390867906 3183 1600
0.9998920416301789 3185 1702
0.9998891035366274 3284 1736
0.9998849504419831 3411 1797
0.9998813496205629 3488 1883
0.9998760477976129 3659 1952
0.9998724027943346 3748 2028
0.9998667033346633 3972 2062
0.9998613131479973 4127 2151
0.9998550172332441 4382 2181
0.9998480364996932 4284 2595
0.9998424033128087 4396 2738
0.999834781942318 4626 2853
0.9998275802994775 4908 2897
0.9998217703851613 5126 2942
0.9998150768336869 5364 3007
0.9998054010068029 5544 3265
0.9997949299064766 5947 3336
0.9997806149845113 6483 3448
0.9997647536975189 7154 3495
0.999749201683532 7378 3975
0.9997332299418948 7892 4184
0.9997210357491096 8162 4466
0.9997077811917345 8577 4651
0.9996922070868186 9084 4849
0.9996752191624494 9577 5125
0.999659379966386 10111 5308
0.9996418176778639 10898 5316
0.9996277457561171 10976 5875
0.9996152864721844 11338 6077
0.9995953162724058 12041 6278
0.999574351980824 12789 6479
0.9995538295078213 13596 6601
0.9995352731274961 14317 6720
0.9995135577443297 15192 6828
0.9994964593653157 15221 7573
0.9994782122579958 15622 7998
0.9994530065080539 16476 8285
0.9994259230291506 17261 8726
0.9993953050016139 18276 9097
0.9993645765194323 19236 9528
0.9993307553071966 20397 9898
0.9993024347362716 21180 10397
0.9992757488940894 22040 10745
0.9992453959577002 23107 11052
0.9992146232936607 24127 11425
0.9991713692547597 25841 11669
0.9991258619411048 26740 12830
0.9990897653631863 28006 13198
0.9990548396045026 29046 13739
0.9990074324709572 30735 14196
0.9989572418803631 32549 14654
0.9988987451004805 34919 14932
0.9988411761396141 36519 15938
0.9987774217186394 35743 19600
0.9987243813982095 37394 20350
0.998676024354719 38567 21366
0.9986244420356004 39850 22418
0.9985744723542959 41195 23335
0.9985155558467631 42806 24391
0.9984549383377005 44370 25571
0.998392089644813 46125 26661
0.99833487413881 47965 27411
0.9982809943630797 48711 29104
0.9982228510380605 50334 30113
0.9981570421606926 51687 31739
0.9980774264527255 48834 38196
0.9979965073799498 50660 40033
0.9979221272221459 53302 40758
0.9978459356081674 54291 43218
0.9977872400099241 55627 44539
0.9977187802210812 57189 46076
0.9976382587850268 59475 47435
0.9975446816099578 61798 49348
0.997464336901335 63551 51232
0.9973645300842996 67343 51958
0.9972933310202658 67697 54827
0.9971998642998416 70390 56365
0.9971110808563566 72488 58286
0.9969930269320014 75030 61088
0.9968652971807622 78781 63119
0.9967299460590324 82510 65517
0.9966086005862623 85266 68254
0.9965022548542553 87419 70915
0.9964096496800604 89069 73457
0.9963016250374525 91782 75634
0.9961704270103667 95093 78262
0.9960458120801108 97853 81143
0.9959049382261412 101336 84037
0.9957739611083452 103979 87323
0.9956581825496728 106448 90095
0.9955394217155908 109245 92674
0.9954328550742941 111628 95115
0.9952828134848067 115427 98108
0.995124929615539 119628 101054
0.9949589604662723 124092 104103
0.9947936761358035 127969 107708
0.9946581703775709 129046 112765
0.9945546081026125 133651 112848
0.994391820047116 140862 113006
0.9942362336344599 74518 186393
0.9940669508458495 76078 192496
0.9939013130605173 78276 197796
0.9937607042976953 77905 204532
0.9936135124380435 77766 211334
0.9934926971475685 77164 217405
0.9933920287843037 75462 223664
0.9932409268302262 76387 229579
0.9930930722427058 77604 235055
0.9929113743520206 80716 240168
0.9927311344626466 82507 246536
0.9925597309448562 84173 252629
0.9924415002930693 83769 258385
0.9922490220290523 86712 264155
0.9920552624911556 88873 270765
0.9918222031906415 93548 276640
0.9915989964444429 97784 282508
0.9913401570298339 103573 288436
0.9911362577555453 105666 295573
0.9909774902491192 105962 302464
0.9907718457914427 107880 309855
0.9905398026736607 110944 317295
0.9902982825473554 114524 324648
0.9900326170356982 119376 331822
0.9897965975507036 120638 341244
0.9895773671717176 121686 350120
0.9894230399420122 119801 358991
0.9892194720316579 120490 367517
0.9889537844290718 123039 376995
0.9886829717309672 119145 393148
0.988419979221714 123193 401005
0.9881657789021864 124436 411269
0.9879277270517276 125447 421034
0.9877276715990777 124672 430865
0.9875087725840261 124826 440620
0.9872460672568494 126603 450735
0.9869881777521857 128633 460379
0.9867076008634814 132906 468807
0.9864437247170699 133716 479942
0.9862388092600491 132058 490876
0.9860525606379984 130081 501284
0.9858585580998832 118102 522045
0.985592870497297 120994 531180
0.9853139725191936 124937 539862
0.985016473978907 126911 551355
0.9847299767212417 129103 562132
0.9844814758613856 130452 572032
0.9842861699584617 129641 581684
0.9840253423602465 130304 592828
0.9837276229106703 134233 602376
0.9834096902610969 139419 611582
0.9831003951647463 141574 623428
0.98277594569113 144575 635114
0.9825300957427489 143909 646909
0.9823607024994936 140796 657690
0.98211235627614 139243 670485
0.981786735983289 142369 682099
0.9814234064747055 147964 692951
0.9810820132585779 148815 707554
0.9807484623222307 151102 720366
0.9804742255301375 150837 733045
0.9802461587795681 148958 745248
0.9800357647721656 146962 756768
0.9797418449623702 150228 766807
0.9794119832111591 155900 776067
0.9790343166896813 158862 790201
0.9786688001791309 161385 804224
0.9783703517288991 161838 817281
0.9781370494281664 159448 830232
0.9778502649884246 171981 830681
0.9774893654820266 162252 856747
0.9770845271179297 169286 868039
0.9767238927026791 173839 879811
0.9763766674813065 174335 895033
0.9761122832435289 171610 909726
0.9759078758778742 166874 923715
0.97564914691791 163414 938887
0.9753330699063691 165535 951074
0.9750254758115484 169315 961218
0.9747323954570535 167224 976576
0.9744368409185152 165286 991893
0.9742215648158128 161983 1004941
0.9740755658663248 157077 1016456
0.9738635371301794 153492 1029639
0.973595242797976 153946 1041330
0.9733599302227082 155761 1050167
0.9731147209112667 154125 1062903
0.9728543572225596 153441 1075373
0.9726768124265187 150190 1086661
0.9725590456842399 145711 1096471
0.9723753154280905 143015 1107484
0.9721107323719523 146396 1116080
0.9718703830648818 156928 1116428
0.971623782024916 149557 1134962
0.9713618056983949 150856 1145522
0.9711747397119728 150173 1154673
0.9710500364180009 145953 1164538
0.97087567271573 142461 1175923
0.9706410449592598 144066 1184939
0.9704128014812586 146516 1192821
0.9701897493715628 145388 1204046
0.9699774997261277 144433 1214609
0.9698197704933627 142227 1223955
0.9697273420465995 137872 1232494
0.9696331242345907 133709 1240922
0.9694748648195307 133729 1248066
0.9692850374669887 135390 1254998
0.9690852691964152 134828 1264603
0.9689119437678054 133804 1273473
0.9687772332830153 132176 1281199
0.9686572353569117 130491 1288316
0.9685307426976943 128576 1295957
0.9683531979016533 130391 1302179
0.9681867869338076 132589 1307514
0.9680182552367818 133752 1313980
0.9678658499178957 133164 1321467
0.9677509549963816 131415 1328417
0.967678540931255 128648 1334462
0.9676078720495161 125725 1340584
0.9675281237959753 124323 1345596
0.9674109755997075 123512 1351710
0.9672564716425703 123598 1358618
0.9670993609558162 123930 1365398
0.966982853396488 123774 1370828
0.966904253871253 122077 1376083
0.9667924295888641 122061 1381161
0.9666382128138036 124699 1385504
0.9664870445869392 127767 1389279
0.966325206441388 130282 1394090
0.9661705257568192 132947 1398427
0.9660425088235036 132789 1404380
0.9659515825599096 131126 1410159
0.9658222843527144 130740 1416398
0.9656424421000618 133299 1421980
0.9654527693840225 137274 1426591
0.9654527693840225 137274 1426591
0.9652166394443831 147855 1426699
0.9651346158251595 133539 1444728
0.9650234984524972 132721 1450576
0.9648640903091315 132965 1457548
0.9646067309867628 138260 1463903
0.9643468312075637 144089 1469839
0.9640908857046484 155593 1469921
0.964000754714497 159599 1469995
0.9638849982467534 144367 1490467
0.9637550152207605 144276 1496442
0.9635733836028622 147223 1501717
0.9632687496925219 152329 1510401
0.9629718255163882 158147 1518024
0.9626661975142448 161090 1528916
0.9623713719763621 164183 1539169
0.9621271125748658 165662 1548747
0.9619546266015565 165972 1556245
0.9617623471559 167552 1563369
0.9614578678820624 171995 1572709
0.9611767608110632 176023 1581406
0.960883260728918 176100 1594615
0.9606108353929995 175857 1607190
0.9604135192155405 173580 1618399
0.9602530507075846 170371 1628872
0.9600722364540577 166828 1640600
0.9598040304855703 169130 1650439
0.9595364651540227 171692 1659989
0.9592847169276095 170967 1672110
0.9590471731685167 170429 1683401
0.9588624488205642 168787 1693405
0.9587513093569731 164247 1702976
0.9585839042973241 161240 1713561
0.9583539598177931 163402 1721808
0.958114427875094 166055 1729998
0.9579052046869264 164777 1740747
0.9576878741278307 164128 1751234
0.957535402536158 161465 1760799
0.9574255001645885 157615 1769624
0.9572793907604558 155605 1778248
0.9570652192042013 156354 1787194
0.9568620710214971 158997 1793747
0.9566656605721254 158230 1803405
0.9564806711330254 157262 1812747
0.9563331037275814 155520 1821169
0.9562522951094505 152211 1828136
0.9561384384615974 149925 1835576
0.9559662617612934 151408 1841887
0.9557953000620821 153240 1847794
0.9556337932804652 152211 1856134
0.9554758210474816 151307 1864189
0.9553420162907789 150400 1871153
0.9552482402973492 148444 1877354
0.9551762459598728 145288 1883769
0.9550878159712513 144337 1888723
0.9549538565780458 145630 1893494
0.9547843970620037 146487 1900308
0.9546101879962354 148036 1906645
0.954478879514505 148070 1912555
0.9543969442589972 146635 1917699
0.954277277696828 146179 1923572
0.9541121038210039 147820 1929408
0.953931333749335 151193 1934218
0.9537494370402891 155118 1938527
0.9536371488483921 154007 1944721
0.9535163335579171 153164 1951033
