0.9999996626430099 1 0
0.9999996626430099 1 0
0.9999996626430099 1 0
0.9999996626430099 1 0
0.9999996626430099 1 0
0.9999996626430099 1 0
0.9999996626430099 1 0
0.9999996626430099 1 0
0.9999996626430099 1 0
0.9999996626430099 1 0
0.9999996626430099 1 0
0.9999986505720394 4 0
0.9999973011440788 8 0
0.9999939275741773 18 0
0.999991228718256 26 0
0.9999824574365119 52 0
0.9999736861547679 77 1
0.999971662012827 83 1
0.9999612039461322 114 1
0.999954119449339 135 1
0.9999460228815752 159 1
0.99993455274391 192 2
0.9999207211073136 233 2
0.9999159981094514 235 14
0.9999106003976089 249 16
0.9999021664728551 271 19
0.9998890095502391 300 29
0.999862695705007 376 31
0.9998569606361744 391 33
0.9998373939307453 449 33
0.9998205260812376 499 33
0.9998073691586216 536 35
0.9997763323155273 623 40
0.999751705255246 686 50
0.9997402351175807 720 50
0.9997226925540926 758 64
0.999718981627201 763 70
0.9997122344873979 758 95
0.9997027884916735 758 123
0.9996892942120673 773 148
0.9996838965002248 776 161
0.9996737757905202 781 186
0.9996582573689731 803 210
0.999649486087229 814 225
0.9996400400915048 786 281
0.9996251963839379 797 314
0.9996090032484105 783 376
0.999594834254824 780 421
0.9995789784762866 705 543
0.99956447212571 726 565
0.9995482789901826 737 602
0.999527362856793 768 633
0.9995030731535018 816 657
0.9994862053039941 840 683
0.9994615782437127 841 755
0.9994342523275103 846 831
0.9994109746951896 885 861
0.9993900585618 931 877
0.9993701544993808 971 896
0.9993482262950207 1002 930
0.99930302045834 1105 961
0.9992753571851473 1138 1010
0.9992331875613779 1230 1043
0.9991950662214903 1316 1070
0.9991542460256816 1397 1110
0.9991164620427843 1468 1151
0.9990614728533891 1607 1175
0.9990270624403932 1657 1227
0.9989781456768208 1768 1261
0.9989288915562582 1864 1311
0.9988823362916168 1943 1370
0.9988556850893946 1987 1405
0.9988064309688319 2061 1477
0.998745706710604 2170 1548
0.9986978020180021 2239 1621
0.9986357283318136 2326 1718
0.9985551000111665 2437 1846
0.9984913395400272 2487 1985
0.9983729272364829 2743 2080
0.9982993834126291 2813 2228
0.9982217913048934 2785 2486
0.9981087767131915 2955 2651
0.9980001477623617 2980 2948
0.9978739762480437 3289 3013
0.9977528650885782 3516 3145
0.9976003797290282 3881 3232
0.9975028835588734 4091 3311
0.9973773867585357 4421 3353
0.9972282749688872 4816 3400
0.997073090753416 5259 3417
0.9969884141488871 5483 3444
0.9968686524173821 5765 3517
0.9967978074494496 5951 3541
0.9966233938855394 6424 3585
0.9964496550356097 6900 3624
0.9962145172134718 7577 3644
0.9960134524473394 8121 3696
0.9958289181737247 8454 3910
0.9955705027192661 8916 4214
0.9955047181061858 9015 4310
0.9953866431596315 9007 4668
0.9952422543678453 8650 5453
0.9950513103114176 8958 5711
0.9948448478334428 9384 5897
0.9946009387295608 9659 6345
0.9943772710450881 10184 6483
0.9942433403199966 10503 6561
0.9940999635991807 10625 6864
0.9939164413965365 10917 7116
0.9936920989980835 10829 7869
0.9935372521396024 10572 8585
0.993351368438027 10522 9186
0.9931624485235403 10916 9352
0.9930544942866907 11097 9491
0.992913479064806 10490 10516
0.9926736182448058 10534 11183
0.9924135160053964 10756 11732
0.9921574620498688 10688 12559
0.9919341317223862 10577 13332
0.9916858369776322 11103 13542
0.9915232309083776 11397 13730
0.9913832277574632 11051 14491
0.9912067900516123 11049 15016
0.9910067373564504 11163 15495
0.9907834070289678 11367 15953
0.990587739974678 11488 16412
0.9903495659396286 11982 16624
0.9902382381328775 12143 16793
0.9901205005433135 11875 17410
0.9899400145535806 11872 17948
0.9897625647767591 11811 18535
0.9895746569332428 11648 19255
0.989409689365057 11414 19978
0.9892150343817376 11771 20198
0.9891536354095295 11713 20438
0.9890392713898669 11180 21310
0.9888655325399371 11065 21940
0.9886786367673913 11021 22538
0.9885295249777428 10889 23112
0.9883740034052815 10708 23754
0.9882340002543671 10942 23935
0.9881989151273911 10829 24152
0.9881068166690787 10386 24868
0.9879587169504007 10249 25444
0.9878004965220181 10230 25932
0.9876483485194583 10187 26426
0.9875191407922289 10053 26943
0.9874108491983892 10134 27183
0.9873862221381079 10014 27376
0.9873055938174609 9553 28076
0.9872016878644931 9390 28547
0.987114312404043 9102 29094
0.9869948880295282 8815 29735
0.9868967171453931 8535 30306
0.9868262095344508 8546 30504
0.9868086669709627 8479 30623
0.9867425450008923 8158 31140
0.9866453861877277 7966 31620
0.9865667820090216 7491 32328
0.9865107807486558 7200 32785
0.9864433093506249 7005 33180
0.9863674040278401 7099 33311
0.9863596448170665 7021 33412
0.9863056676986417 6633 33960
0.9862378589436206 6496 34298
0.9861606041928751 6317 34706
0.9860674936635924 6321 34978
0.986001371693522 6194 35301
0.985944695719176 6261 35402
0.98593187615355 6222 35479
0.9858829593899776 6032 35814
0.9858121144220451 5997 36059
0.9857233895336344 6007 36312
0.9856700871291898 5942 36535
0.9856231945075583 5859 36757
0.985563819677291 5949 36843
0.9855526868966159 5922 36903
0.9855152402707087 5603 37333
0.9854710465049985 5480 37587
0.985402563035997 5418 37852
0.9853415014207789 5318 38133
0.9852824639475019 5191 38435
0.9852406316807226 5223 38527
0.9852301736140279 5180 38601
0.9851974499859828 4641 39237
0.9851309906589223 4560 39515
0.9850648686888519 4529 39742
0.9850007708607225 4313 40148
0.9849373477465734 3931 40718
0.9848921419098926 3797 40986
0.984871225776503 3824 41021
0.9848347912215663 3458 41495
0.9847676571805255 3224 41928
0.9847089570642386 3187 42139
0.9846492448769811 3160 42343
0.9845912194746744 3159 42516
0.9845281337175155 3287 42575
0.9844920365195688 3357 42612
0.9844414329710457 3258 42861
0.9843547322245758 3384 42992
0.9842552119124801 3515 43156
0.9841745835918331 3615 43295
0.9840922684862353 3675 43479
0.9839988205999625 3893 43538
0.9839580004041537 3979 43573
0.9839192043502859 4053 43614
0.9838483593823534 3909 43968
0.9837221878680353 4040 44211
0.9835899439278947 4295 44348
0.9834452177791182 4548 44524
0.9833345646863474 4836 44564
0.9832758645700604 4952 44622
0.9831655488342798 5094 44807
0.9830110393327889 5399 44960
0.9828453970506228 5668 45182
0.9826659231318604 6010 45372
0.9824827382862062 6370 45555
0.9822901074448278 6847 45649
0.9822290458296098 6983 45694
0.9820920788916069 7161 45922
0.9818653749942228 7650 46105
0.9816231526752915 8157 46316
0.9814160154833365 8549 46538
0.9811970707967259 8949 46787
0.9809558605487652 9607 46844
0.9808310384624078 9904 46917
0.9805797075047424 10216 47350
0.9802227838091585 10872 47752
0.9797602673756561 11830 48165
0.9792660393850792 12863 48597
0.9787465096202406 14008 48992
0.9781750268789182 15509 49185
0.9779166114244595 16161 49299
0.9775003128986084 16859 49835
0.976880925464684 18190 50340
0.9761029802453868 19918 50918
0.9752683590517435 21889 51421
0.9745217880325306 23665 51858
0.9737411439573121 25749 52088
0.9734128956058915 26452 52358
0.9728731244216436 27374 53036
0.9721171074067064 28900 53751
0.9713131856991672 30505 54529
0.9705042036367758 31816 55616
0.969700956643217 33155 56658
0.9688774682302489 35064 57190
0.9684746639840038 35591 57857
0.9680266539010781 35764 59012
0.9672257684064504 36891 60259
0.9664117259892065 37952 61611
0.9656661670409642 38485 63288
0.9648308711333407 39458 64791
0.9640971196797538 40686 65738
0.9637455936960123 40976 66490
0.9633336808110332 40243 68444
0.9627058594523549 40576 69972
0.9619866143493446 40882 71798
0.9614120953951109 40570 73813
0.9609155059056028 40012 75843
0.9604155428461932 40590 76747
0.9602303338585981 40233 77653
0.9598983745802857 38716 80154
0.9593623143229296 38551 81908
0.9588495316978941 31721 90258
0.9582871575953059 30992 92654
0.9578846907060511 30079 94760
0.9574174512746865 30182 96042
0.9572538331344614 29634 97075
0.9569795619014655 26576 100946
0.9564522729258533 26132 102953
0.9558500906984269 25747 105123
0.9553521517809581 25107 107239
0.9549311302572449 24994 108600
0.954535073150803 25262 109506
0.9544149740623078 24518 110606
0.9541305821196072 23409 112558
0.9537041628840515 23208 114023
0.9532733580076236 23026 115482
0.9528739273312802 22425 117267
0.952446496024754 22584 118375
0.9521165608883824 22815 119122
0.9519792565933893 22351 119993
0.9517822401111389 21409 121519
0.9513983278563426 21141 122925
0.9510022707499007 20942 124298
0.950638937271504 20398 125919
0.9503032670662998 20329 126983
0.9499615244352728 20670 127655
0.9498410879897875 20213 128469
0.9496933256280997 19139 129981
0.9493229076529096 18968 131250
0.9489268505464677 18821 132571
0.9486363861779443 18444 133809
0.9483260177470019 18626 134547
0.9481060609894209 18663 135162
0.9480250953117837 18233 135832
0.9478439346080705 17343 137259
0.9475612294503206 17111 138329
0.9473244048432319 16662 139480
0.9471149061523457 16215 140548
0.9469172149561149 15928 141421
0.9467535968158898 15953 141881
0.9467151381190121 15498 142450
0.9465977378864382 14557 143739
0.9464013961181681 14227 144651
0.9462222595563958 13785 145624
0.9461112691066348 13555 146183
0.9460910276872255 13322 146476
0.94601377293648 13086 146941
0.9459486630373801 12525 147695
0.94583935937257 11907 148637
0.9457351160626121 11387 149466
0.945667307307591 10765 150289
0.945545521434145 10546 150869
0.9454176631348763 9979 151815
0.9453039738291942 9890 152241
0.9452510087817398 9484 152804
0.9451312470502348 9100 153543
0.9449676289100097 8931 154197
0.9448164929784203 8764 154812
0.9446828996103189 8678 155294
0.9445941747219082 8633 155602
0.9444757624183638 8822 155764
0.9444454002892498 8614 156062
0.9443657840395733 8405 156507
0.9442615407296154 8348 156873
0.944157972133638 8461 157067
0.9440962358044396 8422 157289
0.9440294391203888 8340 157569
0.9439865947826392 8289 157747
0.9439670280772102 8115 157979
0.9439204728125689 7776 158456
0.9438546881994886 7318 159109
0.9437730478078712 6957 159712
0.943753143745452 6749 159979
0.9436947809861552 6516 160385
0.9436526113623859 6427 160599
0.9436316952289963 6204 160884
0.9435834531794041 5807 161424
0.9435193553512746 5632 161789
0.9434697638737218 5416 162152
0.9434164614692774 5267 162459
0.9433452791443547 5246 162691
0.9432943382388413 5251 162837
0.9432643134667176 5178 162999
0.9432228185569285 5005 163295
0.9431566965868581 4961 163535
0.9430959723286303 4871 163805
0.9430440193521464 4854 163976
0.9429792468100366 4940 164082
0.9429303300464642 5011 164156
0.9429006426313306 5003 164252
0.9428547620806694 4893 164498
0.9427852665406976 4966 164631
0.9427100359318931 5087 164733
0.9426456007467734 5063 164948
0.9425703701379688 5172 165062
0.9425136941636229 5244 165158
0.9424786090366467 5241 165265
0.9424226077762811 5172 165500
0.9423305093179688 5253 165692
0.9422353746467451 5064 166163
0.9421399026185312 5162 166348
0.9420444305903174 5294 166499
