1 0
1 0
1 0
1 0
1 0
1 0
1 0
1 0
1 0
1 0
1 0
4 0
8 0
18 0
26 0
52 0
77 1
83 1
114 1
135 1
159 1
192 2
233 2
235 14
249 16
271 19
300 29
376 31
391 33
449 33
499 33
536 35
623 40
686 50
720 50
758 64
763 70
758 95
758 123
773 148
776 161
781 186
803 210
814 225
786 281
797 314
783 376
780 421
705 543
726 565
737 602
768 633
816 657
840 683
841 755
846 831
885 861
931 877
971 896
1002 930
1105 961
1138 1010
1230 1043
1316 1070
1397 1110
1468 1151
1607 1175
1657 1227
1768 1261
1864 1311
1943 1370
1987 1405
2061 1477
2170 1548
2239 1621
2326 1718
2437 1846
2487 1985
2743 2080
2813 2228
2785 2486
2955 2651
2980 2948
3289 3013
3516 3145
3881 3232
4091 3311
4421 3353
4816 3400
5259 3417
5483 3444
5765 3517
5951 3541
6424 3585
6900 3624
7577 3644
8121 3696
8454 3910
8916 4214
9015 4310
9007 4668
8650 5453
8958 5711
9384 5897
9659 6345
10184 6483
10503 6561
10625 6864
10917 7116
10829 7869
10572 8585
10522 9186
10916 9352
11097 9491
10490 10516
10534 11183
10756 11732
10688 12559
10577 13332
11103 13542
11397 13730
11051 14491
11049 15016
11163 15495
11367 15953
11488 16412
11982 16624
12143 16793
11875 17410
11872 17948
11811 18535
11648 19255
11414 19978
11771 20198
11713 20438
11180 21310
11065 21940
11021 22538
10889 23112
10708 23754
10942 23935
10829 24152
10386 24868
10249 25444
10230 25932
10187 26426
10053 26943
10134 27183
10014 27376
9553 28076
9390 28547
9102 29094
8815 29735
8535 30306
8546 30504
8479 30623
8158 31140
7966 31620
7491 32328
7200 32785
7005 33180
7099 33311
7021 33412
6633 33960
6496 34298
6317 34706
6321 34978
6194 35301
6261 35402
6222 35479
6032 35814
5997 36059
6007 36312
5942 36535
5859 36757
5949 36843
5922 36903
5603 37333
5480 37587
5418 37852
5318 38133
5191 38435
5223 38527
5180 38601
4641 39237
4560 39515
4529 39742
4313 40148
3931 40718
3797 40986
3824 41021
3458 41495
3224 41928
3187 42139
3160 42343
3159 42516
3287 42575
3357 42612
3258 42861
3384 42992
3515 43156
3615 43295
3675 43479
3893 43538
3979 43573
4053 43614
3909 43968
4040 44211
4295 44348
4548 44524
4836 44564
4952 44622
5094 44807
5399 44960
5668 45182
6010 45372
6370 45555
6847 45649
6983 45694
7161 45922
7650 46105
8157 46316
8549 46538
8949 46787
9607 46844
9904 46917
10216 47350
10872 47752
11830 48165
12863 48597
14008 48992
15509 49185
16161 49299
16859 49835
18190 50340
19918 50918
21889 51421
23665 51858
25749 52088
26452 52358
27374 53036
28900 53751
30505 54529
31816 55616
33155 56658
35064 57190
35591 57857
35764 59012
36891 60259
37952 61611
38485 63288
39458 64791
40686 65738
40976 66490
40243 68444
40576 69972
40882 71798
40570 73813
40012 75843
40590 76747
40233 77653
38716 80154
38551 81908
31721 90258
30992 92654
30079 94760
30182 96042
29634 97075
26576 100946
26132 102953
25747 105123
25107 107239
24994 108600
25262 109506
24518 110606
23409 112558
23208 114023
23026 115482
22425 117267
22584 118375
22815 119122
22351 119993
21409 121519
21141 122925
20942 124298
20398 125919
20329 126983
20670 127655
20213 128469
19139 129981
18968 131250
18821 132571
18444 133809
18626 134547
18663 135162
18233 135832
17343 137259
17111 138329
16662 139480
16215 140548
15928 141421
15953 141881
15498 142450
14557 143739
14227 144651
13785 145624
13555 146183
13322 146476
13086 146941
12525 147695
11907 148637
11387 149466
10765 150289
10546 150869
9979 151815
9890 152241
9484 152804
9100 153543
8931 154197
8764 154812
8678 155294
8633 155602
8822 155764
8614 156062
8405 156507
8348 156873
8461 157067
8422 157289
8340 157569
8289 157747
8115 157979
7776 158456
7318 159109
6957 159712
6749 159979
6516 160385
6427 160599
6204 160884
5807 161424
5632 161789
5416 162152
5267 162459
5246 162691
5251 162837
5178 162999
5005 163295
4961 163535
4871 163805
4854 163976
4940 164082
5011 164156
5003 164252
4893 164498
4966 164631
5087 164733
5063 164948
5172 165062
5244 165158
5241 165265
5172 165500
5253 165692
5064 166163
5162 166348
5294 166499
