14 0
18 0
21 0
29 0
41 0
55 0
79 0
104 0
129 2
178 4
242 4
297 5
497 7
648 7
853 7
1009 9
1328 4
1633 13
1998 15
2373 15
2797 17
3557 25
4444 30
5246 37
5549 39
6748 161
7374 283
7978 293
8223 565
8874 744
8957 1223
9129 1582
9222 1907
9334 2190
9088 2693
8849 3202
8614 3683
8350 4289
8157 4785
7709 5535
7172 6383
6865 6941
6608 7337
6330 7711
6209 8017
5845 8491
5080 9396
4460 10135
4014 10657
3796 10953
3694 11101
3411 11462
3087 11838
2786 12216
2669 12402
2509 12639
2401 12824
2363 12911
2208 13149
2043 13359
1961 13491
1832 13699
1782 13776
1771 13826
1705 13916
1582 14068
1437 14247
1445 14307
1324 14450
1290 14543
1262 14609
1201 14681
1190 14771
1069 14928
1027 15031
1010 15099
1048 15153
1050 15192
1026 15243
1011 15310
838 15515
820 15584
796 15640
810 15676
800 15703
760 15779
732 15825
718 15873
674 15954
640 16015
497 16188
470 16261
469 16264
461 16298
429 16342
418 16387
429 16414
437 16461
437 16465
457 16511
432 16547
422 16583
411 16623
404 16660
389 16689
373 16736
391 16744
419 16770
417 16786
434 16789
442 16829
460 16863
454 16887
449 16931
454 16954
474 16975
459 17018
476 17046
509 17071
551 17103
600 17123
583 17183
677 17196
722 17219
787 17263
853 17312
959 17321
1012 17353
1029 17392
1086 17427
1151 17464
1195 17514
1213 17570
1237 17660
1240 17708
1239 17782
1269 17885
1315 17955
1393 18046
1361 18212
1345 18310
1373 18370
1401 18426
1369 18560
1445 18654
1461 18753
1502 18836
1551 18921
1599 18959
1585 19092
1606 19244
1609 19346
1654 19476
1583 19629
1602 19702
1604 19781
1426 20055
1383 20183
1381 20315
1427 20410
1386 20533
1389 20644
1373 20733
1399 20846
1447 20992
1523 21071
1652 21224
1824 21355
1961 21409
2040 21494
2230 21599
2397 21687
2609 21822
2772 21990
2924 22138
2963 22290
3105 22390
3085 22621
3155 22878
3311 23050
3263 23327
3386 23599
3363 23803
3479 23959
3343 24299
3415 24554
3466 24906
3481 25248
3524 25563
3492 25779
3515 26046
3705 26376
4072 26511
4456 26791
4820 27007
5363 27333
5643 27516
5774 27767
6194 28111
6660 28413
7051 28802
7447 29214
7748 29726
8100 29995
8375 30283
8220 31083
8258 31726
8372 32444
8413 33087
8273 33941
8500 34376
8590 34842
8329 35712
8370 36443
8408 37278
8385 37989
8578 38854
8704 39442
9020 39876
9207 40612
9519 41329
9930 42127
10307 42881
10742 43681
11020 44299
11378 44920
11516 45810
11954 46718
12549 47675
12887 48500
13474 49660
14352 50454
14664 51263
15130 52321
15867 53542
16933 54911
18266 56149
20273 57756
21974 58837
23239 60028
24789 61313
26785 62711
29527 64422
33507 66069
36590 68335
39415 70466
41166 72850
42714 75484
46836 78263
50643 81872
53932 85047
57570 89650
60023 93130
62665 96081
64704 100162
67057 105323
72159 109483
76839 114389
77130 121161
76453 127503
77055 131558
76165 138432
76896 144792
77026 151657
76644 158707
76883 165079
75540 171648
72347 177986
69513 185197
68786 191726
66923 199115
64855 206137
61946 213715
59605 220103
57580 224876
54667 230822
52358 237103
51765 241665
49819 247426
47491 253198
46825 256605
44985 260708
41754 266316
41131 269871
39860 273828
38789 277792
37524 282298
36884 285579
36347 288704
35281 292398
34537 295806
33531 299297
32362 302551
31389 305820
30290 308564
29280 311093
27091 315135
25782 318575
25507 321697
25118 323937
23888 326596
23009 328883
20785 332699
20319 335033
20763 337139
21641 339174
21749 341162
21105 343197
20613 345155
20780 346630
20225 349496
20691 351499
21261 353469
20937 355856
21002 358069
20250 360472
19981 362277
19452 364381
19190 366560
19408 369852
18587 372201
17673 374838
17478 376300
16952 377987
16136 380289
16035 382061
16150 383648
16148 385738
15875 387637
15642 389072
15072 390651
14699 392441
14866 393915
14836 395394
14596 397134
14429 398779
14180 400218
13997 401525
13600 403163
13672 404611
13955 405846
13887 407302
13677 408845
13774 410065
13562 411334
13346 412747
13527 414035
13846 415293
14274 416596
14231 418072
14077 419410
14034 420678
13971 422168
14363 423511
15098 424743
15657 426002
15885 427651
16479 428895
16436 430208
16923 431448
17558 432818
18488 434279
19088 435772
19875 437442
