0.9999984470949084 14 0
0.9999980034077393 18 0
0.9999976706423626 21 0
0.9999967832680244 29 0
0.9999954522065173 41 0
0.9999938993014257 55 0
0.9999912371784114 79 0
0.9999884641336049 104 0
0.9999854692452138 129 2
0.9999798122338085 178 4
0.9999727132391037 242 4
0.9999665016187371 297 5
0.9999440954167005 497 7
0.999927346226069 648 7
0.9999046072586555 853 7
0.9998870816154783 1009 9
0.9998522521727083 1328 4
0.9998174227299383 1633 13
0.9997767144321786 1998 15
0.9997351187600807 2373 15
0.9996878660765776 2797 17
0.999602678140121 3557 25
0.9995037359014243 4444 30
0.9994140001714851 5246 37
0.9993801690248455 5549 39
0.9992336413372687 6748 161
0.9991506718366575 7374 283
0.9990825658562092 7978 293
0.9990252192896103 8223 565
0.9989331542020337 8874 744
0.9988708161547829 8957 1223
0.9988119166830923 9129 1582
0.9987655513739272 9222 1907
0.9987217372659841 9334 2190
0.998693230365373 9088 2693
0.9986632814814626 8849 3202
0.9986359947205664 8614 3683
0.9985980594676132 8350 4289
0.998564450164558 8157 4785
0.9985309517832952 7709 5535
0.998496455105902 7172 6383
0.9984686137360446 6865 6941
0.9984531956069203 6608 7337
0.9984425471148631 6330 7711
0.9984220265832949 6209 8017
0.9984098251861462 5845 8491
0.9983942961352297 5080 9396
0.9983810964419506 4460 10135
0.9983726663857387 4014 10657
0.9983640144859424 3796 10953
0.9983589120834984 3694 11101
0.998350260183702 3411 11462
0.9983444922505045 3087 11838
0.9983359512725003 2786 12216
0.9983282976688344 2669 12402
0.9983197566908303 2509 12639
0.9983112157128261 2401 12824
0.9983057805450054 2363 12911
0.9982965740362477 2208 13149
0.9982915825555959 2043 13359
0.9982860364659829 1961 13491
0.9982772736443942 1832 13699
0.9982742787560033 1782 13776
0.9982699528061051 1771 13826
0.9982672906830908 1705 13916
0.9982640739511152 1582 14068
0.9982603026101783 1437 14247
0.9982527599283046 1445 14307
0.9982503196488749 1324 14450
0.9982437752631315 1290 14543
0.9982395602350256 1262 14609
0.9982383400953107 1201 14681
0.9982295772737221 1190 14771
0.9982255840892006 1069 14928
0.9982188178598728 1027 15031
0.9982131608484675 1010 15099
0.9982029560435794 1048 15153
0.9981984082500966 1050 15192
0.9981954133617057 1026 15243
0.9981896454285081 1011 15310
0.9981860959311557 838 15515
0.9981804389197504 820 15584
0.998176889422398 796 15640
0.998171343332785 810 15676
0.9981694576623166 800 15703
0.9981654644777952 760 15779
0.9981634678855345 732 15825
0.9981596965445976 718 15873
0.998155592438284 674 15954
0.9981525975498929 640 16015
0.9981492698961251 497 16188
0.9981441674936811 470 16261
0.9981439456500966 469 16264
0.9981410616834978 461 16298
0.9981397306219906 429 16342
0.9981359592810537 418 16387
0.9981317442529478 429 16414
0.9981256435543735 437 16461
0.9981251998672044 437 16465
0.9981178790289152 457 16511
0.9981166588892003 432 16547
0.9981137749226016 422 16583
0.998110558190626 411 16623
0.9981072305368581 404 16660
0.9981056776317665 389 16689
0.9981022390562064 373 16736
0.9980993550896076 391 16744
0.9980933653128256 419 16770
0.9980918124077338 417 16786
0.9980895939718887 434 16789
0.9980842697258601 442 16829
0.9980785017926626 460 16863
0.9980765052004018 454 16887
0.9980721792505036 449 16931
0.9980690734403204 454 16954
0.9980645256468377 474 16975
0.9980614198366543 459 17018
0.9980564283560026 476 17046
0.9980499948920515 509 17071
0.9980417866794241 551 17103
0.9980341330757582 600 17123
0.9980293634386909 583 17183
0.998017494806919 677 17196
0.9980099521250453 722 17219
0.9979978616496888 787 17263
0.9979851056435788 853 17312
0.9979723496374687 959 17321
0.9979629212851265 1012 17353
0.9979567096647599 1029 17392
0.9979465048598719 1086 17427
0.9979351908370613 1151 17464
0.9979247641885888 1195 17514
0.9979165559759615 1213 17570
0.9979039108916438 1237 17660
0.9978982538802385 1240 17708
0.9978901565894034 1239 17782
0.9978754039910326 1269 17885
0.9978625370631303 1315 17955
0.9978437912802383 1393 18046
0.9978289277600753 1361 18212
0.9978198321731099 1345 18310
0.9978100710553909 1373 18370
0.997800753624841 1401 18426
0.9977894396020304 1369 18560
0.997770582897346 1445 18654
0.9977578268912359 1461 18753
0.9977440725889956 1502 18836
0.9977292090688327 1551 18921
0.9977196697946982 1599 18959
0.9977064701014191 1585 19092
0.9976872806313579 1606 19244
0.9976756338431706 1609 19346
0.9976562225295249 1654 19476
0.9976471269425595 1583 19629
0.9976369221376715 1602 19702
0.9976279374724983 1604 19781
0.9976172889804412 1426 20055
0.997607860628099 1383 20183
0.9975934407951051 1381 20315
0.9975778008223963 1427 20410
0.997568705235431 1386 20533
0.9975560601511132 1389 20644
0.9975479628602781 1373 20733
0.9975325447311538 1399 20846
0.9975110259034552 1447 20992
0.9974938330256548 1523 21071
0.9974625530802371 1652 21224
0.997428943777182 1824 21355
0.9974077577148602 1961 21409
0.9973895665409295 2040 21494
0.9973568446122124 2230 21599
0.9973285595551858 2397 21687
0.9972900696932713 2609 21822
0.997253354580033 2772 21990
0.9972200780423546 2924 22138
0.9971988919800328 2963 22290
0.9971720489063056 3105 22390
0.9971486444081386 3085 22621
0.9971123729820691 3155 22878
0.9970759906342076 3311 23050
0.9970505895437798 3263 23327
0.9970067754358367 3386 23599
0.9969866985914374 3363 23803
0.9969565278639424 3479 23959
0.9969338998183211 3343 24299
0.9968976283922518 3415 24554
0.9968529269099706 3466 24906
0.9968133278301334 3481 25248
0.996773617828504 3524 25563
0.996753208218728 3492 25779
0.9967210408989723 3515 26046
0.9966633615669966 3705 26376
0.9966076788272815 4072 26511
0.9965340267572202 4456 26791
0.9964696921177089 4820 27007
0.996373301080234 5363 27333
0.9963219442904172 5643 27516
0.9962795721657735 5774 27767
0.9961948279164861 6194 28111
0.9961096399800297 6660 28413
0.996023120982066 7051 28802
0.9959334961739191 7447 29214
0.9958433167568109 7748 29726
0.9957744343238168 8100 29995
0.9957119853547739 8375 30283
0.9956404407987656 8220 31083
0.9955649030582359 8258 31726
0.9954726161270747 8372 32444
0.9953967456211681 8413 33087
0.9953175474614938 8273 33941
0.9952441172350169 8500 34376
0.9951824447185199 8590 34842
0.995114893347033 8329 35712
0.9950292617234074 8370 36443
0.9949324269987636 8408 37278
0.994856112805688 8385 37989
0.9947387575494758 8578 38854
0.9946595593898014 8704 39442
0.9945763680456057 9020 39876
0.9944739872313488 9207 40612
0.9943598487071122 9519 41329
0.9942257442602687 9930 42127
0.9941002917132215 10307 42881
0.9939633032997791 10742 43681
0.9938639173739132 11020 44299
0.9937553249392898 11378 44920
0.9936412973368454 11516 45810
0.9934919966044621 11954 46718
0.993319845982873 12549 47675
0.9931908439384735 12887 48500
0.9929970635673935 13474 49660
0.9928116023307331 14352 50454
0.9926872590016085 14664 51263
0.9925182141902027 15130 52321
0.9923010293209557 15867 53542
0.9920309347568 16933 54911
0.991745754828897 18266 56149
0.9913448834716657 20273 57756
0.9910362990455956 21974 58837
0.9907638751238026 23239 60028
0.9904494118427426 24789 61313
0.9900729432798088 26785 62711
0.9895790085388705 29527 64422
0.9889548516138178 33507 66069
0.9883615309470136 36590 68335
0.9878118025445681 39415 70466
0.9873531409335689 41166 72850
0.9868892659983333 42714 75484
0.98612379470994 46836 78263
0.9853011986985324 50643 81872
0.9845842002333572 53932 85047
0.9836700937433343 57570 89650
0.9830119947498497 60023 93130
0.9823916091657339 62665 96081
0.9817127677970965 64704 100162
0.9808793014500473 67057 105323
0.9798519438101259 72159 109483
0.9787886475095118 76839 114389
0.9780052068907723 77130 121161
0.9773768349376137 76453 127503
0.9768602721510542 77055 131558
0.9761965161461643 76165 138432
0.9754099697172415 76896 144792
0.9746340717803758 77026 151657
0.9738944452695794 76644 158707
0.9731611413009418 76883 165079
0.9725814640145858 75540 171648
0.9722326149779249 72347 177986
0.9717471102931985 69513 185197
0.9711035420545001 68786 191726
0.9704905882304657 66923 199115
0.9699410816716048 64855 206137
0.9694231878235381 61946 213715
0.9689742873302578 59605 220103
0.9686694742451245 57580 224876
0.9683330484491969 54667 230822
0.9678924670903362 52358 237103
0.9674522184968523 51765 241665
0.9670290518593765 49819 247426
0.9666470372068295 47491 253198
0.9663430005742422 46825 256605
0.9660919845583554 44985 260708
0.9658283234581511 41754 266316
0.9655031007632418 41131 269871
0.9652051648292287 39860 273828
0.9648842680842176 38789 277792
0.9645247705554997 37524 282298
0.9642318261021383 36884 285579
0.9639447605037669 36347 288704
0.9636532580337049 35281 292398
0.9633577623791216 34537 295806
0.963082121725353 33531 299297
0.9628508497884888 32362 302551
0.9625961733534575 31389 305820
0.9624137070051881 30290 308564
0.9622452168027437 29280 311093
0.962039678721684 27091 315135
0.9618033043823758 25782 318575
0.9614875100398087 25507 321697
0.9612821938023336 25118 323937
0.9611236865611926 23888 326596
0.9609675086776891 23009 328883
0.9607909211844096 20785 332699
0.960583719276466 20319 335033
0.9603008687062005 20763 337139
0.9599777535253441 21641 339174
0.959745261448765 21749 341162
0.95959096923573 21105 343197
0.9594283578882754 20613 345155
0.9592462243053828 20780 346630
0.9589898840434676 20225 349496
0.9587160181383751 20691 351499
0.9584342767860322 21261 353469
0.9582054451285977 20937 355856
0.9579527652858272 21002 358069
0.9577696334068042 20250 360472
0.9575992575338913 19981 362277
0.9574245557110802 19452 364381
0.9572119186353159 19190 366560
0.9568225831444798 19408 369852
0.9566530946459049 18587 372201
0.9564619763978393 17673 374838
0.9563214384870445 17478 376300
0.9561926582862295 16952 377987
0.9560278285029297 16136 380289
0.9558424781880615 16035 382061
0.9556536892976333 16150 383648
0.9554220845953922 16148 385738
0.9552417257611758 15875 387637
0.9551083977668781 15642 389072
0.9549964776784867 15072 390651
0.9548393014988529 14699 392441
0.9546572788377525 14866 393915
0.9544965531607664 14836 395394
0.9543301704723749 14596 397134
0.9541662280634131 14429 398779
0.9540342311306225 14180 400218
0.9539095550361212 13997 401525
0.9537719010919252 13600 403163
0.9536032999676884 13672 404611
0.9534349206870363 13955 405846
0.953280961239378 13887 407302
0.953133102490294 13677 408845
0.9529870184898863 13774 410065
0.9528697741554665 13562 411334
0.95273700077013 13346 412747
0.9525740566572986 13527 414035
0.952399132990903 13846 415293
0.9522071273684992 14274 416596
0.9520481764401891 14231 418072
0.9519168450381521 14077 419410
0.9517809658426324 14034 420678
0.9516226804450759 13971 422168
0.9514302311355031 14363 423511
0.9512120479701257 15098 424743
0.9510103921517952 15657 426002
0.9508021919477212 15885 427651
0.9505983176935455 16479 428895
0.950457447017374 16436 430208
0.9502658850821393 16923 431448
0.9500434868886559 17558 432818
0.9497782728833598 18488 434279
0.9495461135721576 19088 435772
0.9492735787285723 19875 437442
