0.999999704578385 3 0
0.999999704578385 3 0
0.999999704578385 3 0
0.999999704578385 3 0
0.9999994091567702 6 0
0.9999994091567702 6 0
0.9999991137351553 9 0
0.9999991137351553 9 0
0.9999991137351553 9 0
0.999998916787412 11 0
0.999998916787412 8 3
0.999998916787412 8 3
0.9999985228919255 11 4
0.9999985228919255 11 4
0.9999977351009525 16 7
0.9999972427315943 21 7
0.9999972427315943 21 7
0.9999972427315943 21 7
0.9999956671496482 37 7
0.9999956671496482 37 7
0.9999947808848035 41 12
0.9999935991983439 54 11
0.9999929098812425 61 11
0.999991432773168 76 11
0.9999908419299383 81 12
0.9999879861876608 104 18
0.9999837518111807 147 18
0.999982077755363 163 19
0.9999794189608289 190 19
0.9999731166330444 243 30
0.9999706547862536 267 31
0.999964647880084 328 31
0.9999606104513471 369 31
0.999956376074867 406 37
0.9999486951128796 484 37
0.9999424912589668 545 39
0.9999368782482837 590 51
0.9999293942340397 665 52
0.9999190544775183 751 71
0.9999088131948686 816 110
0.9999024123932124 822 169
0.9998958146438132 847 211
0.9998918756889478 837 261
0.9998869519953663 847 301
0.9998821267756562 833 364
0.9998766122388448 836 417
0.9998736580226959 808 475
0.9998680450120129 797 543
0.999864795374249 765 608
0.9998623335274581 667 731
0.9998585915203362 626 810
0.9998542586699843 595 885
0.9998505166628623 591 927
0.9998475624467134 580 968
0.9998432295963615 558 1034
0.9998407677495708 516 1101
0.999838010481165 485 1160
0.9998347608434012 494 1184
0.9998309203624075 474 1243
0.9998260951426975 476 1290
0.9998223531355754 455 1349
0.9998174294419939 464 1390
0.9998134904871285 458 1436
0.9998097484800066 466 1466
0.9998046278386816 478 1506
0.9997971438244376 526 1534
0.9997905460750383 563 1564
0.9997829635869226 625 1579
0.9997755780465502 675 1604
0.9997614962829068 771 1651
0.9997519443173585 837 1682
0.9997450511463442 877 1712
0.9997348098636945 980 1713
0.9997284090620383 934 1824
0.9997164937235709 1011 1868
0.999706547862536 1058 1922
0.9996909889908181 1158 1980
0.9996775965442761 1220 2054
0.9996664689967817 1292 2095
0.9996535689195979 1279 2239
0.9996424413721035 1335 2296
0.9996308214552508 1365 2384
0.9996203832248578 1410 2445
0.9996078770431605 1427 2555
0.999594090701132 1466 2656
0.9995794180942588 1479 2792
0.9995664195432034 1532 2871
0.9995501713543841 1617 2951
0.9995313628449023 1681 3078
0.9995087138544269 1806 3183
0.9994834060694174 1858 3388
0.9994589845492526 2003 3491
0.9994424409388184 2086 3576
0.9994155575718627 2300 3635
0.9993835535635823 2519 3741
0.9993577534092146 2707 3815
0.999324469240603 2907 3953
0.9992871476432543 3131 4108
0.9992562268475619 3316 4237
0.9992244197870247 3406 4470
0.9991934005174605 3487 4704
0.9991600178749772 3708 4822
0.9991253550721626 3844 5038
0.9990922678512942 3989 5229
0.9990576050484796 4146 5424
0.999019495660158 4255 5702
0.998983355749269 4463 5861
0.9989500715806573 4588 6074
0.9989176736768903 4783 6208
0.9988843895082786 4998 6331
0.9988412579525037 5299 6468
0.998794876758965 5574 6664
0.9987465260879935 5776 6953
0.9986994555773533 5878 7329
0.9986494308505641 6045 7670
0.9985913312663011 6363 7942
0.9985374660585183 6613 8239
0.9984865550668844 6818 8551
0.9984352501797641 6978 8912
0.9983826651323124 7200 9224
0.9983290953461446 7393 9575
0.998274343873517 7596 9928
0.9982164412369973 7831 10281
0.9981601141824237 8031 10653
0.998102703915262 8212 11055
0.9980501188678105 8269 11532
0.9979986170329468 8332 11992
0.9979480999367994 8397 12440
0.997895219467733 8474 12900
0.9978418466293083 8542 13374
0.9977878829476539 8589 13875
0.9977360856911753 8605 14385
0.9976837960653386 8616 14905
0.9976325896520899 8642 15399
0.9975804969739964 8617 15953
0.9975270256617002 8644 16469
0.9974719787674577 8651 17021
0.997423431148743 8575 17590
0.9973770499552043 8490 18146
0.9973281084410031 8334 18799
0.9972899005788097 8200 19321
0.9972535637201775 8037 19853
0.9972189009173629 7927 20315
0.9971803976335547 7805 20828
0.9971462272000983 7615 21365
0.9971135338747165 7365 21947
0.9970819237619225 7143 22490
0.9970408601574519 6949 23101
0.9970018645042855 6781 23665
0.996961293269173 6555 24303
0.9969255472537705 6288 24933
0.9968921646112872 5951 25609
0.9968608499201081 5548 26330
0.9968333757099228 5229 26928
0.996805212182636 4868 27575
0.9967814799795726 4456 28228
0.9967592248845837 4089 28821
0.9967402194273587 3787 29316
0.9967260391898436 3493 29754
0.9967133360604031 3197 30179
0.9967029963038817 2937 30544
0.9966944290770497 2714 30854
0.9966866496411908 2513 31134
0.9966783778359737 2380 31351
0.9966692197659118 2269 31555
0.9966602586435933 2146 31769
0.9966501158348152 2024 31994
0.9966413516602399 1904 32203
0.9966303225866171 1838 32381
0.9966181118265347 1793 32550
0.9966052117493509 1764 32710
0.9965908345640926 1747 32873
0.9965771466959358 1738 33021
0.9965611939287313 1727 33194
0.996543074736351 1748 33357
0.9965264326520451 1763 33511
0.996511464623557 1803 33623
0.99649836759863 1848 33711
0.9964837934656284 1904 33803
0.9964703025452147 1956 33888
0.996456319255443 1998 33988
0.9964378061675762 2069 34105
0.9964245121949058 2075 34234
0.9964121044870802 2054 34381
0.9963980227234367 2065 34513
0.9963828577472054 2078 34654
0.9963664126106427 2094 34805
0.9963534140595873 2069 34962
0.9963375597662545 2082 35110
0.9963240688458409 2076 35253
0.9963153046712656 2030 35388
0.9963016168031088 2040 35517
0.9962843838755732 2058 35674
0.9962704005858014 2049 35825
0.9962543493447253 2040 35997
0.996241055372055 2006 36166
0.9962257919219519 2009 36318
0.9962183079077079 1979 36424
0.9962070818863419 1953 36564
0.9961931970704417 1940 36718
0.9961814786797175 1917 36860
0.9961699572367365 1898 36996
0.996155383103735 1867 37175
0.9961410059184767 1858 37330
0.9961319463222865 1868 37412
0.9961222958828665 1851 37527
0.9961079186976082 1822 37702
0.9960919659304038 1850 37836
0.996082020069369 1812 37975
0.9960713848912327 1787 38108
0.9960587802356637 1782 38241
0.9960550382285417 1748 38313
0.996049326743987 1702 38417
0.9960384946181075 1684 38545
0.9960306167083769 1648 38661
0.9960164364708619 1642 38811
0.9960058012927256 1612 38949
0.9959929996894135 1599 39092
0.995983447723865 1603 39185
0.9959693659602217 1618 39313
0.9959514437155846 1653 39460
0.9959326352061029 1689 39615
0.995911463323702 1785 39734
0.9958885189116117 1909 39843
0.9958658699211362 2016 39966
0.9958538561087971 2091 40013
0.995826578846355 2301 40080
0.9957902419877227 2564 40186
0.9957380508357576 2990 40290
0.9956879276350968 3368 40421
0.995635933430875 3791 40526
0.9955722208359289 4301 40663
0.9955396259844187 4521 40774
0.9954821172433854 4972 40907
0.9954118068990401 5503 41090
0.9953305659549435 6151 41267
0.9952514914360228 6734 41487
0.9951735001296901 7298 41715
0.995080343847126 8009 41950
0.9950284481167758 8397 42089
0.9949631599398837 8768 42381
0.9948658677547111 9405 42732
0.9947659167750044 9928 43224
0.9946652764781962 10460 43714
0.994557447588759 10996 44273
0.994441740789591 11547 44897
0.9943830503620983 11808 45232
0.9942607458135311 12484 45798
0.9941399183730383 13032 46477
0.994005600012132 13614 47259
0.9938613357901908 14257 48081
0.9937224876311893 14875 48873
0.993558725582665 15663 49748
0.9934961946741785 15783 50263
0.9933636488429616 16516 50876
0.9932452832492596 16702 51892
0.9930855586294721 17325 52891
0.9929512402685658 17652 53928
0.9927691620799178 18434 54995
0.9925467096039007 19571 56117
0.9924093385529738 20343 56740
0.9922050052693369 21259 57899
0.9919845222707523 22256 59141
0.9917287856261234 23476 60518
0.991416721926921 25215 61948
0.9911473958880068 26548 63350
0.9908326733942703 28122 64972
0.9906173110370106 29646 65635
0.9902582753010396 31999 66928
0.9899166694403474 34209 68187
0.98955182374595 36273 69828
0.9891862887344512 38591 71222
0.9887715167871364 41011 73014
0.98836088074243 43158 75037
0.9880673301310944 44882 76294
0.9876314847752501 47272 78330
0.9872433007732759 48912 80632
0.9868307937250086 50989 82744
0.9864106057147539 52649 85351
0.9859849031676878 54750 87573
0.9855559509828579 56550 90129
0.9852520606150008 57812 91953
0.9848200557401503 59028 95124
0.9843864752833537 60470 98085
0.9839710140189373 61089 101685
0.9835395999873165 61765 105390
0.9831193135031903 61905 109518
0.9826810063005552 62034 113840
0.9823745556120358 62179 116807
0.9819537767585513 62247 121012
0.9815522987839068 62427 124909
0.9811461925372955 62308 129152
0.9807560390578887 62037 133385
0.9803911933634912 61490 137637
0.9800996122295883 60099 141989
0.9799514090527818 58533 145060
0.9797264947299739 56384 149493
0.9794966567135842 54211 154000
0.9793144800510646 51795 158266
0.979146779047675 49103 162661
0.9790061583589842 46238 166954
0.9788565765479748 43241 171470
0.9787805547190748 40926 174557
0.9786721349864077 37781 178803
0.9785685404734505 34732 182904
0.9784637642740339 31637 187063
0.9784301846838073 28091 190950
0.9783887271838502 24834 194628
0.9783096526649294 22689 197576
0.9782767623918043 21104 199495
0.9781977863467552 19396 202005
0.9781191057233212 17786 204414
0.978051651121253 16513 206372
0.9779992630215447 15142 208275
0.9779369290608015 14072 209978
0.9778777462639505 13061 211590
0.9778604148625433 12379 212448
0.9778093069231661 11607 213739
0.9777626303080125 10743 215077
0.9777252102367923 9950 216250
0.9776908428555926 9793 216756
0.9776512563591965 9530 217421
0.9776195477725309 8996 218277
0.9776079278556783 8598 218793
0.9775778933248305 7944 219752
0.9775451999994486 7367 220661
0.9775237326954327 6806 221440
0.9774961600113757 6443 222083
0.9774802072441713 5892 222796
0.9774519452430128 5601 223374
0.9774463322323298 5374 223658
0.9774142297501777 5142 224216
0.9773919746551888 4762 224822
0.9773713936160177 4526 225267
0.9773574103262459 4263 225672
0.9773445102490621 3980 226086
0.9773294437467024 3772 226447
0.9773218612585867 3685 226611
0.9773062039129972 3507 226948
0.9772902511457927 3304 227313
0.9772752831173046 3190 227579
0.9772616937230194 2994 227913
0.9772503692277816 2905 228117
0.9772373706767262 2750 228404
0.9772330378263744 2689 228509
0.9772168881114267 2521 228841
0.9772024124522968 2428 229081
0.9771886261102682 2360 229289
0.9771698176007866 2322 229518
0.9771545541506835 2303 229692
0.9771419494951146 2289 229834
0.9771346624286138 2254 229943
0.9771208760865853 2201 230136
0.9771057111103539 2188 230303
0.9770914323989672 2175 230461
0.9770724269417422 2164 230665
0.9770582467042273 2159 230814
0.9770428847802526 2170 230959
0.977035794661495 2163 231038
0.9770138349881211 2208 231216
0.976992170736362 2281 231363
0.9769797630285364 2262 231508
0.9769581972506489 2297 231692
0.9769308215143352 2398 231869
