3 0
3 0
3 0
3 0
6 0
6 0
9 0
9 0
9 0
11 0
8 3
8 3
11 4
11 4
16 7
21 7
21 7
21 7
37 7
37 7
41 12
54 11
61 11
76 11
81 12
104 18
147 18
163 19
190 19
243 30
267 31
328 31
369 31
406 37
484 37
545 39
590 51
665 52
751 71
816 110
822 169
847 211
837 261
847 301
833 364
836 417
808 475
797 543
765 608
667 731
626 810
595 885
591 927
580 968
558 1034
516 1101
485 1160
494 1184
474 1243
476 1290
455 1349
464 1390
458 1436
466 1466
478 1506
526 1534
563 1564
625 1579
675 1604
771 1651
837 1682
877 1712
980 1713
934 1824
1011 1868
1058 1922
1158 1980
1220 2054
1292 2095
1279 2239
1335 2296
1365 2384
1410 2445
1427 2555
1466 2656
1479 2792
1532 2871
1617 2951
1681 3078
1806 3183
1858 3388
2003 3491
2086 3576
2300 3635
2519 3741
2707 3815
2907 3953
3131 4108
3316 4237
3406 4470
3487 4704
3708 4822
3844 5038
3989 5229
4146 5424
4255 5702
4463 5861
4588 6074
4783 6208
4998 6331
5299 6468
5574 6664
5776 6953
5878 7329
6045 7670
6363 7942
6613 8239
6818 8551
6978 8912
7200 9224
7393 9575
7596 9928
7831 10281
8031 10653
8212 11055
8269 11532
8332 11992
8397 12440
8474 12900
8542 13374
8589 13875
8605 14385
8616 14905
8642 15399
8617 15953
8644 16469
8651 17021
8575 17590
8490 18146
8334 18799
8200 19321
8037 19853
7927 20315
7805 20828
7615 21365
7365 21947
7143 22490
6949 23101
6781 23665
6555 24303
6288 24933
5951 25609
5548 26330
5229 26928
4868 27575
4456 28228
4089 28821
3787 29316
3493 29754
3197 30179
2937 30544
2714 30854
2513 31134
2380 31351
2269 31555
2146 31769
2024 31994
1904 32203
1838 32381
1793 32550
1764 32710
1747 32873
1738 33021
1727 33194
1748 33357
1763 33511
1803 33623
1848 33711
1904 33803
1956 33888
1998 33988
2069 34105
2075 34234
2054 34381
2065 34513
2078 34654
2094 34805
2069 34962
2082 35110
2076 35253
2030 35388
2040 35517
2058 35674
2049 35825
2040 35997
2006 36166
2009 36318
1979 36424
1953 36564
1940 36718
1917 36860
1898 36996
1867 37175
1858 37330
1868 37412
1851 37527
1822 37702
1850 37836
1812 37975
1787 38108
1782 38241
1748 38313
1702 38417
1684 38545
1648 38661
1642 38811
1612 38949
1599 39092
1603 39185
1618 39313
1653 39460
1689 39615
1785 39734
1909 39843
2016 39966
2091 40013
2301 40080
2564 40186
2990 40290
3368 40421
3791 40526
4301 40663
4521 40774
4972 40907
5503 41090
6151 41267
6734 41487
7298 41715
8009 41950
8397 42089
8768 42381
9405 42732
9928 43224
10460 43714
10996 44273
11547 44897
11808 45232
12484 45798
13032 46477
13614 47259
14257 48081
14875 48873
15663 49748
15783 50263
16516 50876
16702 51892
17325 52891
17652 53928
18434 54995
19571 56117
20343 56740
21259 57899
22256 59141
23476 60518
25215 61948
26548 63350
28122 64972
29646 65635
31999 66928
34209 68187
36273 69828
38591 71222
41011 73014
43158 75037
44882 76294
47272 78330
48912 80632
50989 82744
52649 85351
54750 87573
56550 90129
57812 91953
59028 95124
60470 98085
61089 101685
61765 105390
61905 109518
62034 113840
62179 116807
62247 121012
62427 124909
62308 129152
62037 133385
61490 137637
60099 141989
58533 145060
56384 149493
54211 154000
51795 158266
49103 162661
46238 166954
43241 171470
40926 174557
37781 178803
34732 182904
31637 187063
28091 190950
24834 194628
22689 197576
21104 199495
19396 202005
17786 204414
16513 206372
15142 208275
14072 209978
13061 211590
12379 212448
11607 213739
10743 215077
9950 216250
9793 216756
9530 217421
8996 218277
8598 218793
7944 219752
7367 220661
6806 221440
6443 222083
5892 222796
5601 223374
5374 223658
5142 224216
4762 224822
4526 225267
4263 225672
3980 226086
3772 226447
3685 226611
3507 226948
3304 227313
3190 227579
2994 227913
2905 228117
2750 228404
2689 228509
2521 228841
2428 229081
2360 229289
2322 229518
2303 229692
2289 229834
2254 229943
2201 230136
2188 230303
2175 230461
2164 230665
2159 230814
2170 230959
2163 231038
2208 231216
2281 231363
2262 231508
2297 231692
2398 231869
