1.0 0 0
1.0 0 0
1.0 0 0
1.0 0 0
1.0 0 0
1.0 0 0
1.0 0 0
0.9999999818151343 3 0
0.9999999818151343 3 0
0.9999999818151343 3 0
0.9999999818151343 3 0
0.9999999818151343 3 0
0.9999999818151343 3 0
0.9999999818151343 3 0
0.9999999696918904 5 0
0.9999999515070247 6 2
0.9999999393837808 7 3
0.9999999151372931 10 4
0.9999998969524274 13 4
0.9999998787675617 16 4
0.9999998484594521 20 5
0.9999998363362083 22 5
0.9999997999664768 27 6
0.9999997635967454 30 9
0.9999997635967454 27 12
0.9999997332886358 28 16
0.9999997090421481 32 16
0.9999997090421481 28 20
0.9999997090421481 28 20
0.9999997029805262 25 24
0.9999996908572824 21 30
0.9999996726724166 23 31
0.9999996605491728 25 31
0.9999996302410632 29 32
0.9999995756864659 32 38
0.9999994665772715 46 42
0.9999992544205044 78 45
0.9999990058940059 114 50
0.9999986785664225 165 53
0.9999979996647681 276 54
0.9999974298723081 364 60
0.999997078298237 416 66
0.9999962357327908 548 73
0.9999951325176023 722 81
0.999993865638622 924 88
0.9999925381434227 1132 99
0.9999904711303497 1463 109
0.9999888587389203 1705 133
0.9999870038826143 1994 150
0.9999851126565769 2290 166
0.9999821303385947 2762 186
0.9999794995946836 3185 197
0.9999771355621367 3560 212
0.999974626050664 3951 235
0.9999715770548407 4446 243
0.999969704013669 4745 253
0.9999671702557086 5149 267
0.9999641576296168 5630 283
0.9999608297991855 6168 294
0.999956944299538 6790 313
0.999953525544778 7339 328
0.9999500643586645 7894 344
0.9999467183433675 8438 352
0.999942687364794 8215 1240
0.9999385169689166 8752 1391
0.9999337525340913 9343 1586
0.9999289638527785 10130 1589
0.9999246843477065 10316 2109
0.9999203866577688 10827 2307
0.9999165314662309 11142 2628
0.9999111548075924 11779 2878
0.9999048870905323 12550 3141
0.9998990133788966 13263 3397
0.9998919697742314 14192 3630
0.999885659625818 15219 3644
0.9998783735562762 15885 4180
0.9998727362478953 16564 4431
0.9998650198031975 17567 4701
0.9998553090848898 18936 4934
0.9998477259958741 19758 5363
0.9998379243532377 21145 5593
0.9998271770975824 22501 6010
0.9998169087100585 23583 6622
0.9998055552922117 25140 6938
0.999796268887438 26229 7381
0.999784297184156 27750 7835
0.9997772293330032 28650 8101
0.9997678883736322 29823 8469
0.9997555893427668 31337 8984
0.9997402958706753 33247 9597
0.9997296031696172 34623 9985
0.9997141763418437 36722 10431
0.9996997436200641 38265 11269
0.9996820982386697 40616 11829
0.9996657621676088 42804 12336
0.9996510748577089 44621 12942
0.9996339325909334 46776 13615
0.9996179602171874 48855 14171
0.9996013331882747 50978 14791
0.9995847546523372 53014 15490
0.9995655332492449 55363 16312
0.9995461966753362 57953 16912
0.9995268782862932 60256 17796
0.9995058383966263 63179 18344
0.9994885264044372 65412 18967
0.9994694868500023 67619 19901
0.9994507018836878 70679 19940
0.9994272918998522 56955 37526
0.9994029969192171 58995 39494
0.9993799445710744 60785 41507
0.9993602867312041 61202 44333
0.9993406470761997 63357 45418
0.999319243489218 65765 46541
0.9992981490449538 67529 48257
0.9992774667909801 70018 49180
0.9992564814559104 71412 51248
0.999232562295834 73490 53116
0.9992091159422669 75680 54794
0.9991878760190769 77965 56013
0.9991647873012027 80322 57465
0.9991404559508361 82238 59563
0.9991181370589451 84012 61471
0.9990952544362162 85262 63996
0.99907089277774 84909 68368
0.9990520168870968 86375 70016
0.9990320862742403 86961 72718
0.9990154895534371 87740 74677
0.9989960863016873 87373 78245
0.9989777377721507 88392 80253
0.9989565887732894 89099 83035
0.9989362217236551 88712 86782
0.9989183460006279 89762 88681
0.9989020644841643 90790 90339
0.998885904200139 87829 95966
0.9988671192338245 86186 100708
0.9988479463237075 84406 105651
0.9988265306134819 85610 107980
0.9988099642007884 86864 109459
0.9987915732398983 88085 111272
0.9987751523061307 89387 112679
0.9987602467778418 90265 114260
0.9987424983488749 91229 116224
0.9987239679706807 92404 118106
0.9987073348801461 93301 119953
0.9986900228879569 94101 122009
0.9986745778753177 94846 123812
0.9986593025880919 96214 124964
0.9986455123982354 96643 126810
0.9986287095822871 97577 128648
0.9986107671814188 98771 130414
0.9985925277610767 98867 133327
0.9985761916900159 98846 136043
0.9985593888740676 99414 138247
0.9985460593674765 100475 139385
0.9985406887704599 100753 139993
0.9985324692111431 101013 141089
0.9985208430203103 100926 143094
0.998504755475748 101657 145017
0.9984867100273072 102521 147130
0.9984694283432276 103585 148917
0.9984536014484076 105144 149969
0.9984385261947051 105831 151769
0.9984209050597983 106632 153875
0.998402744440541 108060 155443
0.9983845898829057 109896 156602
0.9983687266183543 110687 158428
0.9983519601721375 111667 160214
0.9983359332437943 113265 161260
0.9983236645210384 113942 162607
0.998307934612169 114859 164285
0.9982885374220412 115779 166565
0.9982718861466408 115572 169519
0.9982545014149886 115146 172813
0.9982399474607708 113884 176476
0.9982262178871334 113151 179474
0.9982142583070952 111566 183032
0.9981991951766365 110225 186858
0.9981837683488629 108844 190784
0.9981684991232591 107882 194265
0.9981537330122743 106998 197585
0.9981403307662203 105784 201010
0.9981274134499195 105856 203069
0.9981159145531469 104667 206155
0.9981027365871037 103828 209168
0.9980909164243695 102453 212493
0.9980752653165851 102161 215367
0.9980621843364925 101323 218363
0.9980504914678185 101012 220603
0.9980386713050844 101266 222299
0.9980290212029957 99403 225754
0.9980156735115391 98270 229089
0.9980042049228759 96890 232361
0.9979931303396373 95681 235397
0.9979816617509741 94786 238184
0.9979707993245025 94070 240692
0.9979630283252076 93071 242973
0.9979540813712611 92144 245376
0.9979430977123511 91418 247914
0.9979326474761697 90660 250396
0.997922857956777 89879 252792
0.9979132017930665 88993 255271
0.9979038608336956 88589 257216
0.9978943622721549 88073 259299
0.9978849910046743 87414 261504
0.9978746680625531 86925 263696
0.9978652301172315 86381 265797
0.9978551314551212 85847 267997
0.9978457965573722 85220 270164
0.9978374133342638 84650 272117
0.9978307091804258 83967 273906
0.9978229806124842 83496 275652
0.9978144519104498 83289 277266
0.9978054322170404 83126 278917
0.9977967277279705 82741 280738
0.9977875868021228 82637 282350
0.9977791247779294 82451 283932
0.997771959940826 82171 285394
0.9977651406161716 81686 287004
0.9977563997573703 81575 288557
0.9977473133861197 81393 290238
0.997738099720809 81080 292071
0.9977293649236295 80816 293776
0.9977216181708222 80481 295389
0.9977143260396585 80208 296865
0.997707094524714 79882 298384
0.9976981718172551 79792 299946
0.9976888551043718 79825 301450
0.997678647333067 79917 303042
0.997668948738003 79722 304837
0.9976596926413389 79725 306361
0.9976523641404437 79351 307944
0.997644641634124 78937 309632
0.9976347187590493 78926 311280
0.9976263537208065 78746 312840
0.997616988514948 78563 314568
0.9976067080041802 78548 316279
0.9975970942718231 78587 317826
0.9975904628574481 78164 319343
0.9975825342559833 77905 320910
0.9975738297669134 77833 322418
0.9975657375016569 77625 323961
0.9975566875001379 77485 325594
0.9975464979136989 77593 327167
0.9975367750721472 77756 328608
0.9975287737312195 77616 330068
0.9975192691080568 77371 331881
0.9975087461324125 77121 333867
0.9974986899016555 76877 335770
0.9974894944212105 76463 337701
0.9974783289136432 76397 339609
0.99746942439105 76412 341063
0.9974616109604016 76147 342617
0.997452676129699 76026 344212
0.9974424744200161 76061 345860
0.9974321757243826 76096 347524
0.997421670933604 76095 349258
0.9974104872411709 76190 351008
0.9973997763552471 76419 352546
0.9973904960120953 76474 354022
0.9973793608126376 76597 355736
0.9973663950033614 77111 357361
0.9973529866956855 77535 359149
0.997340190611823 77732 361063
0.997325860937616 78132 363027
0.9973120707477595 78681 364753
0.9973008749320825 78579 366702
0.9972883879909378 78525 368816
0.9972737249275254 78733 371027
0.997260207510655 78665 373325
0.9972471386538064 78480 375666
0.9972332454163773 78461 377977
0.9972194673497646 78491 380220
0.9972079017751508 78154 382465
0.9971970635951669 77626 384781
0.9971817579998316 77577 387355
0.9971678587007806 77326 389899
0.9971545352558114 76924 392499
0.9971404965394565 76612 395127
0.9971268457669039 76268 397723
0.9971159469707008 75574 400215
0.9971053027626181 74747 402798
0.997091979317649 74246 405497
0.9970786316261923 73845 408100
0.9970655445844778 71208 412896
0.9970542639060941 68546 417419
0.9970428438104063 66545 421304
0.9970347879148813 64655 424523
0.9970265744171866 62585 427948
0.9970156695593615 61398 430934
0.9970042918950272 60351 433858
0.9969943993280619 59334 436507
0.9969875254488104 58193 438782
0.9969795362311265 57462 440831
0.9969718561561601 56717 442843
0.9969648671060922 55906 444807
0.9969559565218772 55177 447006
0.9969479673041933 54243 449258
0.9969396810670356 53164 451704
0.9969322010255924 52034 454068
0.9969251513593054 51064 456201
0.9969200959666283 50183 457916
0.9969137373252395 49735 459413
0.9969080878936147 49283 460797
0.9969009291181332 49189 462072
0.9968934430150682 48895 463601
0.9968872965304464 48492 465018
0.9968812955247506 48268 466232
0.9968771493753608 47965 467219
0.9968720879210617 47795 468224
0.9968665718451192 47764 469165
0.9968605647778014 47791 470129
0.9968546365115686 47731 471167
0.9968485324583002 47741 472164
0.996843774085097 47677 473013
0.9968395794427318 47562 473820
0.9968330874456609 47871 474582
0.9968279411286551 47781 475521
0.9968235888841201 47520 476500
0.9968181940406158 47555 477355
0.9968132659419989 47469 478254
0.9968086469860997 47500 478985
0.9968051433686329 47424 479639
0.9968016943057633 47289 480343
0.9967974693552886 47234 481095
0.9967932140967043 47234 481797
0.9967892376727281 47265 482422
0.9967856976855297 47231 483040
0.9967819455415643 47348 483542
0.9967793026744094 47424 483902
0.9967764355272436 47363 484436
0.9967727864308509 47381 485020
0.9967696646955646 47435 485481
0.9967664641591936 47437 486007
0.9967633787936387 47320 486633
0.9967606268172894 47353 487054
0.9967584264485343 47362 487408
0.9967561897100476 47268 487871
0.9967535044115393 47229 488353
0.996750322060034 47230 488877
0.9967476670696352 47077 489468
0.9967447271830064 46938 490092
0.9967420903774734 46859 490606
0.9967402415827894 46739 491031
0.9967384715891902 46485 491577
0.9967365561166651 46226 492152
0.996734210268984 45963 492802
0.996731858359681 45624 493529
0.9967295670665971 45312 494219
0.9967268757064669 45329 494646
0.9967251117744896 45233 495033
0.9967231356857453 45089 495503
0.9967204322023713 44883 496155
0.996718031800093 44515 496919
0.9967153465015847 44309 497568
0.9967129764074159 44007 498261
0.9967105153889184 43869 498805
0.9967083938212482 43790 499234
0.9967064116708819 43635 499716
0.9967041931172611 43302 500415
0.996701774530117 42855 501261
0.9966991801559374 42367 502177
0.9966966948909523 41815 503139
0.9966938459286523 41531 503893
0.9966913788485329 41324 504507
