0 0
0 0
0 0
0 0
0 0
0 0
0 0
3 0
3 0
3 0
3 0
3 0
3 0
3 0
5 0
6 2
7 3
10 4
13 4
16 4
20 5
22 5
27 6
30 9
27 12
28 16
32 16
28 20
28 20
25 24
21 30
23 31
25 31
29 32
32 38
46 42
78 45
114 50
165 53
276 54
364 60
416 66
548 73
722 81
924 88
1132 99
1463 109
1705 133
1994 150
2290 166
2762 186
3185 197
3560 212
3951 235
4446 243
4745 253
5149 267
5630 283
6168 294
6790 313
7339 328
7894 344
8438 352
8215 1240
8752 1391
9343 1586
10130 1589
10316 2109
10827 2307
11142 2628
11779 2878
12550 3141
13263 3397
14192 3630
15219 3644
15885 4180
16564 4431
17567 4701
18936 4934
19758 5363
21145 5593
22501 6010
23583 6622
25140 6938
26229 7381
27750 7835
28650 8101
29823 8469
31337 8984
33247 9597
34623 9985
36722 10431
38265 11269
40616 11829
42804 12336
44621 12942
46776 13615
48855 14171
50978 14791
53014 15490
55363 16312
57953 16912
60256 17796
63179 18344
65412 18967
67619 19901
70679 19940
56955 37526
58995 39494
60785 41507
61202 44333
63357 45418
65765 46541
67529 48257
70018 49180
71412 51248
73490 53116
75680 54794
77965 56013
80322 57465
82238 59563
84012 61471
85262 63996
84909 68368
86375 70016
86961 72718
87740 74677
87373 78245
88392 80253
89099 83035
88712 86782
89762 88681
90790 90339
87829 95966
86186 100708
84406 105651
85610 107980
86864 109459
88085 111272
89387 112679
90265 114260
91229 116224
92404 118106
93301 119953
94101 122009
94846 123812
96214 124964
96643 126810
97577 128648
98771 130414
98867 133327
98846 136043
99414 138247
100475 139385
100753 139993
101013 141089
100926 143094
101657 145017
102521 147130
103585 148917
105144 149969
105831 151769
106632 153875
108060 155443
109896 156602
110687 158428
111667 160214
113265 161260
113942 162607
114859 164285
115779 166565
115572 169519
115146 172813
113884 176476
113151 179474
111566 183032
110225 186858
108844 190784
107882 194265
106998 197585
105784 201010
105856 203069
104667 206155
103828 209168
102453 212493
102161 215367
101323 218363
101012 220603
101266 222299
99403 225754
98270 229089
96890 232361
95681 235397
94786 238184
94070 240692
93071 242973
92144 245376
91418 247914
90660 250396
89879 252792
88993 255271
88589 257216
88073 259299
87414 261504
86925 263696
86381 265797
85847 267997
85220 270164
84650 272117
83967 273906
83496 275652
83289 277266
83126 278917
82741 280738
82637 282350
82451 283932
82171 285394
81686 287004
81575 288557
81393 290238
81080 292071
80816 293776
80481 295389
80208 296865
79882 298384
79792 299946
79825 301450
79917 303042
79722 304837
79725 306361
79351 307944
78937 309632
78926 311280
78746 312840
78563 314568
78548 316279
78587 317826
78164 319343
77905 320910
77833 322418
77625 323961
77485 325594
77593 327167
77756 328608
77616 330068
77371 331881
77121 333867
76877 335770
76463 337701
76397 339609
76412 341063
76147 342617
76026 344212
76061 345860
76096 347524
76095 349258
76190 351008
76419 352546
76474 354022
76597 355736
77111 357361
77535 359149
77732 361063
78132 363027
78681 364753
78579 366702
78525 368816
78733 371027
78665 373325
78480 375666
78461 377977
78491 380220
78154 382465
77626 384781
77577 387355
77326 389899
76924 392499
76612 395127
76268 397723
75574 400215
74747 402798
74246 405497
73845 408100
71208 412896
68546 417419
66545 421304
64655 424523
62585 427948
61398 430934
60351 433858
59334 436507
58193 438782
57462 440831
56717 442843
55906 444807
55177 447006
54243 449258
53164 451704
52034 454068
51064 456201
50183 457916
49735 459413
49283 460797
49189 462072
48895 463601
48492 465018
48268 466232
47965 467219
47795 468224
47764 469165
47791 470129
47731 471167
47741 472164
47677 473013
47562 473820
47871 474582
47781 475521
47520 476500
47555 477355
47469 478254
47500 478985
47424 479639
47289 480343
47234 481095
47234 481797
47265 482422
47231 483040
47348 483542
47424 483902
47363 484436
47381 485020
47435 485481
47437 486007
47320 486633
47353 487054
47362 487408
47268 487871
47229 488353
47230 488877
47077 489468
46938 490092
46859 490606
46739 491031
46485 491577
46226 492152
45963 492802
45624 493529
45312 494219
45329 494646
45233 495033
45089 495503
44883 496155
44515 496919
44309 497568
44007 498261
43869 498805
43790 499234
43635 499716
43302 500415
42855 501261
42367 502177
41815 503139
41531 503893
41324 504507
