1 0
1 0
1 0
6 0
6 0
6 0
6 0
6 0
5 1
6 3
6 3
9 3
24 3
24 3
24 3
33 3
33 3
46 5
46 5
64 5
61 15
61 15
66 15
59 22
57 29
57 29
62 32
62 32
62 32
120 32
104 48
108 55
247 57
294 57
382 58
502 60
634 66
794 67
976 90
1331 155
1793 188
2031 195
2349 229
2687 232
3045 236
3489 239
3961 243
4395 384
4910 387
5266 541
5699 565
6091 632
6454 827
7024 998
7590 1183
7950 1640
8696 1767
9474 1815
10136 2072
11025 2156
11552 2475
11906 3011
12614 3214
13410 3295
14127 3362
14472 3878
14755 4500
14985 5183
15496 5605
15876 6176
16436 6537
17240 6666
17757 7116
17968 7857
18453 8319
18767 8963
19023 9658
19553 10097
20271 10301
20713 10795
20832 11594
21129 12242
21280 13023
21522 13722
21844 14354
22491 14653
22765 15294
22819 16137
22979 16879
23150 17614
23465 18193
23807 18749
24387 19016
24817 19438
24697 20419
24566 21415
24543 22325
24473 23278
24714 23916
25297 24156
25477 24788
25111 25955
24880 26936
24462 28058
23827 29414
23562 30411
23948 30732
23778 31591
22973 33059
22303 34354
21721 35612
20844 37092
20493 38012
20749 38274
20442 39045
19447 40498
18567 41815
17651 43062
16592 44503
16065 45410
16190 45600
15672 46446
14473 47951
13555 49143
12676 50321
12183 51087
12260 51294
12255 51549
11665 52338
10927 53297
10353 54058
9896 54708
9389 55378
9088 55844
9154 55960
8996 56273
8584 56859
8223 57400
7921 57861
7602 58351
7392 58703
7420 58793
7249 59099
6947 59574
6730 59958
6567 60279
6380 60622
6173 60959
6221 61030
6154 61212
5528 61990
5347 62318
4805 63003
4697 63249
4604 63463
4652 63514
4513 63737
4374 64002
4167 64336
3831 64783
3409 65329
3328 65522
3367 65580
3194 65811
2614 66488
2426 66777
2253 67055
2253 67055
1834 67682
1827 67762
1717 67956
1532 68269
1394 68556
1223 68888
1071 69214
987 69481
1074 69571
978 69749
939 70035
853 70312
792 70554
645 70878
559 71128
694 71149
670 71292
550 71591
401 71901
274 72211
115 72548
284 72575
432 72599
571 72637
677 72725
656 72935
677 73107
684 73291
839 73334
995 73365
1130 73422
1186 73577
1249 73738
1359 73871
1473 73988
1629 74045
1812 74086
1927 74177
1997 74360
2116 74535
2225 74732
2430 74859
2671 74938
2957 74989
3112 75148
3273 75358
3403 75616
3595 75826
3853 75999
3853 75999
4531 76165
4846 76244
4948 76557
5021 76961
5043 77428
5043 77428
5418 78116
5674 78324
5821 78703
5992 79129
6235 79499
6481 79911
6709 80354
7012 80686
7227 81063
7469 81440
7796 81846
7934 82446
8086 83081
8355 83623
8629 84194
8998 84709
9407 85202
9886 85659
10224 86305
10540 86959
10839 87643
11286 88173
12011 88389
12352 88977
12617 89696
13166 90129
13730 90556
14221 91062
14274 92005
14898 92364
15638 92662
16069 93288
16585 93870
17019 94603
17494 95376
17296 96889
17933 97515
18321 98378
18623 99385
18732 100658
19017 101830
19233 103202
19055 104944
19680 105802
20006 106947
19878 108571
20115 109897
20345 111288
20726 112598
20482 114526
21148 115499
21466 116753
21539 118369
21504 120105
21622 121761
21742 123537
21176 125981
21654 127299
21852 128750
21273 131180
21069 133323
21183 135176
21158 137176
20568 139727
21090 141058
21334 142725
21233 144664
21035 146696
21024 148624
20910 150669
20564 152959
21153 154263
21126 156148
20768 158428
20318 160795
19807 163199
19008 165914
19326 167421
19773 168815
19743 170661
19046 173315
17713 176571
16688 179535
15574 182551
15881 184081
16745 185086
17059 186045
17084 187874
16518 190278
16137 192464
16241 194127
15700 196501
16183 197810
16338 199386
16020 201676
15663 204000
15540 206064
15288 208249
14671 210790
14990 212370
15041 213675
14518 215976
13935 218363
13652 220459
13308 222551
12409 225202
12806 225829
12889 226593
12387 228746
11964 230887
11621 233097
11363 235207
10780 237556
11051 238244
11079 238915
10768 240937
10508 242905
10264 244908
10245 246714
9731 248960
10004 249495
10195 249865
9970 251889
9663 253888
9422 255862
9209 257820
8636 260051
8900 260887
8997 261924
8829 263444
8406 265253
8452 266870
8195 268795
7870 270442
8107 271349
8209 272219
8035 273672
7804 275094
7800 276700
7759 278200
