0.9999998941661413 1 0
0.9999998941661413 1 0
0.9999998941661413 1 0
0.9999993649968483 6 0
0.9999993649968483 6 0
0.9999993649968483 6 0
0.9999993649968483 6 0
0.9999993649968483 6 0
0.9999993649968483 5 1
0.9999990474952724 6 3
0.9999990474952724 6 3
0.9999987299936965 9 3
0.9999971424858172 24 3
0.9999971424858172 24 3
0.9999971424858172 24 3
0.9999961899810896 33 3
0.9999961899810896 33 3
0.9999946024732103 46 5
0.9999946024732103 46 5
0.9999926974637551 64 5
0.9999919566267447 61 15
0.9999919566267447 61 15
0.9999914274574516 66 15
0.9999914274574516 59 22
0.9999908982881585 57 29
0.9999908982881585 57 29
0.9999900516172895 62 32
0.9999900516172895 62 32
0.9999900516172895 62 32
0.9999839132534895 120 32
0.9999839132534895 104 48
0.9999827490810446 108 55
0.9999678265069789 247 57
0.9999628523156237 294 57
0.9999534331022063 382 58
0.9999405213714544 502 60
0.9999259162989645 634 66
0.9999088770477265 794 67
0.9998871811067089 976 90
0.9998427308860877 1331 155
0.9997903431260697 1793 188
0.9997644138307074 2031 195
0.9997271603124723 2349 229
0.9996910709666822 2687 232
0.9996527591098611 3045 236
0.999605451375057 3489 239
0.9995550744583529 3961 243
0.9994942199896452 4395 384
0.999439398050879 4910 387
0.9993854227829817 5266 541
0.9993370567095915 5699 565
0.9992884789684839 6091 632
0.9992294236753728 6454 827
0.999151000786134 7024 998
0.9990715195583088 7590 1183
0.9989850532958146 7950 1640
0.9988926603372374 8696 1767
0.9988052415700157 9474 1815
0.998707980253942 10136 2072
0.9986050039095027 11025 2156
0.9985154684651085 11552 2475
0.9984212763309348 11906 3011
0.9983248616857302 12614 3214
0.9982320453917186 13410 3295
0.998149071646559 14127 3362
0.9980579486942853 14472 3878
0.9979621690522325 14755 4500
0.9978655427393105 14985 5183
0.9977667997492161 15496 5605
0.9976661517496666 15876 6176
0.9975686787658756 16436 6537
0.9974699357757812 17240 6666
0.9973675944344937 17757 7116
0.9972668406010855 17968 7857
0.9971666159369704 18453 8319
0.9970652271004105 18767 8963
0.9969645791008609 19023 9658
0.9968620260918561 19553 10097
0.9967644472742067 20271 10301
0.9966653867825364 20713 10795
0.9965682313003213 20832 11594
0.9964682183039235 21129 12242
0.9963695811476878 21280 13023
0.9962699914867245 21522 13722
0.996169025985599 21844 14354
0.9960689071553425 22491 14653
0.9959720691747034 22765 15294
0.9958771362035194 22819 16137
0.9957816740630423 22979 16879
0.9956857885871306 23150 17614
0.9955911731175225 23465 18193
0.99549613431248 23807 18749
0.9954064930342271 24387 19016
0.9953163225866811 24817 19438
0.9952251996344075 24697 20419
0.9951336533466995 24566 21415
0.9950397787141017 24543 22325
0.9949463274169384 24473 23278
0.9948532994552096 24714 23916
0.9947661981895637 25297 24156
0.9946802610963625 25477 24788
0.9945954881756063 25111 25955
0.9945161127816398 24880 26936
0.9944416057451698 24462 28058
0.9943652995331034 23827 29414
0.994287829148592 23562 30411
0.9942130046105462 23948 30732
0.9941400850819556 23778 31591
0.9940699172336892 22973 33059
0.9940037710720504 22303 34354
0.993932227383622 21721 35612
0.9938684095668728 20844 37092
0.9938081901013168 20493 38012
0.9937533681625507 20749 38274
0.9937042612521501 20442 39045
0.9936557893449011 19447 40498
0.9936095399486833 18567 41815
0.9935745089414794 17651 43062
0.9935340804074858 16592 44503
0.9934938635412094 16065 45410
0.9934605258757434 16190 45600
0.9934258123701154 15672 46446
0.9933934272093771 14473 47951
0.9933644287321146 13555 49143
0.9933327844083866 12676 50321
0.9933038917649828 12183 51087
0.9932738349491341 12260 51294
0.9932473764844786 12255 51549
0.9932263155466128 11665 52338
0.9932029262638573 10927 53297
0.9931831353322951 10353 54058
0.993162709397581 9896 54708
0.9931454584786256 9389 55378
0.993127995891953 9088 55844
0.9931087341296837 9154 55960
0.9930923298815973 8996 56273
0.993073914790197 8584 56859
0.9930548646956451 8223 57400
0.9930380371121242 7921 57861
0.9930199395222998 7602 58351
0.9930049111143755 7392 58703
0.9929924227190581 7420 58793
0.9929781351481441 7249 59099
0.9929598258906025 6947 59574
0.9929421516362126 6730 59958
0.9929254298865503 6567 60279
0.9929089198046053 6380 60622
0.9928951614029844 6173 60959
0.9928825671738084 6221 61030
0.9928703962800669 6154 61212
0.9928543095335564 5528 61990
0.9928387519563389 5347 62318
0.992823617714556 4805 63003
0.9928090126420661 4697 63249
0.9927962067451728 4604 63463
0.9927857291931692 4652 63514
0.992776839149045 4513 63737
0.9927635040828586 4374 64002
0.9927500631828136 4167 64336
0.9927383156245065 3831 64783
0.9927251922260374 3409 65329
0.9927133388338717 3328 65522
0.9927030729495854 3367 65580
0.9926969345857853 3194 65811
0.992686668701499 2614 66488
0.9926759794817782 2426 66777
0.9926648669266228 2253 67055
0.9926648669266228 2253 67055
0.9926428534840295 1834 67682
0.9926351276123501 1827 67762
0.9926262375682258 1717 67956
0.9926126908343221 1532 68269
0.9925969215893875 1394 68556
0.9925798823381493 1223 68888
0.9925614672467491 1071 69214
0.9925420996506212 987 69481
0.9925233670576452 1074 69571
0.9925146886812382 978 69749
0.9924885477181585 939 70035
0.9924683334511617 853 70312
0.9924491775227511 792 70554
0.992430444929775 645 70878
0.992413088176961 559 71128
0.9923965780950159 694 71149
0.9923839838658399 670 71292
0.9923650396051465 550 71591
0.9923480003539085 401 71901
0.9923286327577806 274 72211
0.9923097943309459 115 72548
0.9922890508946559 284 72575
0.9922708474709729 432 72599
0.9922521148779968 571 72637
0.9922315831094242 677 72725
0.9922115805101446 656 72935
0.9921911545754305 677 73107
0.9921709403084338 684 73291
0.9921499852044265 839 73334
0.9921301942728642 995 73365
0.9921098741720088 1130 73422
0.9920875432278395 1186 73577
0.9920638364435083 1249 73738
0.992038118815863 1359 73871
0.9920136711945213 1473 73988
0.9919911285826348 1629 74045
0.9919674217983036 1812 74086
0.9919456200234273 1927 74177
0.991918844057196 1997 74360
0.9918877289027611 2116 74535
0.9918553437420228 2225 74732
0.9918202069009603 2430 74859
0.9917863400662011 2671 74938
0.9917506740558456 2957 74989
0.9917174422242382 3112 75148
0.9916781778626894 3273 75358
0.9916371143255441 3403 75616
0.991594569114378 3595 75826
0.9915489547213119 3853 75999
0.9915489547213119 3853 75999
0.991459630944635 4531 76165
0.9914179324043378 4846 76244
0.9913740113530097 4948 76557
0.991323528602447 5021 76961
0.9912717758455808 5043 77428
0.9912717758455808 5043 77428
0.9911592744538655 5418 78116
0.9911101675434649 5674 78324
0.9910544989338297 5821 78703
0.9909913161202324 5992 79129
0.990926439964897 6235 79499
0.9908568012859237 6481 79911
0.9907857867667883 6709 80354
0.9907185822665633 7012 80686
0.990655928622259 7227 81063
0.990590417463772 7469 81440
0.9905128412454021 7796 81846
0.990434735857739 7934 82446
0.9903514446110034 8086 83081
0.990265613351661 8355 83623
0.9901761837411253 8629 84194
0.9900826266101034 8998 84709
0.9899871644696263 9407 85202
0.9898881039779561 9886 85659
0.989783963461072 10224 86305
0.9896813046182086 10540 86959
0.9895772699351831 10839 87643
0.9894738702553094 11286 88173
0.9893742805943461 12011 88389
0.9892759609396862 12352 88977
0.989171820422802 12617 89696
0.9890678915736352 13166 90129
0.9889630102197408 13730 90556
0.9888574938626945 14221 91062
0.9887520833395069 14274 92005
0.9886480486564815 14898 92364
0.9885381931112318 15638 92662
0.9884263267226683 16069 93288
0.9883101211459013 16585 93870
0.9881866130328893 17019 94603
0.988054532377329 17494 95376
0.987915360853241 17296 96889
0.9877816926898014 17933 97515
0.9876492945326651 18321 98378
0.9875107580117289 18623 99385
0.9873644956191132 18732 100658
0.987210295687101 19017 101830
0.9870422315196091 19233 103202
0.9868767073647242 19055 104944
0.9867197557523877 19680 105802
0.9865640741463547 20006 106947
0.9864057466938561 19878 108571
0.9862403283728298 20115 109897
0.9860687716880034 20345 111288
0.9858898066330736 20726 112598
0.9857115824151541 20482 114526
0.9855381207208725 21148 115499
0.9853717498951187 21466 116753
0.985192996507906 21539 118369
0.9850129731143898 21504 120105
0.9848252238491944 21622 121761
0.984624562853247 21742 123537
0.9844258068667547 21176 125981
0.9842357292566696 21654 127299
0.9840612092238018 21852 128750
0.9838653107514924 21273 131180
0.9836600988996242 21069 133323
0.9834519236997147 21183 135176
0.983242901828936 21158 137176
0.9830353616321782 20568 139727
0.9828392514921516 21090 141058
0.9826370029883248 21334 142725
0.9824424803561775 21233 144664
0.9822483810594647 21035 146696
0.9820454975524862 21024 148624
0.981841132371487 20910 150669
0.9816353913503257 20564 152959
0.9814350478559541 21153 154263
0.9812384085466345 21126 156148
0.9810349958703628 20768 158428
0.9808321123633844 20318 160795
0.9806317688690128 19807 163199
0.980428991195893 19008 165914
0.9802358444039078 19326 167421
0.9800410042701845 19773 168815
0.9798488099829269 19743 170661
0.9796416931216035 19046 173315
0.9794381746114733 17713 176571
0.9792329627596051 16688 179535
0.979031666760506 15574 182551
0.9788372499622173 15881 184081
0.9786394464804526 16745 185086
0.9785047199784268 17059 186045
0.9783085040045415 17084 187874
0.9781139813723942 16518 190278
0.9779229512575814 16137 192464
0.9777359428293962 16241 194127
0.977541949366542 15700 196501
0.9773522950918913 16183 197810
0.9771690966826165 16338 199386
0.9769603923134138 16020 201676
0.9767522171135042 15663 204000
0.9765467935939188 15540 206064
0.9763422167452025 15288 208249
0.9761385924012136 14671 210790
0.9759376139036904 14990 212370
0.9757941031913988 15041 213675
0.9756059305907688 14518 215976
0.9754150063098147 13935 218363
0.9752231295241329 13652 220459
0.9750381319392615 13308 222551
0.9748527110189557 12409 225202
0.9747443371477267 12806 225829
0.9746546958694738 12889 226593
0.9744799641688888 12387 228746
0.9742981415997761 11964 230887
0.9741005497857288 11621 233097
0.9739045454795607 11363 235207
0.9737176428852342 10780 237556
0.9736161482148157 11051 238244
0.9735421703476388 11079 238915
0.9733610886155365 10768 240937
0.97318032438501 10508 242905
0.9729941626276939 10264 244908
0.9728050375223363 10245 246714
0.9726217332792029 9731 248960
0.9725362195214362 10004 249495
0.9724768467267493 10195 249865
0.9722864516150882 9970 251889
0.9721073807262997 9663 253888
0.9719239706493077 9422 255862
0.9717392905660122 9209 257820
0.9715638180284168 8636 260051
0.9714474007839325 8900 260887
0.9713273851882551 8997 261924
0.9711842978113981 8829 263444
0.9710376120833479 8406 265253
0.9708616103764595 8452 266870
0.9706850795002779 8195 268795
0.9705451671391796 7870 270442
0.970424093204916 8107 271349
0.9703212226943353 8209 272219
0.9701858611891577 8035 273672
0.9700598130635388 7804 275094
0.9698902672220263 7800 276700
0.9697358556222967 7759 278200
