0.9999998275631806 1 1
0.9999993102527226 7 1
0.9999988791606741 12 1
0.9999980169765773 22 1
0.9999956890795159 49 1
0.9999906021933446 108 1
0.9999854290887636 168 1
0.9999827563180635 199 1
0.9999793938000859 238 1
0.9999769796846147 266 1
0.9999729274193597 310 4
0.9999729274193597 310 4
0.9999518039089875 555 4
0.9999405955157288 684 5
0.9999236104890213 881 5
0.999908780922556 1052 6
0.9998928305167647 1232 11
0.9998718794432119 1441 45
0.99984523795462 1743 52
0.9998054050493467 2219 38
0.9997572951767438 2485 330
0.9997067711886699 3063 338
0.9996772844925585 3392 351
0.9996319336090655 3686 583
0.9995743397113976 4212 725
0.9994624282156298 5340 895
0.9993719851038729 6137 1147
0.9992124810459604 7718 1416
0.9990657373126808 9046 1790
0.9989740871431884 9859 2040
0.9988985598163065 10374 2401
0.9987960461271941 11004 2960
0.9986767198481935 11842 3506
0.9985541172696251 12755 4015
0.9984109084911424 13901 4530
0.9983022732949426 14493 5198
0.9982054500208691 15196 5618
0.9980864686155073 16002 6192
0.9979822305582012 16482 6921
0.997846005470903 17296 7687
0.9977008136689977 18080 8587
0.9975843325975167 18686 9332
0.997443882808144 19584 10063
0.9973626650662231 19979 10610
0.9973169693090913 20094 11025
0.9971053893317305 22026 11547
0.996998823377363 22390 12419
0.9968842391108951 23014 13124
0.9967941408727768 23382 13801
0.9966809361008638 24056 14440
0.996552729325666 25260 14723
0.9964688388130449 25956 15000
0.9963883970368113 26194 15695
0.9963101107208195 26507 16290
0.9961811279799345 27492 16801
0.9960921505811423 27991 17334
0.9960223998877091 28255 17879
0.9959747211071548 28602 18085
0.9959189377960902 29060 18274
0.9958736731310069 29075 18784
0.9958167689806164 29349 19170
0.9957725389364493 29437 19595
0.9957307230077533 29541 19976
0.9956971840463869 29753 20153
0.9956660592004916 29965 20302
0.9956451943453484 30052 20457
0.9956217429379147 29711 21070
0.9955666493741276 30025 21395
0.9955156942940053 30289 21722
0.995465256524341 30604 21992
0.995423440595645 30783 22298
0.995391712220882 31045 22404
0.9953632601456867 31286 22493
0.9953458440269308 31201 22780
0.9953193749751583 31274 23014
0.9952886812213113 31384 23260
0.9952589358699709 31524 23465
0.9952338463127534 31598 23682
0.9952097913764519 31822 23737
0.9951897887054055 31996 23795
0.9951732347707466 31986 23997
0.9951515077315065 32061 24174
0.9951277114504342 32176 24335
0.9951019321459391 32418 24392
0.9950776185544087 32540 24552
0.9950560639519881 32733 24609
0.9950463212716939 32801 24654
0.9950345093495675 32763 24829
0.995012351218279 32889 24960
0.9949940729154264 32949 25112
0.9949832956142161 32964 25222
0.994966483024328 33027 25354
0.9949547573206112 33112 25405
0.9949463079164623 33176 25439
0.9949402726277845 33204 25481
0.9949332027181905 33171 25596
0.994921132140835 33229 25678
0.9949069061032374 33302 25770
0.9948936284681463 33340 25886
0.9948831098221651 33427 25921
0.9948754363837033 33494 25943
0.9948640555536252 33548 26021
0.9948518125394503 33622 26089
0.9948425009512046 33675 26144
0.994833965328646 33721 26197
0.9948243950851713 33785 26244
0.9948182735780838 33829 26271
0.9948135315655513 33867 26288
0.9948058581270895 33885 26359
0.9947968914124826 33941 26407
0.9947858554560433 34030 26446
0.9947794752937267 34083 26467
0.9947794752937267 34083 26467
0.9947794752937267 34083 26467
0.9947570585072093 34326 26484
0.9947494712871572 34405 26493
0.9947400734805019 34391 26616
0.9947315378579433 34457 26649
0.994722657361746 34536 26673
0.9947152425785133 34622 26673
0.9947095521634742 34688 26673
0.9947038617484352 34696 26731
0.9946967918388412 34734 26775
0.9946891184003795 34793 26805
0.9946779962255304 34889 26838
0.9946684259820557 34976 26862
0.9946530791051322 35154 26862
0.9946494579319256 35193 26865
0.9946494579319256 35162 26896
0.9946438537352962 35209 26914
0.9946363527336538 35273 26937
0.9946236786274305 35397 26960
0.9946140221655461 35491 26978
0.9945935021840416 35729 26978
0.9945935021840416 35729 26978
0.9945871220217252 35771 27010
0.994579276146444 35842 27030
0.9945477202085002 36190 27048
0.9945252172035731 36410 27089
0.9945073699927689 36617 27089
0.9945073699927689 36617 27089
0.994473917249812 36968 27126
0.9944597774306242 37123 27135
0.9944279628374513 37472 27155
0.9944089947873211 37666 27181
0.9943786459071129 37988 27211
0.9943331225868006 38481 27246
0.9943073432823055 38767 27259
0.9942726834816132 39154 27274
0.9942525083737475 39353 27309
0.9941944833840312 40008 27327
0.9941366308311342 40653 27353
0.9940723981159209 41364 27387
0.9940162699312175 41984 27418
0.9939777303020895 42414 27435
0.9939376387415871 42866 27448
0.9939088417927532 43157 27491
0.9938648704038151 43638 27520
0.9937908950083075 44455 27561
0.9937246792696715 45190 27594
0.9936714825108973 45765 27636
0.9936067324852258 46500 27652
0.9935663822694945 46949 27671
0.9935329295265376 47282 27726
0.9934778359627505 47864 27783
0.9934309331478833 48362 27829
0.9933514397741561 49248 27865
0.993286258656436 49953 27916
0.9932471154984402 50390 27933
0.9932289234139973 50587 27947
0.9931976261312825 50890 28007
0.9931474470168473 51432 28047
0.9930871803484793 52071 28107
0.9930254479671466 52744 28150
0.9929759585999889 53276 28192
0.9929356083842575 53719 28217
0.9929221583123471 53854 28238
0.9928915507769098 54160 28287
0.9928412854440649 54820 28210
0.9928007627915142 55256 28244
0.9927617920703377 55706 28246
0.9927060087592731 56305 28294
0.9926678140037838 56733 28309
0.9926510876323054 56919 28317
0.9926294468114751 57133 28354
0.9925928902057697 57523 28388
0.9925383139524407 58132 28412
0.9924839963543408 58739 28435
0.9924278681696375 59364 28461
0.9923811377915895 59895 28472
0.9923464779908973 60284 28485
0.9923144047424953 60627 28514
0.99226698461717 61139 28552
0.9921913710718785 61992 28576
0.9921078254328962 62929 28608
0.9920266939093849 63846 28632
0.9919424585231252 64807 28648
0.9918690866564854 65642 28664
0.9918269258541507 66076 28719
0.9917275160277869 67203 28745
0.9915526650929508 69186 28790
0.991408421693552 70804 28845
0.991313667661311 71859 28889
0.9911802877815322 73382 28913
0.9910857061861106 74465 28927
0.9909275816227529 76232 28994
0.9907843728442703 77849 29038
0.9906221960156576 79680 29088
0.9904318257670788 81823 29153
0.9902743047325888 83583 29220
0.9901556682008658 84924 29255
0.9900544477878985 86065 29288
0.9899025309500381 87728 29387
0.9897872569362927 88982 29470
0.9895624855422505 91515 29544
0.9892887420915086 94676 29558
0.9889965479010947 97934 29689
0.9887713454150041 100492 29743
0.988601667584749 102413 29790
0.988421643545332 104387 29904
0.9881132402938979 107865 30003
0.9876193812432367 113489 30107
0.9871550951070966 118758 30223
0.986469658750121 126554 30377
0.9860103732817426 131795 30463
0.9856980902018726 135345 30535
0.9850635227066097 142544 30696
0.984350410240126 150646 30865
0.9834496002957637 160912 31047
0.9825708622642799 170925 31226
0.9816255636205214 181649 31466
0.9808376997928431 190683 31570
0.9801283809363854 198823 31657
0.9792938729490688 208194 31965
0.9781534620441988 221130 32256
0.9767096485556562 237331 32801
0.9751949635343548 254525 33175
0.9736681217172879 271794 33615
0.9723212177212285 287134 33897
0.971227364757587 299732 33986
0.9700572947197863 313216 34073
0.9682425696327898 333198 35139
0.9661801390547755 356507 35751
0.9644509426301839 375956 36358
0.9629925582304051 392035 37194
0.9619761293986585 403462 37556
0.9614297633365008 409498 37857
0.9609826346638874 413754 38787
0.9596314197473439 428548 39665
0.9586719812843973 438834 40507
0.9579216224649308 446723 41321
0.9573936209240355 451904 42264
0.9568227688335279 458083 42706
0.9566164481791577 460170 43012
0.9562463125463909 463410 44065
0.9555638076153445 470503 44888
0.9551325431301128 506502 13891
0.9547343002957895 510906 14106
0.9541938833038998 516977 14303
0.9537921917331892 521518 14421
0.9536256177656827 523255 14616
0.9533898966336108 525766 14839
0.9529431128346363 530762 15025
0.9525571130144879 535068 15196
0.9522625909270126 538328 15352
0.9519846227741963 541382 15522
0.9518229632560417 543161 15618
0.9517261399819683 544147 15755
0.9515622387851619 545865 15938
0.9512894437369266 548890 16077
0.9510682935160911 551313 16219
0.950784031419368 554490 16339
0.9504720069947271 557987 16461
0.9502865511955002 560052 16547
0.9502222322618771 560700 16645
0.9500612624909999 562426 16786
0.9497991585255652 565341 16911
0.9495745595683424 567824 17033
0.9493519436345422 570297 17142
0.9491361389551071 572688 17254
0.948979738759943 574436 17320
0.9489056771460258 575229 17386
0.9487369477182772 577065 17507
0.9484721709821423 580040 17603
0.9482347254818768 582705 17692
0.9482347254818768 582705 17692
0.9479965902343339 585367 17792
0.9475673949909346 590186 17951
0.9474747964189356 591157 18054
0.9472841675151277 593244 18178
0.9469706773775223 596780 18278
0.9466994342606612 599833 18371
0.9464550050692114 602584 18455
0.9462204047764654 605215 18545
0.9460333108274545 607304 18626
0.9459487305675559 608214 18697
0.9457592225030739 610288 18821
0.9454822889711738 613382 18939
0.945259586818964 615866 19038
0.9450576633034877 618157 19089
0.9449900680702966 618872 19158
0.9449170410772956 619677 19200
0.9448431519001977 620500 19234
0.9446985636271602 622050 19361
0.9444544793093491 624801 19441
0.9442601430139249 626968 19528
0.9441055534053642 628708 19581
0.9440296812048437 629525 19644
0.943957085303891 630310 19701
0.9438815579770091 631137 19750
0.943722226355916 632908 19827
0.9434638297820976 635849 19883
0.9432118133705958 638719 19936
0.9430352380675661 640711 19992
0.9428635772138882 642656 20038
0.9427283005290965 644185 20078
0.9426455308558014 645101 20122
0.9424645584138779 647128 20194
0.9422121971287373 649999 20250
0.9419848391824046 652592 20294
0.9417949000258742 654737 20352
0.9416121169973474 656813 20396
0.9414715809895648 658404 20435
0.9413912254317408 659299 20472
0.9412637084038205 660696 20554
0.941004535864315 663684 20572
0.9407828683330214 666207 20620
0.9405721505397574 668596 20675
0.9403494483875476 671128 20726
0.940193220629203 672887 20779
0.9400904482848614 674044 20814
0.939936634641988 675763 20879
0.9396762550447469 678729 20933
0.9394369989578781 681455 20982
0.9392056749647 684102 21018
0.9389714195455928 686771 21066
0.9387717377087682 689061 21092
0.9386627576389296 690293 21124
0.9385029087073783 692098 21173
0.9382335623955302 695179 21216
0.9380221548549889 697587 21260
0.9377992802659596 700137 21295
0.9375890797831538 702518 21352
0.9374390597503063 704221 21389
0.9373637910786535 705060 21423
0.9372042008023312 706862 21472
0.9369785672241923 709439 21512
0.9367932838617846 711549 21551
0.9366105008332578 713621 21599
0.9364471169469095 715481 21634
0.9363164098378309 716969 21662
0.9362425206607331 717786 21702
0.9360944836513083 719455 21750
0.9358636769685883 722089 21793
0.9356550284171568 724481 21821
0.9353586957430781 727880 21859
0.9351310791415164 730492 21887
0.9349505377916413 732570 21903
0.9348538869543873 733671 21923
0.9346726558572347 735740 21956
0.9344042579478932 738821 21988
0.93413905011971 741879 22006
0.9339003113432992 744620 22034
0.9336623485325756 747362 22052
