1 1
7 1
12 1
22 1
49 1
108 1
168 1
199 1
238 1
266 1
310 4
310 4
555 4
684 5
881 5
1052 6
1232 11
1441 45
1743 52
2219 38
2485 330
3063 338
3392 351
3686 583
4212 725
5340 895
6137 1147
7718 1416
9046 1790
9859 2040
10374 2401
11004 2960
11842 3506
12755 4015
13901 4530
14493 5198
15196 5618
16002 6192
16482 6921
17296 7687
18080 8587
18686 9332
19584 10063
19979 10610
20094 11025
22026 11547
22390 12419
23014 13124
23382 13801
24056 14440
25260 14723
25956 15000
26194 15695
26507 16290
27492 16801
27991 17334
28255 17879
28602 18085
29060 18274
29075 18784
29349 19170
29437 19595
29541 19976
29753 20153
29965 20302
30052 20457
29711 21070
30025 21395
30289 21722
30604 21992
30783 22298
31045 22404
31286 22493
31201 22780
31274 23014
31384 23260
31524 23465
31598 23682
31822 23737
31996 23795
31986 23997
32061 24174
32176 24335
32418 24392
32540 24552
32733 24609
32801 24654
32763 24829
32889 24960
32949 25112
32964 25222
33027 25354
33112 25405
33176 25439
33204 25481
33171 25596
33229 25678
33302 25770
33340 25886
33427 25921
33494 25943
33548 26021
33622 26089
33675 26144
33721 26197
33785 26244
33829 26271
33867 26288
33885 26359
33941 26407
34030 26446
34083 26467
34083 26467
34083 26467
34326 26484
34405 26493
34391 26616
34457 26649
34536 26673
34622 26673
34688 26673
34696 26731
34734 26775
34793 26805
34889 26838
34976 26862
35154 26862
35193 26865
35162 26896
35209 26914
35273 26937
35397 26960
35491 26978
35729 26978
35729 26978
35771 27010
35842 27030
36190 27048
36410 27089
36617 27089
36617 27089
36968 27126
37123 27135
37472 27155
37666 27181
37988 27211
38481 27246
38767 27259
39154 27274
39353 27309
40008 27327
40653 27353
41364 27387
41984 27418
42414 27435
42866 27448
43157 27491
43638 27520
44455 27561
45190 27594
45765 27636
46500 27652
46949 27671
47282 27726
47864 27783
48362 27829
49248 27865
49953 27916
50390 27933
50587 27947
50890 28007
51432 28047
52071 28107
52744 28150
53276 28192
53719 28217
53854 28238
54160 28287
54820 28210
55256 28244
55706 28246
56305 28294
56733 28309
56919 28317
57133 28354
57523 28388
58132 28412
58739 28435
59364 28461
59895 28472
60284 28485
60627 28514
61139 28552
61992 28576
62929 28608
63846 28632
64807 28648
65642 28664
66076 28719
67203 28745
69186 28790
70804 28845
71859 28889
73382 28913
74465 28927
76232 28994
77849 29038
79680 29088
81823 29153
83583 29220
84924 29255
86065 29288
87728 29387
88982 29470
91515 29544
94676 29558
97934 29689
100492 29743
102413 29790
104387 29904
107865 30003
113489 30107
118758 30223
126554 30377
131795 30463
135345 30535
142544 30696
150646 30865
160912 31047
170925 31226
181649 31466
190683 31570
198823 31657
208194 31965
221130 32256
237331 32801
254525 33175
271794 33615
287134 33897
299732 33986
313216 34073
333198 35139
356507 35751
375956 36358
392035 37194
403462 37556
409498 37857
413754 38787
428548 39665
438834 40507
446723 41321
451904 42264
458083 42706
460170 43012
463410 44065
470503 44888
506502 13891
510906 14106
516977 14303
521518 14421
523255 14616
525766 14839
530762 15025
535068 15196
538328 15352
541382 15522
543161 15618
544147 15755
545865 15938
548890 16077
551313 16219
554490 16339
557987 16461
560052 16547
560700 16645
562426 16786
565341 16911
567824 17033
570297 17142
572688 17254
574436 17320
575229 17386
577065 17507
580040 17603
582705 17692
582705 17692
585367 17792
590186 17951
591157 18054
593244 18178
596780 18278
599833 18371
602584 18455
605215 18545
607304 18626
608214 18697
610288 18821
613382 18939
615866 19038
618157 19089
618872 19158
619677 19200
620500 19234
622050 19361
624801 19441
626968 19528
628708 19581
629525 19644
630310 19701
631137 19750
632908 19827
635849 19883
638719 19936
640711 19992
642656 20038
644185 20078
645101 20122
647128 20194
649999 20250
652592 20294
654737 20352
656813 20396
658404 20435
659299 20472
660696 20554
663684 20572
666207 20620
668596 20675
671128 20726
672887 20779
674044 20814
675763 20879
678729 20933
681455 20982
684102 21018
686771 21066
689061 21092
690293 21124
692098 21173
695179 21216
697587 21260
700137 21295
702518 21352
704221 21389
705060 21423
706862 21472
709439 21512
711549 21551
713621 21599
715481 21634
716969 21662
717786 21702
719455 21750
722089 21793
724481 21821
727880 21859
730492 21887
732570 21903
733671 21923
735740 21956
738821 21988
741879 22006
744620 22034
747362 22052
