1.0 0 0
1.0 0 0
1.0 0 0
1.0 0 0
1.0 0 0
1.0 0 0
1.0 0 0
1.0 0 0
1.0 0 0
1.0 0 0
0.9999998290628533 2 0
0.9999998290628533 2 0
0.99999974359428 3 0
0.9999991453142667 10 0
0.9999991453142667 10 0
0.9999990598456934 11 0
0.9999990598456934 11 0
0.99999897437712 12 0
0.99999897437712 12 0
0.9999987179713999 15 0
0.9999983760971066 19 0
0.99999794875424 24 0
0.99999769234852 27 0
0.9999975214113733 29 0
0.9999972650056533 32 0
0.9999963248513466 43 0
0.9999947864170267 61 0
0.9999936753255733 74 0
0.99999307704556 80 1
0.9999917095483867 93 4
0.9999908548626533 101 6
0.9999901711140666 107 8
0.99998948736548 114 9
0.9999887181483199 122 10
0.9999881198683066 128 11
0.9999865814339866 145 12
0.9999843592510799 170 13
0.9999834190967732 178 16
0.9999820515995999 193 17
0.9999774362966399 244 20
0.9999770944223465 247 21
0.9999764961423332 253 22
0.9999743594279998 274 26
0.9999717953707998 301 29
0.9999697441250398 320 34
0.9999660689763865 362 35
0.9999623083591598 398 43
0.9999602571133998 408 57
0.9999578639933464 431 62
0.9999555563418664 457 63
0.9999517957246398 500 64
0.9999488897931464 527 71
0.9999479496388397 528 81
0.9999399155929464 616 87
0.9999310268613196 709 98
0.999925984215493 766 100
0.9999188048553329 820 130
0.9999133348666396 863 151
0.9999100015922795 888 165
0.9999051298835995 934 176
0.9999002581749195 973 194
0.9998949591233728 1029 200
0.9998743611971993 1240 230
0.999863763094106 1352 242
0.9998563273282259 1425 256
0.9998459856308525 1529 273
0.9998388062706924 1597 289
0.9998221398988923 1760 321
0.9998063282128257 1923 343
0.9997917130867856 2065 372
0.9997815423265588 2165 391
0.999758038468892 2410 421
0.9997466711486387 2523 441
0.9997309449311452 2667 481
0.9997117999707185 2864 508
0.9996942789131851 2979 598
0.999672997238425 3188 638
0.9996506044722114 3426 662
0.999635647471878 3586 677
0.9996170153228913 3759 722
0.9995795800877711 4167 752
0.9995566745101176 4411 776
0.9995231708293708 4774 805
0.9994944533887307 5066 849
0.9994647103252104 5384 879
0.999430779301597 5752 908
0.9993900962606901 6185 951
0.9993360801223431 6799 969
0.9992831750754495 7356 1031
0.9992537738862227 7682 1049
0.9991801854445823 8393 1199
0.9991468527009821 8701 1281
0.9990999304542219 9051 1480
0.9990606149104884 9317 1674
0.9990053167435414 9731 1907
0.9989534373195278 10172 2073
0.9989121559986075 10562 2166
0.9988583107974073 11002 2356
0.9988339522540072 11092 2551
0.998807798870567 11315 2634
0.9987483982121 11967 2677
0.9986939547308864 12508 2773
0.9986184005120593 13260 2905
0.9985531025220323 13939 2990
0.9984750697145786 14489 3353
0.9984223356048316 14735 3724
0.9983698579008047 15011 4062
0.9983006283564043 15472 4411
0.9982320825605906 16004 4681
0.9981625111418969 16800 4699
0.9980790083457498 17091 5385
0.997990462903776 17686 5826
0.9979155924335356 18161 6227
0.9978211496600018 18816 6677
0.9977445698182946 19243 7146
0.9976507253247742 19816 7671
0.9975638892542671 20252 8251
0.9974852581668 20753 8670
0.9973781660444128 21548 9128
0.9973056886942256 21993 9531
0.9972543220816521 22126 9999
0.9971608194624249 22756 10463
0.9970746671405044 23262 10965
0.9969634725265972 23899 11629
0.9968532180669966 24732 12086
0.9967461259446093 25421 12650
0.9966413414737021 26196 13101
0.9965377535628216 27104 13405
0.9964492081208478 27617 13928
0.9963262188438204 28524 14460
0.9962297248245267 29121 14992
0.996105624456046 29945 15620
0.9959658833386452 31113 16087
0.9958815258567647 31537 16650
0.9957906727633109 32090 17160
0.9956524700802302 33150 17717
0.9955370020376563 33919 18299
0.9953713639425353 35193 18963
0.9952050420988279 36171 19931
0.9950310280835203 37832 20306
0.9949076114636263 38878 20704
0.9947871862437989 39898 21093
0.994670436172625 40794 21563
0.9945184730492375 42086 22049
0.9944230046528236 42815 22437
0.9943201004905298 43369 23087
0.9941641203441957 44795 23486
0.9940660024220084 45677 23752
0.9939162614815277 47056 24125
0.9938183144964872 47636 24691
0.9937151539284732 48220 25314
0.9935698573538058 49035 26199
0.9934369537222717 50230 26559
0.9932656747013109 51761 27032
0.9931494374415769 52844 27309
0.9930047391469228 54108 27738
0.9928752542583221 54651 28710
0.992723120197788 55319 29822
0.992613549486774 55585 30838
0.99248808162112 56228 31663
0.9923885962017595 56564 32491
0.9923079138685325 56551 33448
0.9921680872825583 57100 34535
0.9920233889879042 57814 35514
0.9918744172645835 58414 36657
0.9917557868847962 58855 37604
0.9916283532419554 59288 38662
0.9915261328282483 59505 39641
0.9914237414773944 59795 40549
0.991348614601434 59629 41594
0.9911951130437265 60224 42795
0.9910215263712856 60852 44198
0.9909347757693517 60649 45416
0.9908176838238845 60928 46507
0.9907328989991374 60098 48329
0.9906711906891904 59244 49905
0.9905858075844299 58520 51628
0.9905130738285228 57460 53539
0.9904194857407224 56971 55123
0.9903310257673219 55817 57312
0.9902216259934546 54649 59760
0.9901408581916542 53667 61687
0.9900883804876273 52505 63463
0.9900345352864269 51163 65435
0.9899773568108666 50042 67225
0.9899208620838931 48651 69277
0.9898479573908393 47609 71172
0.9897796680007457 46393 73187
0.989723173273772 45277 74964
0.9896780458670518 43882 76887
0.989606679608318 41400 80204
0.9895465097326911 40113 82195
0.9894578788221439 38983 84362
0.9893843758490769 37529 86676
0.9893017277386631 36682 88490
0.9892324981942627 35889 90093
0.9891633541184357 35161 91630
0.9890925861397153 35027 92592
0.9890355786013016 34623 93663
0.988985494017328 34363 94509
0.9889387427077145 34192 95227
0.9888847265693675 34044 96007
0.9888489152371407 33852 96618
0.9888313087110339 33442 97234
0.9888048134533004 33092 97894
0.9887648996295536 32907 98546
0.9887190030056733 32703 99287
0.9886653287416197 32752 99866
0.9886137057233261 32554 100668
0.9885820823511926 32358 101234
0.9885556725620325 32252 101649
0.9885281516814189 31999 102224
0.9884924258177654 31815 102826
0.9884351618736318 31817 103494
0.9884005471014317 31550 104166
0.9883575564090448 31520 104699
0.9883276424083779 31391 105178
0.9883020873049511 31220 105648
0.9882816603159243 30971 106136
0.9882508061609508 30770 106698
0.9882304646404974 30246 107460
0.9882079864057106 29929 108040
0.9881860209823639 29617 108609
0.9881657649304837 29385 109078
0.9881562779188436 29163 109411
0.9881459362214703 28846 109849
0.9881265348553235 28488 110434
0.9881078172377634 28122 111019
0.9880926038317099 27413 111906
0.9880718349683899 27227 112335
0.9880591856195364 27045 112665
0.9880539720365631 26807 112964
0.9880438012763364 26431 113459
0.9880312373960564 25985 114052
0.9880149128985496 25340 114888
0.9879963662181361 24911 115534
0.9879820929663894 24371 116241
0.9879678197146426 24085 116694
0.9879614950402159 23550 117303
0.9879530336514559 23066 117886
0.9879383330568425 22683 118441
0.9879214957478958 22324 118997
0.9879075643704424 22020 119464
0.9878950004901623 21738 119893
0.9878842314499222 21529 120228
0.9878777358383488 21254 120579
0.9878748299068555 21071 120796
0.9878689325752955 20659 121277
0.9878581635350554 20462 121600
0.987846283403362 20047 122154
0.9878341468659486 19663 122680
0.9878269675057886 19412 123015
0.9878228650142685 19214 123261
0.9878155147169618 18878 123683
0.9878067114539084 18657 124007
0.987797138973695 18240 124536
0.9877874810249083 17927 124962
0.9877720966817083 17729 125340
0.9877625242014949 17512 125669
0.9877569687442282 17260 125986
0.9877462851725615 17058 126313
0.9877375673780814 16818 126655
0.9877293623950414 16361 127208
0.9877133797718279 16176 127580
0.9877050038516413 15925 127929
0.9876991919886545 15838 128084
0.9876944057485478 15733 128245
0.9876896195084411 15570 128464
0.9876799615596544 15384 128763
0.9876689361136944 15134 129142
0.9876591926963344 14731 129659
0.9876503039647077 14501 129993
0.9876419280445209 14363 130229
0.9876393639873209 14198 130424
0.9876320136900142 14049 130659
0.9876232958955341 13352 131458
0.9876075696780408 12349 132645
0.9875911597119607 12189 132997
0.9875792795802673 11948 133377
0.9875650063285205 11904 133588
0.9875591944655339 11766 133794
0.9875509040139204 11679 133978
0.9875347504535603 11614 134232
0.987516460178867 11566 134494
0.9874886828925334 11661 134724
0.9874620166976533 11798 134899
0.9874335556627332 11924 135106
0.9874232994339331 11911 135239
0.987406633062133 11882 135463
0.9873749242214261 11970 135746
0.9873323608719059 12235 135979
0.9872938145453324 12479 136186
0.9872524477558389 12576 136573
0.9871993717717986 12920 136850
0.9871777482227451 13018 137005
0.9871468085991982 13034 137351
0.9870892027807713 13467 137592
0.9870033068645708 13947 138117
0.986912966582557 14658 138463
0.9868728818216636 14753 138837
0.9868080111745031 15287 139062
0.9867657896992763 15523 139320
0.9867016028007026 15868 139726
0.986591091935382 16842 140045
0.9864641711039813 17644 140728
0.9863144301635005 18862 141262
0.9862408417218601 19300 141685
0.986149390348393 19856 142199
0.9860975963929527 20213 142448
0.9860112731338856 20781 142890
0.9858747798222716 21524 143744
0.9857283721561507 22508 144473
0.9855651271810832 23321 145570
0.9853717117996288 24944 146210
0.9852312014650682 25743 147055
0.9851373569715476 26433 147463
0.9850183847174669 27064 148224
0.9848924895089463 27635 149126
0.9847166806535987 28654 150164
0.9845288207294111 29750 151266
0.9843089100902231 31739 151850
0.9841301953033822 33136 152544
0.9840017360376615 34110 153073
0.9838692597489942 34826 153907
0.9836678103216464 35831 155259
0.9834408912594452 37403 156342
0.9832145704772574 38831 157562
0.9830552570565632 39636 158621
0.982907225487549 40167 159822
0.9828176544226953 40613 160424
0.9826654348935878 41298 161520
0.98246116500332 42548 162660
0.9822162120721454 43530 164544
0.9819895494156642 44778 165948
0.9817616901991563 45850 167542
0.981590325709622 46568 168829
0.9814674219011681 47234 169601
0.9813422959098074 47534 170765
0.9811605042543264 48149 172277
0.9809877722676189 48538 173909
0.9808350399270713 48701 175533
0.9806917945981639 48777 177133
0.9805876938758434 49021 178107
0.9805159857428164 49131 178836
0.9804117140833492 48908 180279
0.9802797506061217 48830 181901
0.9801283857627476 48796 183706
0.9800128322516003 48481 185373
0.9799065093463731 48033 187065
0.979826339824586 47599 188437
0.9797668536975457 47755 188977
0.9797316406453321 46853 190291
0.9796836073071186 46277 191429
0.9796161726027582 45854 192641
0.9795282254407978 45637 193887
0.9794297656443173 45453 195223
0.9793361775565167 45637 196134
0.9792916484298099 45696 196596
0.9792160942109828 45588 197588
0.9791131900486889 44227 200153
0.978998747628995 44340 201379
0.9789044757926078 44164 202658
0.978813109887714 44332 203559
0.978757042503607 44366 204181
