0 0
0 0
0 0
0 0
0 0
0 0
0 0
0 0
0 0
0 0
2 0
2 0
3 0
10 0
10 0
11 0
11 0
12 0
12 0
15 0
19 0
24 0
27 0
29 0
32 0
43 0
61 0
74 0
80 1
93 4
101 6
107 8
114 9
122 10
128 11
145 12
170 13
178 16
193 17
244 20
247 21
253 22
274 26
301 29
320 34
362 35
398 43
408 57
431 62
457 63
500 64
527 71
528 81
616 87
709 98
766 100
820 130
863 151
888 165
934 176
973 194
1029 200
1240 230
1352 242
1425 256
1529 273
1597 289
1760 321
1923 343
2065 372
2165 391
2410 421
2523 441
2667 481
2864 508
2979 598
3188 638
3426 662
3586 677
3759 722
4167 752
4411 776
4774 805
5066 849
5384 879
5752 908
6185 951
6799 969
7356 1031
7682 1049
8393 1199
8701 1281
9051 1480
9317 1674
9731 1907
10172 2073
10562 2166
11002 2356
11092 2551
11315 2634
11967 2677
12508 2773
13260 2905
13939 2990
14489 3353
14735 3724
15011 4062
15472 4411
16004 4681
16800 4699
17091 5385
17686 5826
18161 6227
18816 6677
19243 7146
19816 7671
20252 8251
20753 8670
21548 9128
21993 9531
22126 9999
22756 10463
23262 10965
23899 11629
24732 12086
25421 12650
26196 13101
27104 13405
27617 13928
28524 14460
29121 14992
29945 15620
31113 16087
31537 16650
32090 17160
33150 17717
33919 18299
35193 18963
36171 19931
37832 20306
38878 20704
39898 21093
40794 21563
42086 22049
42815 22437
43369 23087
44795 23486
45677 23752
47056 24125
47636 24691
48220 25314
49035 26199
50230 26559
51761 27032
52844 27309
54108 27738
54651 28710
55319 29822
55585 30838
56228 31663
56564 32491
56551 33448
57100 34535
57814 35514
58414 36657
58855 37604
59288 38662
59505 39641
59795 40549
59629 41594
60224 42795
60852 44198
60649 45416
60928 46507
60098 48329
59244 49905
58520 51628
57460 53539
56971 55123
55817 57312
54649 59760
53667 61687
52505 63463
51163 65435
50042 67225
48651 69277
47609 71172
46393 73187
45277 74964
43882 76887
41400 80204
40113 82195
38983 84362
37529 86676
36682 88490
35889 90093
35161 91630
35027 92592
34623 93663
34363 94509
34192 95227
34044 96007
33852 96618
33442 97234
33092 97894
32907 98546
32703 99287
32752 99866
32554 100668
32358 101234
32252 101649
31999 102224
31815 102826
31817 103494
31550 104166
31520 104699
31391 105178
31220 105648
30971 106136
30770 106698
30246 107460
29929 108040
29617 108609
29385 109078
29163 109411
28846 109849
28488 110434
28122 111019
27413 111906
27227 112335
27045 112665
26807 112964
26431 113459
25985 114052
25340 114888
24911 115534
24371 116241
24085 116694
23550 117303
23066 117886
22683 118441
22324 118997
22020 119464
21738 119893
21529 120228
21254 120579
21071 120796
20659 121277
20462 121600
20047 122154
19663 122680
19412 123015
19214 123261
18878 123683
18657 124007
18240 124536
17927 124962
17729 125340
17512 125669
17260 125986
17058 126313
16818 126655
16361 127208
16176 127580
15925 127929
15838 128084
15733 128245
15570 128464
15384 128763
15134 129142
14731 129659
14501 129993
14363 130229
14198 130424
14049 130659
13352 131458
12349 132645
12189 132997
11948 133377
11904 133588
11766 133794
11679 133978
11614 134232
11566 134494
11661 134724
11798 134899
11924 135106
11911 135239
11882 135463
11970 135746
12235 135979
12479 136186
12576 136573
12920 136850
13018 137005
13034 137351
13467 137592
13947 138117
14658 138463
14753 138837
15287 139062
15523 139320
15868 139726
16842 140045
17644 140728
18862 141262
19300 141685
19856 142199
20213 142448
20781 142890
21524 143744
22508 144473
23321 145570
24944 146210
25743 147055
26433 147463
27064 148224
27635 149126
28654 150164
29750 151266
31739 151850
33136 152544
34110 153073
34826 153907
35831 155259
37403 156342
38831 157562
39636 158621
40167 159822
40613 160424
41298 161520
42548 162660
43530 164544
44778 165948
45850 167542
46568 168829
47234 169601
47534 170765
48149 172277
48538 173909
48701 175533
48777 177133
49021 178107
49131 178836
48908 180279
48830 181901
48796 183706
48481 185373
48033 187065
47599 188437
47755 188977
46853 190291
46277 191429
45854 192641
45637 193887
45453 195223
45637 196134
45696 196596
45588 197588
44227 200153
44340 201379
44164 202658
44332 203559
44366 204181
