2 0
2 0
2 0
4 0
4 0
13 0
13 0
20 0
25 0
31 0
38 0
52 0
151 0
151 0
162 0
199 1
318 3
367 5
613 8
780 13
1004 17
1519 27
1888 36
2199 48
2493 61
2902 83
3319 98
3787 117
4114 142
4300 279
5389 328
6469 367
7593 451
8570 486
9788 572
10517 613
11470 691
13221 813
15224 946
16969 1123
18408 1230
19430 1297
20796 1396
21929 1501
20684 4578
12558 15762
14475 15950
17515 16167
20278 16380
14062 24592
16026 24717
17347 25732
17533 28224
20132 29904
22684 31359
26107 33217
28662 34438
31701 35745
35608 37627
40040 39645
45246 41941
47751 44451
49402 47698
51784 50042
55438 53182
59296 56159
66653 59958
71233 64540
77580 69314
83720 72341
86619 76080
90557 79037
93156 85058
98473 91664
109687 93478
120359 99932
128177 105334
130840 110240
138056 117312
147108 124777
156037 135542
164080 146007
174412 156478
182798 164600
190634 172577
197592 177306
208117 183105
219576 192245
233880 204358
247812 217354
268714 229726
278980 235869
285430 241017
300546 254837
312851 271165
325957 288984
343805 301966
359767 313079
371351 320407
292021 415391
304360 435143
318820 453596
331944 470884
341859 486951
348358 502156
355151 512473
366603 521668
387943 535246
387821 567556
395814 582328
432328 600585
440824 626755
444632 638709
453463 653007
465298 680608
474332 714299
493619 734495
516614 758360
528882 784785
540503 803640
552070 816125
554129 847912
570479 878274
477282 1019576
491292 1047789
522008 1054996
509143 1093912
495255 1128029
494836 1173753
505352 1207808
515148 1240631
513068 1287759
524293 1315557
527738 1336943
520883 1364084
529266 1397558
541284 1425464
537932 1474219
539957 1506371
548680 1526180
559829 1538560
524226 1594420
522828 1636826
552768 1674746
583080 1704395
564914 1778452
522705 1871808
519174 1899917
508116 1934259
525903 1957288
539329 2012936
562032 2048070
561156 2101329
576332 2131545
576697 2156980
556677 2193641
548618 2253303
571456 2287617
583177 2329035
590571 2371871
590398 2422014
577390 2458032
564888 2492582
557266 2552364
554356 2610429
598313 2626563
552016 2723504
586986 2730110
577328 2762869
551954 2807616
546220 2861134
543621 2913031
545353 2956622
563414 2968916
554146 3028216
543255 3062528
531296 3091565
520864 3149131
517044 3200112
519896 3241495
526516 3278287
523706 3322447
503868 3358443
518300 3389972
483095 3467836
486776 3511089
487589 3554049
502021 3589780
497798 3625202
488716 3648805
471633 3676161
462188 3699885
457718 3740171
451223 3787223
456610 3825554
461271 3854416
475624 3854831
443466 3902144
437639 3944624
439513 3979570
446517 4008869
461851 4033332
454815 4073425
444288 4100341
427336 4130704
436428 4154936
406432 4184932
414940 4242762
420586 4269027
423278 4294713
417857 4314452
406034 4339430
397449 4380073
392209 4418726
402753 4444339
402753 4444339
399738 4507095
393583 4521706
382678 4544557
391307 4577834
395294 4605400
391395 4637049
403395 4652493
429585 4653052
418098 4676881
426326 4677082
436237 4677391
462723 4678140
490533 4678853
520693 4679607
544294 4680068
544294 4680068
570158 4680569
592724 4681230
616976 4681796
641337 4682293
670792 4682864
697339 4683296
710601 4683527
726064 4683790
366962 5072679
362037 5106233
372833 5121543
369746 5146912
370560 5165045
363293 5182412
354515 5199691
344856 5221193
350757 5239268
350757 5239268
351010 5280171
352651 5300910
354546 5309569
349178 5325854
352233 5346772
361355 5386305
362844 5418738
371103 5439549
403849 5445110
417843 5445250
374952 5501512
386760 5524998
395009 5550840
407640 5574127
420655 5599509
446608 5606178
444245 5627156
436939 5650669
438948 5679760
461827 5704779
475873 5728347
484940 5753410
536275 5753997
560471 5754269
564956 5770922
500665 5886122
502841 5933809
519275 5967809
532259 6001709
535711 6041466
559942 6043598
549068 6074843
531348 6143651
583339 6145113
558815 6222984
577503 6258724
620717 6259410
582201 6319751
587261 6339884
580752 6389282
617681 6422927
624060 6486374
654373 6508605
637861 6575294
643319 6595281
607018 6656601
629221 6689600
663580 6701937
721246 6702699
745355 6703205
620822 6844984
615911 6868374
600506 6904327
616759 6946792
611233 7007967
632180 7043793
649795 7050783
627424 7088981
633556 7100190
607146 7146606
617823 7192577
641570 7232260
679654 7282019
675431 7338277
667957 7408041
671354 7434436
654795 7476817
706002 7489635
703492 7553044
722460 7601834
747171 7646321
759940 7695119
769243 7718856
741011 7770759
744293 7829571
807338 7830911
810129 7887239
791767 7962153
823881 7992373
806164 8038413
788760 8082633
818188 8115168
812539 8184337
857627 8201060
829244 8289269
804359 8372616
803854 8400877
801869 8427453
799035 8484383
799976 8539444
801301 8594992
820983 8626182
788139 8659026
825124 8699516
814288 8710352
788838 8810727
808035 8851132
840658 8873251
836302 8929153
830777 8978977
830220 9004293
805050 9061660
833777 9088204
803255 9175492
826414 9204212
850853 9233355
822666 9316482
825978 9342196
839812 9355348
819443 9438432
860169 9464294
874267 9516194
893227 9562403
891563 9625669
