0.9999999906024747 2 0
0.9999999906024747 2 0
0.9999999906024747 2 0
0.9999999812049494 4 0
0.9999999812049494 4 0
0.9999999389160855 13 0
0.9999999389160855 13 0
0.9999999060247469 20 0
0.9999998825309336 25 0
0.9999998543383577 31 0
0.9999998214470192 38 0
0.999999755664342 52 0
0.9999992904868391 151 0
0.9999992904868391 151 0
0.9999992388004498 162 0
0.999999060247469 199 1
0.9999984916971877 318 3
0.9999982520602924 367 5
0.9999970820683912 613 8
0.9999962738812145 780 13
0.9999952025633292 1004 17
0.9999927357129352 1519 27
0.9999909595806517 1888 36
0.999989441880314 2199 48
0.9999879993601789 2493 61
0.9999859741934746 2902 83
0.9999839443280075 3319 98
0.9999816560305945 3787 117
0.9999800020661399 4114 142
0.9999784843658023 4300 279
0.9999731371739008 5389 328
0.9999678792584897 6469 367
0.9999622031532024 7593 451
0.9999574480053954 8570 486
0.9999513208188933 9788 572
0.9999477027716488 10517 613
0.9999428583473514 11470 691
0.9999340575648984 13221 813
0.9999240210078671 15224 946
0.999914989986044 16969 1123
0.9999077256989792 18408 1230
0.9999026087464479 19430 1297
0.9998957250591581 20796 1396
0.9998899079909911 21929 1501
0.9998812998578069 20684 4578
0.9998669310416077 12558 15762
0.9998570401462187 14475 15950
0.9998417362762511 17515 16167
0.9998277527585895 20278 16380
0.99981837402833 14062 24592
0.9998085583131434 16026 24717
0.9997975820035812 17347 25732
0.9997849987171908 17533 28224
0.9997648927117897 20132 29904
0.9997460647698306 22684 31359
0.9997212506042491 26107 33217
0.9997035080764635 28662 34438
0.9996830872539645 31701 35745
0.9996558861169541 35608 37627
0.9996255790978288 40040 39645
0.9995903289803902 45246 41941
0.999566764685675 47751 44451
0.9995437501461902 49402 47698
0.9995215437938823 51784 50042
0.9994896204004036 55438 53182
0.999457504357656 59296 56159
0.9994050849614757 66653 59958
0.9993620348980298 71233 64540
0.9993097799585424 77580 69314
0.9992667064012832 83720 72341
0.9992355160147787 86619 76080
0.9992031180462718 90557 79037
0.9991626147121848 93156 85058
0.9991065913650482 98473 91664
0.9990453758851776 109687 93478
0.9989649048759465 120359 99932
0.998902787233646 128177 105334
0.9988672222991096 130840 110240
0.9988000863782937 138056 117312
0.9987224769155194 147108 124777
0.99862993948379 156037 135542
0.9985429747845694 164080 146007
0.9984452264250555 174412 156478
0.9983676592511452 182798 164600
0.9982933577172802 190634 172577
0.9982384432781302 197592 177306
0.9981617406765483 208117 183105
0.998064950864616 219576 192245
0.9979408236515563 233880 204358
0.9978142953707799 247812 217354
0.9976579487421944 268714 229726
0.9975808467457868 278980 235869
0.9975263504965131 285430 241017
0.9973903871003252 300546 254837
0.9972558474292219 312851 271165
0.9971105381941131 325957 288984
0.9969656753414565 343805 301966
0.9968384563425698 359767 313079
0.9967495933432367 371351 320407
0.9966760389126338 292021 415391
0.9965252509202691 304360 435143
0.9963706005450019 318820 453596
0.9962277017751352 331944 470884
0.9961056185238305 341859 486951
0.9960036365791644 348358 502156
0.9959232407501356 355151 512473
0.9958262253975959 366603 521668
0.9956621540032052 387943 535246
0.9955109102308631 387821 567556
0.9954039428990198 395814 582328
0.9951465869696376 432328 600585
0.9949836996634361 440824 626755
0.9949096377664665 444632 638709
0.9948009600850167 453463 653007
0.9946156596809504 465298 680608
0.9944149050465115 474332 714299
0.9942293838006003 493619 734495
0.9940091997825826 516614 758360
0.993827390559169 528882 784785
0.9936841910684924 540503 803640
0.993571176429112 552070 816125
0.9934121421082877 554129 847912
0.9931926535071428 570479 878274
0.9929666195296195 477282 1019576
0.9927682236740334 491292 1047789
0.9925900324978641 522008 1054996
0.9924676250319363 509143 1093912
0.9923725737621863 495255 1128029
0.9921596963200973 494836 1173753
0.991950267769797 505352 1207808
0.9917500112041996 515148 1240631
0.9915383413441128 513068 1287759
0.991354981529023 524293 1315557
0.9912383065535344 527738 1336943
0.9911429874543131 520883 1364084
0.9909463113458588 529266 1397558
0.9907587179456168 541284 1425464
0.9905453800247874 537932 1474219
0.9903847904135243 539957 1506371
0.9902507253174491 548680 1526180
0.9901401681309374 559829 1538560
0.9900449852958331 524226 1594420
0.989852298436873 522828 1636826
0.9895334404030982 552768 1674746
0.989251697895536 583080 1704395
0.9889890793519801 564914 1778452
0.98874875173846 522705 1871808
0.988633265549923 519174 1899917
0.9885238595602618 508116 1934259
0.9883320748637314 525903 1957288
0.9880075125320934 539329 2012936
0.9877357501964106 562032 2048070
0.9874896149122487 561156 2101329
0.9872763286778087 576332 2131545
0.9871551006013073 576697 2156980
0.9870769084919638 556677 2193641
0.9868344382426729 548618 2253303
0.9865658945594089 571456 2287617
0.9863162070106798 583177 2329035
0.9860801881625144 590571 2371871
0.9858453909926392 590398 2422014
0.9857372724639455 577390 2458032
0.985633674144926 564888 2492582
0.9853885866848362 557266 2552364
0.9851294264305944 554356 2610429
0.9848470730838871 598313 2626563
0.9846091089479825 552016 2723504
0.9844137531918342 586986 2730110
0.9843052070757389 577328 2762869
0.9842141779468218 551954 2807616
0.9839896522721107 546220 2861134
0.9837580126707398 543621 2913031
0.9835450506509229 545353 2956622
0.9834024197105274 563414 2968916
0.9831673312173678 554146 3028216
0.9830572814972227 543255 3062528
0.982977036028599 531296 3091565
0.9827555645496138 520864 3149131
0.9825339662040369 517044 3200112
0.9823261164379887 519896 3241495
0.9821221337536057 526516 3278287
0.9819278399178175 523706 3322447
0.9818519173108364 503868 3358443
0.9816359574804456 518300 3389972
0.981435512964342 483095 3467836
0.9812149812378878 486776 3511089
0.9810093023001862 487589 3554049
0.9807735982691187 502021 3589780
0.9806270015730424 497798 3625202
0.9805587708405277 488716 3648805
0.9805105004517719 471633 3676161
0.9804434068198198 462188 3699885
0.9802751159365649 457718 3740171
0.9800845482195623 451223 3787223
0.9798791277138068 456610 3825554
0.97972161109332 461271 3854416
0.9796522197664296 475624 3854831
0.9795810100183916 443466 3902144
0.9794087862707944 437639 3944624
0.9792357778298338 439513 3979570
0.9790651986491659 446517 4008869
0.9788782019917811 461851 4033332
0.9787228749946916 454815 4073425
0.9786458669735372 444288 4100341
0.9785828518675698 427336 4130704
0.9784262703008514 436428 4154936
0.9784262703008514 406432 4184932
0.9781145637838377 414940 4242762
0.9779646215687509 420586 4269027
0.9778312800821246 423278 4294713
0.9777640031984289 417857 4314452
0.9777021909757012 406034 4339430
0.9775515580425042 397449 4380073
0.9773945582859094 392209 4418726
0.9772246651245892 402753 4444339
0.9772246651245892 402753 4444339
0.9769439563448111 399738 4507095
0.9769042236077996 393583 4521706
0.9768480921891218 382678 4544557
0.9766511858412974 391307 4577834
0.9765029257832412 395294 4605400
0.9763725351195623 391395 4637049
0.9762435822772559 403395 4652493
0.9761178950749947 429585 4653052
0.9760599029463055 418098 4676881
0.9760202970758858 426326 4677082
0.9759722757215507 436237 4677391
0.9758443049206391 462723 4678140
0.9757102821134279 490533 4678853
0.9755650245647083 520693 4679607
0.9754519629377014 544294 4680068
0.9754519629377014 544294 4680068
0.9753280800602998 570158 4680569
0.9752189419001099 592724 4681230
0.9751023280085357 616976 4681796
0.9749855261664554 641337 4682293
0.9748444411189735 670792 4682864
0.9747176732013016 697339 4683296
0.9746542727967965 710601 4683527
0.9745803800552825 726064 4683790
0.9744404180120751 366962 5072679
0.9743058971360224 362037 5106233
0.9741832312381485 372833 5121543
0.9740785334086677 369746 5146912
0.9739895059526416 370560 5165045
0.9739420484498251 363293 5182412
0.9739021042684941 354515 5199691
0.9738464568223698 344856 5221193
0.9737337992889513 350757 5239268
0.9737337992889513 350757 5239268
0.9735404170131182 351010 5280171
0.9734352587048971 352651 5300910
0.9733856679638353 354546 5309569
0.9733343715719296 349178 5325854
0.973221728134799 352233 5346772
0.9729931098378154 361355 5386305
0.9728337184110292 362844 5418738
0.9726971253806456 371103 5439549
0.9725171298796168 403849 5445110
0.9724507175682497 417843 5445250
0.9723878904127885 374952 5501512
0.9722220522836396 386760 5524998
0.9720618667659647 395009 5550840
0.971893096608919 407640 5574127
0.9717126782192512 420655 5599509
0.9715593951839168 446608 5606178
0.9714719277170921 444245 5627156
0.971395774870741 436939 5650669
0.9712496433521676 438948 5679760
0.9710245820185138 461827 5704779
0.970847842760005 475873 5728347
0.9706874739905866 484940 5753410
0.9704435048360088 536275 5753997
0.970328535511364 560471 5754269
0.9702292130663606 564956 5770922
0.9699900037583523 500665 5886122
0.9697557093560812 502841 5933809
0.9695187319603342 519275 5967809
0.9692984351720128 532259 6001709
0.9690954063364488 535711 6041466
0.9689715328565724 559942 6043598
0.9688758143625255 549068 6074843
0.968635763976002 531348 6143651
0.9683846010157992 583339 6145113
0.9681339361244378 558815 6222984
0.9678781918706463 577503 6258724
0.9676719161900876 620717 6259410
0.9675693656951402 582201 6319751
0.9674509897675704 587261 6339884
0.967249464536056 580752 6389282
0.9669178540604353 617681 6422927
0.9665897582592806 624060 6486374
0.9663428664743313 654373 6508605
0.9661070966605866 637861 6575294
0.9659875366448276 643319 6595281
0.9658699783019599 607018 6656601
0.9656105972058733 629221 6689600
0.9653911837849309 663580 6701937
0.965116644480519 721246 6702699
0.9650009844377638 745355 6703205
0.9649199495770141 620822 6844984
0.9648331211419106 615911 6868374
0.9647365709668737 600506 6904327
0.9644606690212918 616759 6946792
0.9641991875782984 611233 7007967
0.9639324247260806 632180 7043793
0.9638168116709521 649795 7050783
0.9637424443544099 627424 7088981
0.9636609631112079 633556 7100190
0.9635669596655301 607146 7146606
0.9633007841586442 617823 7192577
0.9630027416434315 641570 7232260
0.96258998823552 679654 7282019
0.9623454881207621 675431 7338277
0.9620528021949762 667957 7408041
0.9619128166579556 671354 7434436
0.9617914852086757 654795 7476817
0.9614906469296833 706002 7489635
0.9612044969827507 703492 7553044
0.9608861182227667 722460 7601834
0.9605609732445595 747171 7646321
0.9602716845241732 759940 7695119
0.9601164374060488 769243 7718856
0.9600052129952401 741011 7770759
0.9597134480269346 744293 7829571
0.9594109181933863 807338 7830911
0.9591331320439797 810129 7887239
0.9588674076183088 791767 7962153
0.9585745149469661 823881 7992373
0.9584414318922858 806164 8038413
0.9583154298729267 788760 8082633
0.9580242804425291 818188 8115168
0.9577258150386775 812539 8184337
0.9574353798202033 857627 8201060
0.9571542716455996 829244 8289269
0.9568795725832574 804359 8372616
0.9567491537270026 803854 8400877
0.9566336064545512 801869 8427453
0.9563794221899612 799035 8484383
0.9561162820837505 799976 8539444
0.9558490493552673 801301 8594992
0.9556100139014773 820983 8626182
0.9556100139014773 788139 8659026
0.9552459772647738 825124 8699516
0.9552459772647738 814288 8710352
0.9548939224728408 788838 8810727
0.9546138668210717 808035 8851132
0.9543566471558066 840658 8873251
0.954114444735987 836302 8929153
0.953906294249129 830777 8978977
0.9537899575845514 830220 9004293
0.9536386715233454 805050 9061660
0.9533789662126355 833777 9088204
0.9531122362517565 803255 9175492
0.9528684691439727 826414 9204212
0.9526167000433874 850853 9233355
0.9523585500231165 822666 9316482
0.9522221637382897 825978 9342196
0.9520953629292793 839812 9355348
0.951800680029365 819443 9438432
0.9514877988216875 860169 9464294
0.9511776898839766 874267 9516194
0.9508714762205066 893227 9562403
0.9505820230434274 891563 9625669
