0 0
0 0
0 0
0 0
0 0
0 0
0 0
4 0
4 0
4 0
6 1
6 1
22 1
39 2
49 2
50 2
65 2
90 2
91 3
124 3
157 6
181 6
195 6
212 6
235 7
253 11
281 12
313 18
324 22
334 25
374 25
392 30
422 35
441 44
452 51
474 57
488 61
512 65
527 66
546 72
556 79
571 90
578 97
582 103
597 116
606 141
640 160
664 182
684 194
691 203
719 210
760 215
801 223
855 242
983 251
995 252
1039 261
1099 264
1119 280
1140 307
1174 332
1211 344
1235 359
1237 381
1253 399
1282 422
1334 444
1361 468
1385 487
1409 512
1430 535
1436 554
1452 571
1474 595
1470 630
1491 647
1497 678
1505 706
1513 722
1501 758
1492 800
1484 847
1478 894
1474 934
1457 970
1441 992
1433 1010
1415 1045
1378 1099
1333 1152
1296 1203
1299 1214
1289 1230
1271 1267
1208 1352
1116 1469
1078 1549
1006 1705
1019 1708
1059 1751
1099 1790
1162 1831
1230 1856
1303 1888
1371 1895
1386 1904
1381 1960
1455 1998
1478 2064
1543 2131
1554 2201
1646 2226
1632 2273
1606 2378
1689 2425
1770 2472
1827 2581
1841 2672
1934 2691
1964 2727
2026 2805
2083 2906
2200 2954
2281 3034
2366 3131
2538 3139
2579 3161
2664 3250
2811 3291
2917 3425
3181 3491
3389 3575
3597 3578
3665 3587
3618 3793
3699 3946
3747 4130
3924 4220
4112 4330
4258 4380
4327 4406
4416 4513
4420 4834
4620 4964
4493 5360
4534 5589
4668 5644
4732 5695
4689 5932
4750 6121
4816 6339
4873 6547
4988 6702
5055 6781
5147 6808
5071 7088
5035 7379
5139 7578
5205 7809
5145 8064
5180 8163
5177 8219
5073 8439
5097 8625
4932 8961
4932 8961
4637 9606
4677 9656
4681 9684
4546 9954
4451 10218
4362 10458
4343 10619
4310 10821
4310 10821
4404 10883
4326 11060
4416 11173
4415 11336
4270 11638
4231 11834
4306 11858
4264 11926
4154 12112
4197 12257
4209 12408
4182 12593
4243 12711
4247 12803
4256 12833
4280 12866
4324 12989
4259 13176
4273 13325
4336 13463
4416 13475
4431 13487
4402 13659
4423 13793
4410 13980
4404 14140
4470 14263
4506 14313
4522 14341
4522 14492
4608 14515
4637 14646
4775 14798
4907 14921
5048 14949
5083 14972
5125 15146
5245 15302
5374 15459
5374 15459
5559 15777
5693 15825
5729 15858
5837 16033
6134 16172
6422 16321
6816 16443
7271 16600
7610 16709
7663 16739
8099 16890
8712 17062
9175 17418
9885 17622
10672 17833
11228 17880
11574 17929
12366 18161
13430 18433
14689 18646
16033 18897
17340 19179
18246 19316
18441 19448
20346 19786
22597 20104
25105 20356
27230 20920
29910 21131
31520 21324
32241 21828
34110 22386
37581 22956
41178 23413
44118 24227
47172 25012
49048 25437
49087 26073
51922 27054
55716 27650
58699 28612
61168 29557
64613 30324
66539 30896
66746 31505
69171 32599
72649 33949
75526 35010
78459 35976
81252 37166
82125 38572
82416 39404
83671 41295
86020 43328
87073 45987
88224 48404
89535 50420
90219 51528
90078 52408
90700 54600
91587 57188
92360 59553
93549 61644
94480 64327
95442 65402
94378 67043
93559 70626
93981 74184
94132 77361
93931 80637
92581 85084
91569 87383
90041 89408
90128 91416
90347 93940
89540 96706
88221 100067
86909 103118
86452 104577
84828 106367
83041 109431
82302 111969
82443 113443
81955 114703
80976 115939
80519 116865
79544 118172
78319 119734
76684 122807
75370 125850
75163 127103
74593 127947
73769 129111
72962 130089
71621 132459
70722 134668
69642 136750
69051 138208
65912 142100
65745 142661
65126 143385
63057 146074
61054 148827
58425 151991
52185 158766
47016 164487
46936 164800
46608 165205
39563 172820
33815 179112
29660 183749
27769 186095
27029 187401
26997 187699
26929 187888
26582 189007
26505 189911
26448 190566
25676 191898
25012 193257
23987 194631
22651 196097
21466 198114
20885 199662
20496 200770
20545 201604
20727 202332
21050 202502
21152 202582
21374 203475
22065 203996
22236 204738
22801 205243
23212 205798
23315 206201
23135 206544
23500 207247
24069 208027
24710 208632
25010 209418
26092 209799
26462 209977
26560 210106
27629 210962
28913 211478
30093 212031
31173 212773
32005 213622
31402 215304
