1.0 0 0
1.0 0 0
1.0 0 0
1.0 0 0
1.0 0 0
1.0 0 0
1.0 0 0
0.9999994235495571 4 0
0.9999994235495571 4 0
0.9999994235495571 4 0
0.9999989912117248 6 1
0.9999989912117248 6 1
0.9999966854099528 22 1
0.9999940913829594 39 2
0.9999926502568519 49 2
0.9999925061442412 50 2
0.99999034445508 65 2
0.9999867416398113 90 2
0.9999864534145898 91 3
0.9999816976984351 124 3
0.9999765096444483 157 6
0.9999730509417903 181 6
0.9999710333652398 195 6
0.9999685834508572 212 6
0.9999651247481992 235 7
0.9999619542707628 253 11
0.9999577750050511 281 12
0.9999522987258428 313 18
0.9999501370366816 324 22
0.9999482635727418 334 25
0.999942499068312 374 25
0.9999391844782648 392 30
0.9999341405368887 422 35
0.9999301053837877 441 44
0.9999275113567943 452 51
0.9999234762036934 474 57
0.9999208821766999 488 61
0.9999168470235991 512 65
0.9999145412218271 527 66
0.9999109384065584 546 72
0.9999084884921757 556 79
0.9999047415642963 571 90
0.9999027239877458 578 97
0.9999012828616384 582 103
0.9998972477085374 597 116
0.999892347879772 606 141
0.9998847099114024 640 160
0.9998780807313081 664 182
0.9998734691277642 684 194
0.9998711633259922 691 203
0.9998661193846161 719 210
0.9998594902045217 760 215
0.9998524286865952 801 223
0.9998419084660106 855 242
0.9998221650383383 983 251
0.9998202915743986 995 252
0.999812653606029 1039 261
0.9998035745115519 1099 264
0.999798386457565 1119 280
0.9997914690522491 1140 307
0.9997829664082151 1174 332
0.9997759048902886 1211 344
0.9997702844984694 1235 359
0.9997668257958114 1237 381
0.999761925967046 1253 399
0.9997544321112872 1282 422
0.9997437677780919 1334 444
0.9997364180349438 1361 468
0.9997302211926817 1385 487
0.9997231596747551 1409 512
0.9997168187198823 1430 535
0.9997132159046136 1436 554
0.9997084601884589 1452 571
0.9997018310083646 1474 595
0.9996973635174314 1470 630
0.999691887238223 1491 647
0.9996865550716254 1497 678
0.9996813670176385 1505 706
0.9996779083149806 1513 722
0.9996744496123227 1501 758
0.999669693896168 1492 800
0.9996640735043489 1484 847
0.9996581648873083 1478 894
0.9996529768333213 1474 934
0.9996502386937172 1457 970
0.9996493740180526 1441 992
0.9996479328919452 1433 1010
0.9996454829775625 1415 1045
0.9996430330631798 1378 1099
0.9996418801622938 1333 1152
0.9996398625857434 1296 1203
0.999637845009193 1299 1214
0.9996369803335284 1289 1230
0.9996342421939243 1271 1267
0.9996310717164878 1208 1352
0.9996274689012191 1116 1469
0.9996214161715677 1078 1549
0.999609310712265 1006 1705
0.9996070049104931 1019 1708
0.9995950435638011 1059 1751
0.999583658667552 1099 1790
0.9995686709560344 1162 1831
0.999555268483235 1230 1856
0.9995401366591066 1303 1888
0.9995293282133005 1371 1895
0.9995258695106426 1386 1904
0.9995185197674945 1381 1960
0.9995023791550908 1455 1998
0.9994895531327344 1478 2064
0.9994705302681157 1543 2131
0.9994588571466453 1554 2201
0.9994419959711879 1646 2226
0.9994372402550332 1632 2273
0.9994258553587841 1606 2378
0.9994071207193871 1689 2425
0.9993886743052115 1770 2472
0.9993647516118275 1827 2581
0.9993496197876991 1841 2672
0.9993334791752954 1934 2691
0.9993239677429862 1964 2727
0.9993037919774815 2026 2805
0.9992810221849835 2083 2906
0.9992572436042103 2200 2954
0.9992340414738801 2281 3034
0.9992078129787241 2366 3131
0.9991818727087897 2538 3139
0.9991727936143125 2579 3161
0.9991477180200427 2664 3250
0.9991206248492221 2811 3291
0.9990860378226429 2917 3425
0.9990384806610965 3181 3491
0.9989963997787583 3389 3575
0.9989659920178907 3597 3578
0.9989548953468632 3665 3587
0.9989319814417544 3618 3793
0.9988982590908396 3699 3946
0.9988648249651464 3747 4130
0.9988263468980769 3924 4220
0.9987834013400744 4112 4330
0.998755155268368 4258 4380
0.998741464570347 4327 4406
0.9987132184986406 4416 4513
0.9986663819001478 4420 4834
0.9986188247386013 4620 4964
0.9985800584463104 4493 5360
0.9985411480414087 4534 5589
0.9985139107579776 4668 5644
0.9984973378077416 4732 5695
0.9984693799612567 4689 5932
0.9984333518085701 4750 6121
0.9983924238271179 4816 6339
0.99835423398527 4873 6547
0.9983153235803683 4988 6702
0.9982942831391992 5055 6781
0.9982771337385203 5147 6808
0.998247734765928 5071 7088
0.9982109860501875 5035 7379
0.9981673199291312 5139 7578
0.9981245184837393 5205 7809
0.9980964165246436 5145 8064
0.9980771054348035 5180 8163
0.998069467466434 5177 8219
0.9980527504035873 5073 8439
0.9980224867553306 5097 8625
0.9979978434988928 4932 8961
0.9979978434988928 4932 8961
0.9979474040851314 4637 9606
0.9979344339501641 4677 9656
0.9979298223466202 4681 9684
0.9979103671441694 4546 9954
0.9978860121129531 4451 10218
0.9978642511087303 4362 10458
0.9978437871180043 4343 10619
0.997819432086788 4310 10821
0.997819432086788 4310 10821
0.9977969505195116 4404 10883
0.9977826833710476 4326 11060
0.997753428511066 4416 11173
0.997730082268125 4415 11336
0.9977074565882377 4270 11638
0.9976848309083505 4231 11834
0.9976705637598865 4306 11858
0.9976668168320071 4264 11926
0.9976558642735903 4154 12112
0.9976287711027698 4197 12257
0.9976052807472181 4209 12408
0.9975825109547201 4182 12593
0.9975567147973964 4243 12711
0.9975428799867647 4247 12803
0.9975372595949455 4256 12833
0.997529045176133 4280 12866
0.9975049783701383 4324 12989
0.9974873966316271 4259 13176
0.9974639062760754 4273 13325
0.9974349396413152 4336 13463
0.9974216812811265 4416 13475
0.9974177902406364 4431 13487
0.9973971821372996 4402 13659
0.9973748446826338 4423 13793
0.9973497690883638 4410 13980
0.9973275757463088 4404 14140
0.9973003384628776 4470 14263
0.9972879447783534 4506 14313
0.9972816038234805 4522 14341
0.9972598428192577 4522 14492
0.9972441345446863 4608 14515
0.9972210765269668 4637 14646
0.9971792838698502 4775 14798
0.9971425351541097 4907 14921
0.9971181801228934 5048 14949
0.9971098215914701 5083 14972
0.9970786932675488 5125 15146
0.9970389181869826 5245 15302
0.996997701980309 5374 15459
0.996997701980309 5374 15459
0.9969252133371033 5559 15777
0.9968989848419474 5693 15825
0.9968890410718059 5729 15858
0.9968482572029644 5837 16033
0.9967854241046787 6134 16172
0.9967224468937824 6422 16321
0.9966480847866369 6816 16443
0.9965598878688599 7271 16600
0.9964953254192452 7610 16709
0.9964833640725532 7663 16739
0.9963987699700447 8099 16890
0.9962856415706084 8712 17062
0.9961676133424067 9175 17418
0.996035894416184 9885 17622
0.9958920700306585 10672 17833
0.9958051701263781 11228 17880
0.9957482456451331 11574 17929
0.9956006743317282 12366 18161
0.9954081398837703 13430 18433
0.9951960061207508 14689 18646
0.9949661465066094 16033 18897
0.9947371515681326 17340 19179
0.9945868421151235 18246 19316
0.9945397172914092 18441 19448
0.9942164727055038 20346 19786
0.993846247408495 22597 20104
0.9934484966028334 25105 20356
0.9930609777925349 27230 20920
0.9926443482348655 29910 21131
0.9923845131976888 31520 21324
0.9922079752495238 32241 21828
0.9918582139432409 34110 22386
0.9912758548832126 37581 22956
0.9906916223592445 41178 23413
0.9901506236185005 44118 24227
0.989597375305843 47172 25012
0.9892657721885143 49048 25437
0.9891684961762601 49087 26073
0.9886185624536498 51922 27054
0.9879859080924707 55716 27650
0.9874173838430741 58699 28612
0.986925383389984 61168 29557
0.9863183810735179 64613 30324
0.9859583877718721 66539 30896
0.9858407918815025 66746 31505
0.9853336596042841 69171 32599
0.9846378839195978 72649 33949
0.9840703684584764 75526 35010
0.9835084733891741 78459 35976
0.982934472860569 81252 37166
0.9826060402206768 82125 38572
0.982444201758808 82416 39404
0.9819908234853981 83671 41295
0.981359322025105 86020 43328
0.9808243760140124 87073 45987
0.9803101822188672 88224 48404
0.9798307195629122 89535 50420
0.9795724697644537 90219 51528
0.9794659705451118 90078 52408
0.9790604376584698 90700 54600
0.9785596463361242 91587 57188
0.9781074209636004 92360 59553
0.9776347316003504 93549 61644
0.9771139086251109 94480 64327
0.9768203512370194 95442 65402
0.9767371982606184 94378 67043
0.9763388710045139 93559 70626
0.9757653028137411 93981 74184
0.9752856960451752 94132 77361
0.9748425497671285 93931 80637
0.9743962330116451 92581 85084
0.9742107600816139 91569 87383
0.9741391361140727 90041 89408
0.9738372201945578 90128 91416
0.973441919303279 90347 93940
0.9731596026988257 89540 96706
0.9728653247476804 88221 100067
0.9726147129175915 86909 103118
0.972470312081623 86452 104577
0.9724463893882391 84828 106367
0.9722623575843152 83041 109431
0.9720030989975815 82302 111969
0.9717703571312252 82443 113443
0.9716591021957286 81955 114703
0.9716220652547666 80976 115939
0.9715544764403263 80519 116865
0.9715066310535583 79544 118172
0.9714580651037366 78319 119734
0.9712508311694825 76684 122807
0.9710016604655011 75370 125850
0.9708509186746598 75163 127103
0.9708114318193151 74593 127947
0.9707624335316611 73769 129111
0.9707377902752233 72962 130089
0.9705894983987647 71621 132459
0.9704007108786863 70722 134668
0.9702563100427178 69642 136750
0.9701313644092002 69051 138208
0.9700228476133078 65912 142100
0.9699660672446735 65745 142661
0.9699509354205451 65126 143385
0.969861585601882 63057 146074
0.9697535011438218 61054 148827
0.9696764008970722 58425 151991
0.9695993006503225 52185 158766
0.9695197504891903 47016 164487
0.9694861722508862 46936 164800
0.9694750755798587 46608 165205
0.969392931391733 39563 172820
0.9693145341314866 33815 179112
0.9692450718531066 29660 183749
0.9691795006152167 27769 186095
0.969097932877534 27029 187401
0.9690595989230752 26997 187699
0.9690421612971749 26929 187888
0.9689309063616782 26582 189007
0.9688117252325905 26505 189911
0.9687255458913638 26448 190566
0.9686448428293456 25676 191898
0.9685446845648765 25012 193257
0.9684943892637258 23987 194631
0.9684756546243287 22651 196097
0.9683557529321872 21466 198114
0.9682163960375949 20885 199662
0.9681127790704679 20496 200770
0.9679855276351783 20545 201604
0.9678543851593986 20727 202332
0.9677833376423004 21050 202502
0.9677571091471444 21152 202582
0.9675964235861616 21374 203475
0.9674217591019363 22065 203996
0.9672901842883244 22236 204738
0.9671359837948251 22801 205243
0.9669967710128436 23212 205798
0.9669238500318057 23315 206201
0.9669003596762539 23135 206544
0.9667464474079762 23500 207247
0.9665520394960786 24069 208027
0.9663724751830879 24710 208632
0.9662159688878167 25010 209418
0.9660051321382939 26092 209799
0.9659261584276047 26462 209977
0.9658934448649651 26560 210106
0.9656160280892772 27629 210962
0.9653566253899327 28913 211478
0.9651068782355082 30093 212031
0.9648443050587273 31173 212773
0.9646020517600618 32005 213622
0.9644465542530658 31402 215304
