18 6
21 6
24 6
27 6
31 6
43 6
46 8
56 8
68 9
70 9
99 9
108 9
184 9
189 9
243 9
402 13
463 15
637 20
780 20
919 24
1248 29
1437 32
2049 39
2647 143
3026 225
3801 241
4360 322
5028 548
5718 562
6807 591
6783 1744
8061 1499
9325 1959
9985 2452
10041 2937
12309 3447
12787 3776
13500 4372
14339 4802
14721 5933
15337 6722
15741 7575
16081 8218
16697 8983
17464 9571
17728 10481
19393 11416
20425 12389
21405 12951
21641 13992
22824 14834
23730 15672
24530 17133
25688 17611
26740 18179
27141 19230
27776 20257
27789 21827
28163 22987
28538 24327
28854 25603
29198 27145
29583 28343
30914 29590
31016 30941
31128 32087
31270 33424
31554 34647
31895 35779
31952 36966
32160 37931
32301 38963
32257 40162
32181 41387
32346 42435
32599 43360
32803 44403
33108 45224
33407 46004
33596 46897
33832 47743
33965 48777
34195 49752
34595 50556
34782 51324
35048 52071
35226 52864
35135 53854
35298 54678
35207 55702
35307 56374
35360 57119
35245 58043
35227 58733
35073 59568
34959 60310
34707 61240
34160 62315
34234 62944
34123 63656
33777 64464
33123 65597
32615 66544
32119 67476
31722 68321
31247 69157
30800 69963
30667 70420
29669 71822
29540 72337
29416 72898
29327 73435
29203 73875
29051 74367
28962 74805
28854 75233
28871 75592
28717 75912
28694 76184
28755 76438
28364 77466
28197 77900
28101 78187
27965 78678
27917 79045
27857 79328
27799 79595
27838 79977
27762 80261
27674 80660
27696 80960
27639 81345
27484 81666
27507 81841
27708 82276
27737 82613
27712 82981
27785 83359
4342 107217
4500 107375
4661 107507
5016 107922
5271 108202
5331 108459
5495 108903
5641 109474
5731 109739
5842 109947
6033 110438
6184 110687
6359 110998
6314 111363
6350 111931
6422 112101
6535 112233
6654 112319
6558 113101
6607 113426
6654 113733
6715 114188
6829 114319
6880 114487
4929 117124
4844 117545
4789 117914
4829 118351
4853 118752
4791 119034
4696 119308
4677 119541
4874 120210
4725 120683
4687 120938
4797 121522
4797 121763
4835 121982
4991 122603
4935 122968
4996 123384
5058 123778
5132 124210
5161 124478
5243 124645
5705 125213
5793 125629
5876 126065
6045 126482
6180 126961
6336 127175
6489 127401
6697 127598
7118 128639
7123 129012
6877 130079
6908 130768
6987 131177
7138 131502
7729 132369
7866 133034
8178 133674
8628 134251
9120 134933
9337 135270
9870 135880
10599 136984
10656 138199
10772 139167
11186 139901
11676 141041
12179 141591
12881 142547
13308 143911
13853 145138
14535 146572
14975 147955
15732 149322
16123 150237
16429 152072
17132 154252
17710 156046
17930 157450
18384 159346
18911 161714
19216 163551
18794 165609
18718 166660
19514 169975
20223 171841
20412 173950
20787 176141
20787 176280
21193 179611
21814 182297
21926 184423
27685 181351
28341 183276
23889 190630
24051 192000
24623 194251
25778 197195
26233 199470
26485 201881
27086 204297
27767 207172
28085 209228
28568 211081
29705 213473
30822 217094
31439 219259
32569 220913
33888 224987
36290 226931
38245 228920
39576 232460
40800 235681
42807 237658
44605 241334
45354 245355
47256 247883
47928 251512
49622 255851
49856 260079
50040 264413
50543 268704
51019 273215
52096 277095
53216 280720
54754 285977
56060 289953
57268 293703
59076 297574
59395 303209
60748 307531
62437 311225
64723 316834
65178 321874
66554 326952
68007 331763
68771 337418
70177 342366
71698 347150
69642 356930
70121 362622
70632 368510
71581 374247
71351 381192
71176 387351
72253 392190
74122 398698
73836 405228
74448 411128
74848 417734
74114 425168
74556 431185
75199 436549
75472 443853
73520 452065
73588 458918
76169 463021
77144 463795
78333 465720
77848 476305
72090 488528
70335 498472
71387 505879
75009 509400
75157 510243
76529 513406
79475 526601
76439 539695
77415 545969
77903 553563
78942 560751
80101 568829
81745 575578
82483 582123
80580 592351
78891 600181
77541 608670
76219 617439
74360 626178
74227 632670
73218 639963
71823 647778
69115 655514
66796 663534
65489 670952
64196 678072
64818 682544
61984 690057
60777 696881
57490 704209
56165 709854
55571 715254
54521 721131
53519 726243
52955 730740
50003 738194
48901 742244
47793 746619
48140 750254
55828 746702
55723 750071
55553 753448
39584 773220
37985 777502
37272 781483
36864 785068
36273 788338
38163 790245
37395 793217
36374 796001
33049 803545
32208 806947
31973 810617
31637 814036
31248 817082
30933 819804
30792 823398
30214 827189
30089 830259
30076 833419
30193 836474
30414 838933
