0.9999993650694043 18 6
0.9999992857030799 21 6
0.9999992063367555 24 6
0.999999126970431 27 6
0.9999990211486651 31 6
0.9999987036833673 43 6
0.9999985714061599 46 8
0.9999983068517451 56 8
0.9999979629310057 68 9
0.9999979100201228 70 9
0.9999971428123198 99 9
0.9999969047133465 108 9
0.9999948940997937 184 9
0.9999947618225863 189 9
0.9999933332287462 243 9
0.9999890209917843 402 13
0.9999873542989709 463 15
0.9999826187749453 637 20
0.9999788356468132 780 20
0.999975052518681 919 24
0.9999662164012255 1248 29
0.9999611369564607 1437 32
0.9999447610381824 2049 39
0.999926189318261 2647 143
0.9999139933597371 3026 225
0.9998930671055236 3801 241
0.9998761356229742 4360 322
0.9998524844582879 5028 548
0.9998338598274835 5718 562
0.999804282643905 6807 591
0.9997744144504701 6783 1744
0.9997470859794176 8061 1499
0.9997014767983 9325 1959
0.9996709736742695 9985 2452
0.999656661280427 10041 2937
0.9995831680639857 12309 3447
0.9995618185227085 12787 3776
0.9995271883498067 13500 4372
0.999493616394564 14339 4802
0.9994535893115996 14721 5933
0.9994164194163152 15337 6722
0.9993831649263704 15741 7575
0.9993571592273921 16081 8218
0.9993206242627034 16697 8983
0.9992847771394933 17464 9571
0.9992537184511916 17728 10481
0.9991849343033344 19393 11416
0.99913189114316 20425 12389
0.9990910968523924 21405 12951
0.999057313253618 21641 13992
0.9990037409846139 22824 14834
0.9989576026946666 23730 15672
0.9988977869414724 24530 17133
0.9988545058392053 25688 17611
0.998811648024002 26740 18179
0.998773234722968 27141 19230
0.9987292657792224 27776 20257
0.998687386815354 27789 21827
0.9986468041681184 28163 22987
0.998601433085974 28538 24327
0.9985593160231323 28854 25603
0.9985094210604945 29198 27145
0.998467542096626 29583 28343
0.9983993399684815 30914 29590
0.998360900212006 31016 30941
0.9983276192666197 31128 32087
0.9982884916686656 31270 33424
0.99824862331835 31554 34647
0.9982096544530448 31895 35779
0.9981767438838393 31952 36966
0.9981457116509791 32160 37931
0.9981146794181189 32301 38963
0.9980841233832054 32257 40162
0.9980537260809409 32181 41387
0.9980216356304213 32346 42435
0.9979904711203538 32599 43360
0.9979574811848239 32803 44403
0.9979276923577134 33108 45224
0.9978991469363527 33407 46004
0.9978705221486676 33596 46897
0.9978418973609824 33832 47743
0.9978110238607711 33965 48777
0.9977791450537835 34195 49752
0.9977472927022374 34595 50556
0.9977220277556206 34782 51324
0.9976952283933979 35048 52071
0.9976695401597173 35226 52864
0.9976457567178236 35135 53854
0.9976196451970795 35298 54678
0.9975949622701753 35207 55702
0.99757453866935 35307 56374
0.9975534272270462 35360 57119
0.997532024774886 35245 58043
0.9975142467182091 35227 58733
0.9974962305625589 35073 59568
0.9974796165453071 34959 60310
0.9974616797559813 34707 61240
0.997447711282878 34160 62315
0.9974291131075151 34234 62944
0.9974132133871836 34123 63656
0.9974009909732182 33777 64464
0.9973883188167476 33123 65597
0.9973767048779363 32615 66544
0.9973651703054495 32119 67476
0.9973533182676649 31722 68321
0.9973437678532894 31247 69157
0.9973342703497967 30800 69963
0.9973256987867561 30667 70420
0.9973150107883968 29669 71822
0.9973047989879841 29540 72337
0.9972932379600559 29416 72898
0.9972813859222712 29327 73435
0.9972730260027625 29203 73875
0.997264031152658 29051 74367
0.9972547982035803 28962 74805
0.9972463324623055 28854 75233
0.9972363852163078 28871 75592
0.9972319936130215 28717 75912
0.9972254062080921 28694 76184
0.9972170727440248 28755 76438
0.9972002206277998 28364 77466
0.9971931570249237 28197 77900
0.9971881040356003 28101 78187
0.9971787123538737 27965 78678
0.9971702730680405 27917 79045
0.9971643735045896 27857 79328
0.9971588443173196 27799 79595
0.997147706576455 27838 79977
0.9971422038446265 27762 80261
0.9971339762023251 27674 80660
0.9971254575501673 27696 80960
0.9971167801653608 27639 81345
0.9971123885620745 27484 81666
0.9971071503846608 27507 81841
0.9970903247238773 27708 82276
0.9970806420322943 27737 82613
0.9970715678158655 27712 82981
0.9970596364117564 27785 83359
0.9970486574035408 4342 107217
0.997040297484032 4500 107375
0.9970325460396773 4661 107507
0.997012175349735 5016 107922
0.9969980216885413 5271 108202
0.9969896353135911 5331 108459
0.9969735504051691 5495 108903
0.9969545818536254 5641 109474
0.9969451901718988 5731 109739
0.9969367508860655 5842 109947
0.9969187082749738 6033 110438
0.9969081260983803 6184 110687
0.9968952687538193 6359 110998
0.9968868030125446 6314 111363
0.9968708239258885 6350 111931
0.9968644217090495 6422 112101
0.9968579401258861 6535 112233
0.996852516760382 6654 112319
0.9968343683275243 6558 113101
0.9968244739924095 6607 113426
0.9968151087661243 6654 113733
0.9968014577583189 6715 114188
0.9967949761751553 6829 114319
0.9967891824334705 6880 114487
0.9967710340006127 4929 117124
0.9967621449722743 4844 117545
0.9967538379636485 4789 117914
0.9967412187180609 4829 118351
0.9967299751554304 4853 118752
0.996724154958304 4791 119034
0.9967194194342784 4696 119308
0.996713757969801 4677 119541
0.9966908475574763 4874 120210
0.9966822759944356 4725 120683
0.9966765351636336 4687 120938
0.9966581750872441 4797 121522
0.9966517993258466 4797 121763
0.9966450002773853 4835 121982
0.9966244443993526 4991 122603
0.9966162696679343 4935 122968
0.9966036504223466 4996 123384
0.9965915867410301 5058 123778
0.9965782002876394 5132 124210
0.9965703430215188 5161 124478
0.9965637556165894 5243 124645
0.9965365065118614 5705 125213
0.9965231729693538 5793 125629
0.9965094425952238 5876 126065
0.9964939397065145 6045 126482
0.9964776960654436 6180 126961
0.9964679075520947 6336 127175
0.9964578809397724 6489 127401
0.9964471664859716 6697 127598
0.9964084886305227 7118 128639
0.9963984884736419 7123 129012
0.996376768556184 6877 130079
0.9963577206383158 6908 130768
0.9963448103828719 6987 131177
0.9963322175927257 7138 131502
0.9962936455590428 7729 132369
0.996272428294973 7866 133034
0.9962472427146807 8178 133674
0.9962200729762771 8628 134251
0.9961890142879755 9120 134933
0.9961743579733936 9337 135270
0.9961441194037779 9870 135880
0.9960956265795387 10599 136984
0.9960619752579717 10656 138199
0.9960332975594035 10772 139167
0.9960029267125804 11186 139901
0.9959598043429623 11676 141041
0.9959319467630802 12179 141591
0.9958880836411005 12881 142547
0.9958407019454035 13308 143911
0.9957938229030947 13853 145138
0.9957378431889157 14535 146572
0.9956896149190911 14975 147955
0.9956334235613802 15732 149322
0.9955988727548027 16123 150237
0.9955422316545866 16429 152072
0.9954659606167896 17132 154252
0.9954032083095907 17710 156046
0.9953602446726214 17930 157450
0.9952980743851352 18384 159346
0.9952214858820404 18911 161714
0.9951648183263827 19216 163551
0.9951215372241157 18794 165609
0.9950957431686693 18718 166660
0.9949869848487306 19514 169975
0.9949188620869105 20223 171841
0.9948580674823814 20412 173950
0.9947901828195347 20787 176141
0.9947865055131685 20787 176280
0.9946876415283447 21193 179611
0.9946001533833586 21814 182297
0.9945409461053185 21926 184423
0.9944698603340524 27685 181351
0.9944015788395834 28341 183276
0.9943248051483983 23889 190630
0.9942842754120454 24051 192000
0.9942095917007375 24623 194251
0.9941011508460966 25778 197195
0.9940289274908466 26233 199470
0.993958476650176 26485 201881
0.9938786605832203 27086 204297
0.9937845850333049 27767 207172
0.993721779815223 28085 209228
0.9936599799039175 28568 211081
0.9935666186509222 29705 213473
0.9934412727691734 30822 217094
0.9933676737309662 31439 219259
0.9932940217818761 32569 220913
0.9931513475859555 33888 224987
0.9930363722372682 36290 226931
0.9929320319760572 38245 228920
0.992803167520591 39576 232460
0.9926855730831968 40800 235681
0.9925801746043265 42807 237658
0.9924353575176457 44605 241334
0.9923091650617694 45354 245355
0.9921919674559974 47256 247883
0.9920781826021768 47928 251512
0.9919185769237068 49622 255851
0.9918005327438073 49856 260079
0.9916810070591848 50040 264413
0.9915541796727129 50543 268704
0.9914222463860346 51019 273215
0.9912911067626008 52096 277095
0.9911655756927615 53216 280720
0.9909858109678811 54754 285977
0.9908460733259652 56060 289953
0.9907149072470899 57268 293703
0.990564666794905 59076 297574
0.9904071510963122 59395 303209
0.9902570164658933 60748 307531
0.9901146068243875 62437 311225
0.9899057411138752 64723 316834
0.9897603684629233 65178 321874
0.9895896250435886 66554 326952
0.989423908158136 68007 331763
0.9892540906792533 68771 337418
0.9890859928040671 70177 342366
0.9889191912455134 71698 347150
0.9887148494154948 69642 356930
0.9885515928861001 70121 362622
0.988382304516047 70632 368510
0.9882054234342883 71581 374247
0.9880277751447265 71351 381192
0.9878694657828891 71176 387351
0.9877129553910726 72253 392190
0.9874913381577652 74122 398698
0.9873261503811422 73836 405228
0.9871538725462016 74448 411128
0.9869685257231681 74848 417734
0.9867912742652285 74114 425168
0.9866203985686866 74556 431185
0.986461480731695 75199 436549
0.9862610278515745 75472 443853
0.9860954167878877 73520 452065
0.9859123186773803 73588 458918
0.9857354905065046 76169 463021
0.9856892199393499 77144 463795
0.9856068376945701 78333 465720
0.9853396377355867 77848 476305
0.9851686033063958 72090 488528
0.9849519596960873 70335 498472
0.9847281731165782 71387 505879
0.9845392018980615 75009 509400
0.9845129845555514 75157 510243
0.9843930091284236 76529 513406
0.9839659918474383 79475 526601
0.9836999030169971 76439 539695
0.9835081010662416 77415 545969
0.9832942881881719 77903 553563
0.983076639271087 78942 560751
0.9828322703581037 80101 568829
0.9826102298377326 81745 575578
0.9824175548574082 82483 582123
0.982197313307058 80580 592351
0.9820348504409077 78891 600181
0.9818459850441569 77541 608670
0.9816489713714291 76219 617439
0.9814669579340226 74360 626178
0.981298727781629 74227 632670
0.9811324817873466 73218 639963
0.9809626378530224 71823 647778
0.9808296198932434 69115 655514
0.9806787974213458 66796 663534
0.9805171282184401 65489 670952
0.9803629723609156 64196 678072
0.9802282083419986 64818 682544
0.9801044233312972 61984 690057
0.9799558231164843 60777 696881
0.9798489166774494 57490 704209
0.9797346291702407 56165 709854
0.9796074843184709 55571 715254
0.97947978390243 54521 721131
0.9793710520379327 53519 726243
0.9792670027865781 52955 730740
0.9791479003890193 50003 738194
0.979069909747526 48901 742244
0.9789834798201993 47793 746619
0.9788781342522119 48140 750254
0.9787687145462362 55828 746702
0.9786823639852339 55723 750071
0.9785975213843964 55553 753448
0.9784969113404345 39584 773220
0.9784259313909343 37985 777502
0.9783394750081661 37272 781483
0.978255426070573 36864 785068
0.9781845519428387 36273 788338
0.9780841006315257 38163 790245
0.9780257928384961 37395 793217
0.9779791518951607 36374 796001
0.9778675363875418 33049 803545
0.9777997840019025 32208 806947
0.9777089095604066 31973 810617
0.9776273474343129 31637 814036
0.9775570553262912 31248 817082
0.9774933770786404 30933 819804
0.9774020264391978 30792 823398
0.9773170251057113 30214 827189
0.9772391138305424 30089 830259
0.9771558585561938 30076 833419
0.977071941895808 30193 836474
0.9770010413126322 30414 838933
