0.9999995298936698 9 0
0.9999995298936698 9 0
0.999999477659633 10 0
0.999999477659633 10 0
0.999999320957523 13 0
0.999999320957523 13 0
0.999999320957523 13 0
0.9999989553192662 20 0
0.9999989553192662 20 0
0.9999986941490827 25 0
0.9999981718087159 35 0
0.9999981718087159 35 0
0.999997127127982 55 0
0.9999954034047712 88 0
0.9999947243622942 101 0
0.9999904934053223 182 0
0.9999880906396345 228 0
0.9999861579802769 265 0
0.9999861579802769 265 0
0.9999759201090855 455 6
0.9999690774502791 586 6
0.9999641152167934 678 9
0.9999581605366107 791 10
0.9999489673461531 958 19
0.9999374758580811 1172 25
0.9999289094760638 1335 26
0.9999130303289099 1617 48
0.9998947484160682 1948 67
0.9998827345876292 2163 82
0.9998665420362551 2391 164
0.9998514463996515 2676 168
0.9998361418269011 2887 250
0.9998166585312155 3157 353
0.9997992645969974 3394 449
0.9997725207702117 3800 555
0.9997563282188376 4013 652
0.999738359710216 4244 765
0.9997226372651721 4369 941
0.999700176629395 4577 1163
0.9996779249297648 4835 1331
0.9996502931243554 5059 1636
0.9996152440857359 5429 1937
0.9996003051512423 5513 2139
0.9995840081317948 5515 2449
0.9995635323894121 5618 2738
0.9995449370723501 5681 3031
0.9995170440967572 5842 3404
0.9994937999504299 5954 3737
0.9994464236791514 6437 4161
0.9994277238940161 6485 4471
0.9994058378326427 6560 4815
0.9993888617707182 6584 5116
0.9993646251776936 6618 5546
0.9993376724147612 6708 5972
0.999311868800636 6673 6501
0.9992406738086265 7610 6927
0.9992159671092717 7797 7213
0.9991907903035868 7967 7525
0.9991619571153335 8127 7917
0.9991347954162544 8291 8273
0.9990753530825003 8895 8807
0.9990239025563599 9435 9252
0.998891959379679 11394 9819
0.9988278159826228 12140 10301
0.9987766266266659 12736 10685
0.9987049092942895 13809 10985
0.9986510037684245 14356 11470
0.9985709289901776 15410 11949
0.9984982714451408 16296 12454
0.9983176461462642 19237 12971
0.9982316166878346 20431 13424
0.9981690925459157 21124 13928
0.9980824885130825 22250 14460
0.997943545975485 24159 15211
0.9978046556719243 26006 16023
0.997673966112124 27523 17008
0.9973874624208753 31581 18435
0.9972645557325419 32706 19663
0.9971455665969603 34004 20643
0.9969617027878089 36151 22016
0.9967507817476516 39157 23048
0.9965437260262094 41588 24581
0.9963203732853199 44473 25972
0.9958062858962095 53068 27219
0.9956125498541234 55130 28866
0.9953568642445222 58828 30063
0.99514980852308 61134 31721
0.9949237396122824 62802 34381
0.9946806424055237 64832 37005
0.9944876376399513 65990 39542
0.9937987751640737 77292 41428
0.9935464847668573 79769 43781
0.9932607645861589 82961 46059
0.9930764829047138 45187 87361
0.9928183422953881 45467 92023
0.9925747227482625 45167 96987
0.9923549741559045 45555 100806
0.9916242199826009 54993 105358
0.9912896609775965 56969 109787
0.9910443699412967 56940 114512
0.9908399781557259 55721 119644
0.9905424008486986 56807 124255
0.9902480098179095 57606 129092
0.9898952211341002 59224 134228
0.9894678422458965 61237 140397
0.989105442499336 61545 147027
0.9888368028486354 61561 152154
0.9885749536227046 59113 159615
0.9884757089529922 35082 185546
0.9882419616388011 34821 190282
0.9879134095480163 35809 195584
0.9876336962815373 35844 200904
0.9873408200378122 37307 205048
0.9871001255967412 37064 209899
0.9869014273211696 35692 215075
0.9867108253212851 34592 219824
0.9864680415187465 34834 224230
0.986243644097123 34861 228499
0.9860135009314634 34364 233402
0.9857932822327753 34263 237719
0.9855834581073885 34270 241729
0.9854061757868601 32476 246917
0.9852677555896295 30847 251196
0.985137274965976 29374 255167
0.9849519486037973 28695 259394
0.9847556530939134 28204 263643
0.984563170668708 28185 267347
0.9844051627077185 27795 270762
0.9842765625093858 26334 274685
0.984168751457656 24769 278314
0.9840051022207039 24612 281604
0.9838453705365037 24440 284834
0.9837014657654206 24034 287995
0.983544136846908 24160 290881
0.9834074926069251 24077 293580
0.9833115909155608 23204 296289
0.9832221662447462 21934 299271
0.9830919467912762 21107 302591
0.9829487732967068 21278 305161
0.9828230459703922 20952 307894
0.9827141902379286 20633 310297
0.9826045509949147 20404 312625
0.9825181558982282 19190 315493
0.9824283655891568 18439 317963
0.9823052499646767 18490 320269
0.9821723143412988 18694 322610
0.9820528028653503 18403 325189
0.9819379924527041 18583 327207
0.9818265772524427 18782 329141
0.9817285339655741 18228 331572
0.981635818550448 17740 333835
0.9815333876044975 17531 336005
0.9814220768723094 17883 337784
0.9813180789052581 17618 340040
0.9812097977471982 17712 342019
0.9811177613745491 17810 343683
0.9810410295746504 16887 346075
0.980949045436038 16640 348083
0.9808472935325644 16614 350057
0.9807347814175326 16699 352126
0.9806199710048862 16879 354144
0.980513779208294 17153 355903
0.9804099379433527 17563 357481
0.9803278260376749 16897 359719
0.9802467588127308 16544 361624
0.9801492901002659 16604 363430
0.9800408000060592 16734 365377
0.979947248846346 16556 367346
0.97984048247535 16666 369280
0.9797592063142593 16604 370898
0.9796885336626167 15869 372986
0.9796267930312482 15174 374863
0.9795321449567645 15115 376734
0.9794318556063183 15149 378620
0.979330573809175 15186 380522
0.9792283517993712 15634 382031
0.9791289504275487 16188 383380
0.9790549347975579 15564 385421
0.9789828518269246 15107 387258
0.9788921213051928 15108 388994
0.9787944436565811 15388 390584
0.978688042923842 15645 392364
0.9785854030417447 16146 393828
0.9784938890094624 16558 395168
0.9784197689113983 16034 397111
0.9783365078569132 15712 399027
0.9782444714842641 15670 400831
0.9781416749000567 15727 402742
0.9780390350179594 15916 404518
0.9779305971577894 16519 405991
0.9778384563170669 16905 407369
0.9777722757925796 16129 409412
0.9776946560140573 15770 411257
0.977608887725811 15532 413137
0.977511419013346 15621 414914
0.9774001082811581 15852 416814
0.977291357016768 16473 418275
0.977203342664944 16695 419738
0.9771223799080733 15999 421984
0.9770542667242286 15376 423911
0.9769569547138737 15080 426070
0.9768693582343433 14647 428180
0.9767728819685755 14319 430355
0.9766893075098703 14242 432032
0.9766269400700616 14059 433409
0.9765718331613528 13026 435497
0.9764997501907196 12393 437510
0.9764093330732079 12289 439345
0.9762926422352407 12761 441107
0.9761823761837864 13129 442850
0.9760819823652669 13556 444345
0.9759895281203242 13957 445714
0.975904438874555 13781 447519
0.975816111118511 13661 449330
0.9757242314479719 13780 450970
0.9756281208204609 14116 452474
0.9755298685974456 14671 453800
0.9754406528627778 15130 455049
0.9753588021272834 15256 456490
0.9752773170300458 14818 458488
0.9752180836324384 14297 460143
0.9751357627906139 14139 461877
0.975044196524295 14252 463517
0.9749488171732976 14269 465326
0.9748560495241348 14701 466670
0.9747797355965296 15022 467810
0.9747041007114015 14385 469895
0.9746470611433352 13884 471488
0.9745883500860948 13526 472970
0.9744998656279407 13564 474626
0.9744051653194202 13703 476300
0.9743133901169546 14182 477578
0.9742326885302675 14608 478697
0.9741714180052291 14133 480345
0.9741108787567045 14649 480988
0.9740328411058886 13574 483557
0.9739401256907625 13896 485010
0.9738546708067364 10074 490468
0.9737752228369297 9867 492196
0.9736950435906094 9718 493880
0.9736466226385971 9120 495405
0.9735941274317229 8592 496938
0.973514731695953 9010 498040
0.9734352837261463 9261 499310
0.9733472693743225 9407 500849
0.9732632770433237 9451 502413
0.9731966264125063 9313 503827
0.9731411538655407 9063 505139
0.9730972772747205 8553 506489
0.9730168368582167 8928 507654
0.9729223977198799 9637 508753
0.9728395023036516 9626 510351
0.9727569202916435 9604 511954
0.9726879191291751 9387 513492
0.972634222539457 9154 514753
0.9725873686085453 8745 516059
0.9725020181925926 9264 517174
0.972418861606181 9752 518278
0.972332884381788 9656 520020
0.9722494666251928 9754 521519
0.9721799431223574 9674 522930
0.9721273956814466 9326 524284
0.9720778778146637 8895 525663
0.9720019295253154 9183 526829
0.9719197653856008 9655 527930
0.9718383847564366 9529 529614
0.9717601904035106 9450 531190
0.9716849733906758 9450 532630
0.9716323737157283 9122 533965
0.9715798785088541 8774 535318
0.9714978710712496 9180 536482
0.9714152890592415 9706 537537
0.9713265956649406 9927 539014
0.971248819184308 9861 540569
0.971180235894133 9729 542014
0.9711216815390028 9400 543464
0.9710676715450646 8959 544939
0.9709889026177349 9417 545989
0.9708985899682966 10034 547101
0.9708185151900496 9826 548842
0.9707289860511616 9965 550417
0.970637054146586 10212 551930
0.9705643443675124 10127 553407
0.9704993652258691 9917 554861
0.970412552256889 10378 556062
0.9703324252446055 10847 557127
0.9702380383403053 10849 558932
0.9701263619698605 11201 560718
0.9700265427257444 11361 562469
0.969948243904745 11190 564139
0.9698750117853046 10920 565811
0.9697704914778863 11525 567207
0.9696449730877185 12795 568340
0.969529013526265 12921 570434
0.9694145687518755 13436 572110
0.9692867520640932 13883 574110
0.9692242801562111 13127 576062
0.9691341764429195 12892 578022
0.9689650426321149 14392 579760
0.9688773416845111 14471 581360
0.9687434658484727 14614 583780
0.9686540934116948 14084 586021
0.9685536473591385 13911 588117
0.968451373115298 13817 590169
0.9682965514305466 14856 592094
0.9681908819743212 14983 593990
0.9680033095485647 16701 595863
0.9678289523340909 17217 598685
0.9677093886241058 16967 601224
0.9675814152342135 16974 603667
0.9674529195039543 17322 605779
0.9673284980285569 17586 607897
0.967135597731058 19028 610148
0.9669159536067733 20608 612773
0.9666881609727649 21101 616641
0.9664697704653609 21966 619957
0.9662624535737353 22675 623217
0.9660930585927472 23149 625986
0.9659159852083655 23757 628768
0.9656972812967413 25151 631561
0.965463899620807 26439 634741
0.9652386142205598 25737 639756
0.9650119707353586 25827 644005
0.9648073177796043 25385 648365
0.964629669820819 24618 652533
0.9644422018631359 24055 656685
0.9642140958249074 25401 659706
0.9639550672369579 27245 662821
0.9637157831148775 26991 667656
0.9634826626091267 27076 672034
0.9632701745478687 26855 676323
0.963096653077982 26017 680483
0.9629196841616737 25049 684839
0.9626974283355546 25633 688510
0.962456838362557 26910 691839
0.9622400148762537 26959 695941
0.9620201618158223 26676 700433
0.961822769391168 25977 704911
0.961658388877702 24823 709212
0.9615220580419392 23109 713536
0.9613344333821461 23258 716979
0.9611368842553816 23896 720123
0.9609246573643071 23167 724915
0.9607259590887355 22883 729003
0.9605450203856387 22583 732767
0.9603967279554736 21797 736392
0.9602720453098927 20619 739957
0.9600771601189996 21552 742755
0.9598596575902193 23181 745290
0.9596546389962081 22749 749647
0.9594554706143062 22937 753272
0.9592814268040526 22791 756750
0.9591509461803991 21930 760109
0.9590321137469277 21349 762965
0.9588321618544755 22030 766112
0.9586338292171607 23122 768817
0.9584298030698466 22834 773011
0.9582409770272095 22654 776806
0.958055598430994 22306 780703
0.9579350422743117 21262 784055
0.9578015843105668 20367 787505
0.9575679936984858 21844 790500
0.9573285006402587 23578 793351
0.957094022049554 23987 797431
