9 0
9 0
10 0
10 0
13 0
13 0
13 0
20 0
20 0
25 0
35 0
35 0
55 0
88 0
101 0
182 0
228 0
265 0
265 0
455 6
586 6
678 9
791 10
958 19
1172 25
1335 26
1617 48
1948 67
2163 82
2391 164
2676 168
2887 250
3157 353
3394 449
3800 555
4013 652
4244 765
4369 941
4577 1163
4835 1331
5059 1636
5429 1937
5513 2139
5515 2449
5618 2738
5681 3031
5842 3404
5954 3737
6437 4161
6485 4471
6560 4815
6584 5116
6618 5546
6708 5972
6673 6501
7610 6927
7797 7213
7967 7525
8127 7917
8291 8273
8895 8807
9435 9252
11394 9819
12140 10301
12736 10685
13809 10985
14356 11470
15410 11949
16296 12454
19237 12971
20431 13424
21124 13928
22250 14460
24159 15211
26006 16023
27523 17008
31581 18435
32706 19663
34004 20643
36151 22016
39157 23048
41588 24581
44473 25972
53068 27219
55130 28866
58828 30063
61134 31721
62802 34381
64832 37005
65990 39542
77292 41428
79769 43781
82961 46059
45187 87361
45467 92023
45167 96987
45555 100806
54993 105358
56969 109787
56940 114512
55721 119644
56807 124255
57606 129092
59224 134228
61237 140397
61545 147027
61561 152154
59113 159615
35082 185546
34821 190282
35809 195584
35844 200904
37307 205048
37064 209899
35692 215075
34592 219824
34834 224230
34861 228499
34364 233402
34263 237719
34270 241729
32476 246917
30847 251196
29374 255167
28695 259394
28204 263643
28185 267347
27795 270762
26334 274685
24769 278314
24612 281604
24440 284834
24034 287995
24160 290881
24077 293580
23204 296289
21934 299271
21107 302591
21278 305161
20952 307894
20633 310297
20404 312625
19190 315493
18439 317963
18490 320269
18694 322610
18403 325189
18583 327207
18782 329141
18228 331572
17740 333835
17531 336005
17883 337784
17618 340040
17712 342019
17810 343683
16887 346075
16640 348083
16614 350057
16699 352126
16879 354144
17153 355903
17563 357481
16897 359719
16544 361624
16604 363430
16734 365377
16556 367346
16666 369280
16604 370898
15869 372986
15174 374863
15115 376734
15149 378620
15186 380522
15634 382031
16188 383380
15564 385421
15107 387258
15108 388994
15388 390584
15645 392364
16146 393828
16558 395168
16034 397111
15712 399027
15670 400831
15727 402742
15916 404518
16519 405991
16905 407369
16129 409412
15770 411257
15532 413137
15621 414914
15852 416814
16473 418275
16695 419738
15999 421984
15376 423911
15080 426070
14647 428180
14319 430355
14242 432032
14059 433409
13026 435497
12393 437510
12289 439345
12761 441107
13129 442850
13556 444345
13957 445714
13781 447519
13661 449330
13780 450970
14116 452474
14671 453800
15130 455049
15256 456490
14818 458488
14297 460143
14139 461877
14252 463517
14269 465326
14701 466670
15022 467810
14385 469895
13884 471488
13526 472970
13564 474626
13703 476300
14182 477578
14608 478697
14133 480345
14649 480988
13574 483557
13896 485010
10074 490468
9867 492196
9718 493880
9120 495405
8592 496938
9010 498040
9261 499310
9407 500849
9451 502413
9313 503827
9063 505139
8553 506489
8928 507654
9637 508753
9626 510351
9604 511954
9387 513492
9154 514753
8745 516059
9264 517174
9752 518278
9656 520020
9754 521519
9674 522930
9326 524284
8895 525663
9183 526829
9655 527930
9529 529614
9450 531190
9450 532630
9122 533965
8774 535318
9180 536482
9706 537537
9927 539014
9861 540569
9729 542014
9400 543464
8959 544939
9417 545989
10034 547101
9826 548842
9965 550417
10212 551930
10127 553407
9917 554861
10378 556062
10847 557127
10849 558932
11201 560718
11361 562469
11190 564139
10920 565811
11525 567207
12795 568340
12921 570434
13436 572110
13883 574110
13127 576062
12892 578022
14392 579760
14471 581360
14614 583780
14084 586021
13911 588117
13817 590169
14856 592094
14983 593990
16701 595863
17217 598685
16967 601224
16974 603667
17322 605779
17586 607897
19028 610148
20608 612773
21101 616641
21966 619957
22675 623217
23149 625986
23757 628768
25151 631561
26439 634741
25737 639756
25827 644005
25385 648365
24618 652533
24055 656685
25401 659706
27245 662821
26991 667656
27076 672034
26855 676323
26017 680483
25049 684839
25633 688510
26910 691839
26959 695941
26676 700433
25977 704911
24823 709212
23109 713536
23258 716979
23896 720123
23167 724915
22883 729003
22583 732767
21797 736392
20619 739957
21552 742755
23181 745290
22749 749647
22937 753272
22791 756750
21930 760109
21349 762965
22030 766112
23122 768817
22834 773011
22654 776806
22306 780703
21262 784055
20367 787505
21844 790500
23578 793351
23987 797431
