1.0 0 0
1.0 0 0
1.0 0 0
1.0 0 0
1.0 0 0
0.9999999803830207 1 0
0.9999999803830207 1 0
0.9999999803830207 1 0
0.9999999803830207 1 0
0.9999999411490622 3 0
0.9999998234471866 9 0
0.9999998234471866 9 0
0.9999997449792696 13 0
0.9999995684264562 22 0
0.999999333022705 34 0
0.9999988818321819 57 0
0.9999985287265551 74 1
0.999997999068115 101 1
0.9999978813662395 107 1
0.9999969005172762 157 1
0.9999961550720642 195 1
0.9999954684777899 226 5
0.9999945660967438 271 6
0.9999925847818381 369 9
0.9999907800197456 458 12
0.9999903680631811 477 14
0.9999894264481765 523 16
0.9999880728766072 592 16
0.9999862288805563 682 20
0.999984345650547 771 27
0.9999822270167863 859 47
0.9999791079170832 1009 56
0.9999772246870738 1087 74
0.9999751452872718 1187 80
0.999972418527154 1289 117
0.9999708687857921 1362 123
0.9999690247897413 1445 134
0.9999650817769091 1630 150
0.9999597067245907 1877 177
0.999956391455095 1980 243
0.9999514872102788 2196 277
0.9999468576031724 2395 314
0.9999455432655616 2397 379
0.9999440523751375 2421 431
0.999941561018771 2498 481
0.9999390892793836 2522 583
0.9999365783060378 2539 694
0.9999325372083092 2652 787
0.9999289669180831 2821 800
0.9999256124146289 2902 890
0.9999219832734649 2984 993
0.9999186091530314 3149 1000
0.9999145484383236 3280 1076
0.9999105269575744 3419 1142
0.9999042495242098 3653 1228
0.9998991294926217 3842 1300
0.999894480268536 4002 1377
0.9998902037670564 4134 1463
0.9998832985903553 4412 1537
0.999878237409705 4518 1689
0.9998723523159256 4775 1732
0.9998625634432726 5141 1865
0.9998570903060578 5295 1990
0.9998495770029995 5606 2062
0.9998435938243239 5808 2165
0.9998310389575945 6222 2391
0.999824251482769 6414 2545
0.9998145018440745 6749 2707
0.9998028297414121 7199 2852
0.9997941198026187 7481 3014
0.9997829773583964 7895 3168
0.999772188019801 8309 3304
0.9997592604304656 8808 3464
0.9997463524581095 9288 3642
0.9997330129122096 9727 3883
0.9997211250227753 10210 4006
0.999706941946767 10790 4149
0.9996944851649341 11249 4325
0.9996803413228843 11800 4495
0.9996677864561551 12272 4663
0.9996530344877481 12801 4886
0.999640420770081 13247 5083
0.9996247075696901 13874 5257
0.9996041882093794 14754 5423
0.9995846104640734 15432 5743
0.9995687991787862 15966 6015
0.9995487506259778 16716 6287
0.9995271523318076 17190 6914
0.9995023957039757 18412 6954
0.9994764620573879 19148 7540
0.9994460949734865 20411 7825
0.9994235942982701 21412 7971
0.9994018194512864 21140 9353
0.999375532699072 21135 10698
0.9993456952736106 21138 12216
0.9993110516882294 21714 13406
0.9992813319646436 21820 14815
0.9992540251295073 23152 14875
0.9992303082015765 23563 15673
0.9992012162213272 22952 17767
0.9991745567465067 24247 17831
0.9991430911117664 25683 17999
0.9991130771334916 26358 18854
0.9990807875856222 27490 19368
0.9990437507287708 28405 20341
0.9990007306932437 29812 21127
0.9989590642292857 31352 21711
0.9989224197120196 33144 21787
0.9988809298008751 34782 22264
0.9988187243596273 36906 23311
0.9987587160200571 38505 24771
0.9987124787999305 39472 26161
0.9986532551395308 39003 29649
0.9986036045650123 39849 31334
0.9985567396015493 40651 32921
0.9984872758779736 44105 33008
0.9984188910882574 46216 34383
0.9983435030369437 48221 36221
0.9982621121899752 50653 37938
0.9981997694298725 50246 41523
0.9981355434397604 53424 41619
0.9980805570468819 54491 43355
0.9979988915622037 56396 45613
0.9979184423302397 58988 47122
0.9978518426856366 61122 48383
0.9977756503381732 64038 49351
0.9977026555583298 66403 50707
0.997640450117082 68110 52171
0.9975578037834405 69765 54729
0.9974765110213683 72250 56388
0.997371854436992 75625 58348
0.9972384001270552 79579 61197
0.9971431400757467 81713 63919
0.9970487235545464 83952 66493
0.9969735512900048 85371 68906
0.9968632842495587 88464 71434
0.9967598831518554 90549 74620
0.9966022214895063 95441 77765
0.9964269633967568 95215 86925
0.9962590420542524 98348 92352
0.9961300015646503 98749 98529
0.9959980381451378 101272 102733
0.9958600719299702 105032 106006
0.9957151024532053 109442 108986
0.9955592455529485 110734 115639
0.9954186310455803 111702 121839
0.9952763294779953 112859 127936
0.9951158429706322 115414 133562
0.9949564550141078 117163 139938
0.9947547139993512 121621 145764
0.9945846347891276 123824 152231
0.9943891515907566 127515 158505
0.9942030256914945 131016 164492
0.9939936536718041 135143 171038
0.99376864691964 139762 177889
0.9935685733481209 143106 184744
0.993428723902944 143406 191573
0.9932181356305392 147773 197941
0.9929828103472818 153416 204294
0.9927965667461442 156459 210745
0.9926069490245731 159739 217131
0.9923987932575972 161951 225530
0.9921998378538962 162985 234638
0.9919481520099321 166551 243902
0.9917114535381262 168897 253622
0.9914900563101466 169166 264639
0.9912682667425817 169326 275785
0.9910411413566569 167459 289230
0.9908127408670799 165799 302533
0.9906493706637648 159763 316897
0.9904049038681702 161180 327942
0.9901487845868923 159901 342277
0.9899223850292003 158412 355307
0.9897572296807721 156630 365508
0.9895421295031365 156343 376760
0.9893844874577666 149799 391340
0.989177547943505 149911 401777
0.9889730409346722 148761 413352
0.9887743209347224 146945 425298
0.9885830161529346 145747 436248
0.9884163306801238 142118 448374
0.9882320880108713 140259 459625
0.9880747598371696 137932 469972
0.9879337137562576 135972 479122
0.9877584948974668 134424 489602
0.9875761550752029 133409 499912
0.9874142561453326 131805 509769
0.987247727608356 130954 519109
0.9870830823013886 129530 528926
0.9869248713636202 126880 539641
0.986820371715078 120954 550894
0.9866700075690152 116234 563279
0.9865260581751721 111913 574938
0.9863727907161782 102910 591754
0.9862271542621183 96876 605212
0.9860922679126953 93410 615554
0.9859479850302046 94010 622309
0.9858386596047634 91844 630048
0.9857072650776495 97324 631266
0.9855545076601165 102821 633556
0.9854060463610425 104823 639122
0.9852780259543621 111349 639122
0.9851225221597321 106674 651724
0.9849915199722036 107669 657407
0.9848863925803248 105138 665297
0.9847470727935881 112240 665297
0.9846150309061585 97245 687023
0.9844864416070794 103800 687023
0.9843394319644709 85737 712580
0.9841879692675695 80630 725408
0.9840502973070909 76096 736960
0.9839493287148163 70026 748177
0.9838347851728907 64060 759982
0.9837242042607766 60028 769651
0.9836131721581393 57452 777887
0.9834916842055539 61182 780350
0.983361917887719 63790 784357
0.9832264626458974 66666 788386
0.9830870643912435 69014 793144
0.9829369944998698 71979 797829
0.9827824911711823 76531 801153
0.98261584493233 85026 801153
0.9824565354437227 86258 808042
0.9822908308198751 91956 810791
0.9821227329245573 93695 817621
0.9819703482296304 92703 826381
0.981871988695598 89254 834844
0.9817530901842756 85186 844973
0.9816192435347537 81694 855288
0.981455010184351 79737 865617
0.9813173578408517 76101 876270
0.9811760959731677 72308 887264
0.9810522932170292 68820 897063
0.9808903354362212 68136 906003
0.980742011456002 67341 914359
0.9805718733948406 66926 923447
0.9804037754995228 67488 931454
0.9802317542083521 70332 937379
0.9800714050198438 78352 937533
0.9798915761709257 70660 954392
0.9797313839182515 69771 963447
0.9795603827100026 69308 972627
0.9793409275629701 71848 981274
0.9791441888779261 72583 990568
0.9789277547457004 73640 1000544
0.9787485144061603 74002 1009319
0.9785536197171671 75807 1017449
0.9784332499323999 73668 1025724
0.978262699914674 73871 1034215
0.9780686683727684 74602 1043375
0.9778772851230636 75065 1052668
0.9777063427657524 74770 1061677
0.9775603924400242 73014 1070873
0.9774588353383717 69073 1079991
0.9773354053048392 141362 1013994
0.9771398240215717 61591 1103735
0.97696943093968 58830 1115182
0.9767990574747675 59688 1123009
0.9766237405310803 60229 1131405
0.9764842245745509 59759 1138987
0.9763572831017301 59127 1146090
0.9762413271372974 57845 1153283
0.9761064604048536 58256 1159747
0.9759595880811001 58336 1167154
0.9758035546280299 59934 1173510
0.9756652745411941 60466 1180027
0.975509829597502 62198 1186219
0.975381102979568 60603 1194376
0.975233681380395 58960 1203534
0.9750669959075843 60172 1210819
0.9748807130724881 62715 1217772
0.9746840920893197 64797 1225713
0.9745055187270746 66008 1233605
0.9743336151377795 67340 1241036
0.9741682440025794 69551 1247255
0.9740115828061728 70211 1254581
0.9738292037499504 71337 1262752
0.9736480801804008 72902 1270420
0.9734659365279297 74150 1278457
0.973276789613861 74914 1287335
0.9731031008794527 75885 1295218
0.9729854578548033 71510 1305590
0.9728381343405266 68126 1316484
0.9726905558055194 66228 1325905
0.9725379749407999 65007 1334904
0.9723614613613776 65941 1342968
0.9722013279596411 67781 1349291
0.9720306210060811 71885 1353889
0.9718591293733505 73852 1360664
0.9716604093734007 76860 1367786
0.9714259276202517 80873 1375726
0.9711866789411414 85189 1383606
0.9709262243074461 88032 1394040
0.9706517827675352 93251 1402811
0.9704328572789429 93415 1413807
0.970220111138819 95047 1423020
0.9699743888565514 95288 1435305
0.9696951803906793 99484 1445342
0.969402102720467 100996 1458770
0.9691090054332755 102308 1472399
0.9689089907126943 98919 1485984
0.9687207854136303 96351 1498146
0.9685381513366774 92392 1511415
0.9683220703100786 89185 1525637
0.9680937482884185 86372 1540089
0.9677737168886968 91143 1551632
0.9675362533546996 90837 1564043
0.967310108817738 91670 1574738
0.9671254738089001 89502 1586318
0.9669232031357036 89765 1596366
0.966592951289785 99528 1603438
0.9662632879532445 105470 1614301
0.9659184999256909 111995 1625352
0.9655610589465117 112977 1642591
0.9652512087590284 116015 1655348
0.9649464197521952 119767 1667133
0.9646521062122893 122838 1679065
0.9643739570632974 122408 1693674
0.9640620863269498 119853 1712127
0.9637262240249616 117775 1731326
0.9633127373360236 123854 1746325
0.9629036252334616 130854 1760180
0.9625627017508233 130149 1778264
0.9622739594330285 119906 1803226
0.961961284400531 119734 1819337
0.9616099835358617 121017 1835962
0.9613085490324828 121024 1851321
0.9610128623040284 125280 1862138
0.9607077986594855 129678 1873291
0.9604622725470106 131943 1883542
0.960221748764248 126805 1900941
0.9599548401443747 124320 1917032
0.9596811244326966 122741 1932564
0.9594404240971207 120278 1947297
0.959243116519678 114558 1963075
0.9590631699688843 108755 1978051
0.9589047040103854 102579 1992305
0.958715949435902 95560 2008946
0.9585179944981436 88679 2025918
0.958301717301752 81787 2043835
0.9581096670747522 79146 2056266
0.9579674832090428 76316 2066344
0.9577998168872688 73183 2078024
0.9576819384588682 73890 2083326
0.9575986447649109 70944 2090518
0.9574918891637533 62105 2104799
0.9573654969663519 61146 2112201
0.9572420276988608 57449 2122192
0.9571335850374865 55180 2129989
0.9570365398410648 54300 2135816
0.9569399654521454 53883 2141156
0.956871109854927 50296 2148253
0.9567916807058848 49544 2153054
0.9566915752606979 49939 2157762
0.9565969429527258 48746 2163779
0.9565091373535377 47928 2169073
0.9564107189685674 47863 2174155
0.9563274645085688 47062 2179200
0.9562607471620901 45994 2183669
0.9561837309014976 44980 2188609
0.9561061849824648 44228 2193314
0.9560339356478335 43636 2197589
0.9559639618827969 43400 2201392
0.9558983823211155 43025 2205110
