0 0
0 0
0 0
0 0
0 0
1 0
1 0
1 0
1 0
3 0
9 0
9 0
13 0
22 0
34 0
57 0
74 1
101 1
107 1
157 1
195 1
226 5
271 6
369 9
458 12
477 14
523 16
592 16
682 20
771 27
859 47
1009 56
1087 74
1187 80
1289 117
1362 123
1445 134
1630 150
1877 177
1980 243
2196 277
2395 314
2397 379
2421 431
2498 481
2522 583
2539 694
2652 787
2821 800
2902 890
2984 993
3149 1000
3280 1076
3419 1142
3653 1228
3842 1300
4002 1377
4134 1463
4412 1537
4518 1689
4775 1732
5141 1865
5295 1990
5606 2062
5808 2165
6222 2391
6414 2545
6749 2707
7199 2852
7481 3014
7895 3168
8309 3304
8808 3464
9288 3642
9727 3883
10210 4006
10790 4149
11249 4325
11800 4495
12272 4663
12801 4886
13247 5083
13874 5257
14754 5423
15432 5743
15966 6015
16716 6287
17190 6914
18412 6954
19148 7540
20411 7825
21412 7971
21140 9353
21135 10698
21138 12216
21714 13406
21820 14815
23152 14875
23563 15673
22952 17767
24247 17831
25683 17999
26358 18854
27490 19368
28405 20341
29812 21127
31352 21711
33144 21787
34782 22264
36906 23311
38505 24771
39472 26161
39003 29649
39849 31334
40651 32921
44105 33008
46216 34383
48221 36221
50653 37938
50246 41523
53424 41619
54491 43355
56396 45613
58988 47122
61122 48383
64038 49351
66403 50707
68110 52171
69765 54729
72250 56388
75625 58348
79579 61197
81713 63919
83952 66493
85371 68906
88464 71434
90549 74620
95441 77765
95215 86925
98348 92352
98749 98529
101272 102733
105032 106006
109442 108986
110734 115639
111702 121839
112859 127936
115414 133562
117163 139938
121621 145764
123824 152231
127515 158505
131016 164492
135143 171038
139762 177889
143106 184744
143406 191573
147773 197941
153416 204294
156459 210745
159739 217131
161951 225530
162985 234638
166551 243902
168897 253622
169166 264639
169326 275785
167459 289230
165799 302533
159763 316897
161180 327942
159901 342277
158412 355307
156630 365508
156343 376760
149799 391340
149911 401777
148761 413352
146945 425298
145747 436248
142118 448374
140259 459625
137932 469972
135972 479122
134424 489602
133409 499912
131805 509769
130954 519109
129530 528926
126880 539641
120954 550894
116234 563279
111913 574938
102910 591754
96876 605212
93410 615554
94010 622309
91844 630048
97324 631266
102821 633556
104823 639122
111349 639122
106674 651724
107669 657407
105138 665297
112240 665297
97245 687023
103800 687023
85737 712580
80630 725408
76096 736960
70026 748177
64060 759982
60028 769651
57452 777887
61182 780350
63790 784357
66666 788386
69014 793144
71979 797829
76531 801153
85026 801153
86258 808042
91956 810791
93695 817621
92703 826381
89254 834844
85186 844973
81694 855288
79737 865617
76101 876270
72308 887264
68820 897063
68136 906003
67341 914359
66926 923447
67488 931454
70332 937379
78352 937533
70660 954392
69771 963447
69308 972627
71848 981274
72583 990568
73640 1000544
74002 1009319
75807 1017449
73668 1025724
73871 1034215
74602 1043375
75065 1052668
74770 1061677
73014 1070873
69073 1079991
141362 1013994
61591 1103735
58830 1115182
59688 1123009
60229 1131405
59759 1138987
59127 1146090
57845 1153283
58256 1159747
58336 1167154
59934 1173510
60466 1180027
62198 1186219
60603 1194376
58960 1203534
60172 1210819
62715 1217772
64797 1225713
66008 1233605
67340 1241036
69551 1247255
70211 1254581
71337 1262752
72902 1270420
74150 1278457
74914 1287335
75885 1295218
71510 1305590
68126 1316484
66228 1325905
65007 1334904
65941 1342968
67781 1349291
71885 1353889
73852 1360664
76860 1367786
80873 1375726
85189 1383606
88032 1394040
93251 1402811
93415 1413807
95047 1423020
95288 1435305
99484 1445342
100996 1458770
102308 1472399
98919 1485984
96351 1498146
92392 1511415
89185 1525637
86372 1540089
91143 1551632
90837 1564043
91670 1574738
89502 1586318
89765 1596366
99528 1603438
105470 1614301
111995 1625352
112977 1642591
116015 1655348
119767 1667133
122838 1679065
122408 1693674
119853 1712127
117775 1731326
123854 1746325
130854 1760180
130149 1778264
119906 1803226
119734 1819337
121017 1835962
121024 1851321
125280 1862138
129678 1873291
131943 1883542
126805 1900941
124320 1917032
122741 1932564
120278 1947297
114558 1963075
108755 1978051
102579 1992305
95560 2008946
88679 2025918
81787 2043835
79146 2056266
76316 2066344
73183 2078024
73890 2083326
70944 2090518
62105 2104799
61146 2112201
57449 2122192
55180 2129989
54300 2135816
53883 2141156
50296 2148253
49544 2153054
49939 2157762
48746 2163779
47928 2169073
47863 2174155
47062 2179200
45994 2183669
44980 2188609
44228 2193314
43636 2197589
43400 2201392
43025 2205110
