0 0
0 0
0 0
0 0
0 0
1 0
1 0
5 0
9 0
9 0
13 0
22 0
23 0
26 0
27 0
35 0
41 0
50 0
68 1
88 1
113 4
130 4
154 4
173 4
197 4
227 4
258 5
290 5
309 5
324 6
341 6
369 6
388 8
403 13
420 15
436 18
447 20
457 26
470 32
506 33
513 45
525 52
536 59
547 65
549 69
555 71
564 78
557 92
554 101
543 117
532 130
513 156
495 186
484 202
465 222
445 248
425 270
404 293
393 312
384 329
375 344
364 361
355 378
347 392
337 405
336 419
327 434
314 451
306 467
294 486
284 508
277 524
277 527
280 535
287 543
292 551
292 561
288 575
281 585
295 587
305 592
301 602
301 610
301 617
300 630
313 638
312 644
335 649
344 656
359 663
379 668
377 679
398 686
413 692
462 695
497 697
523 705
552 711
604 714
619 723
647 728
727 734
804 734
869 743
907 755
951 764
961 783
990 806
960 911
990 949
1064 994
1101 1026
1169 1044
1222 1055
1227 1141
1293 1222
1445 1239
1544 1292
1640 1339
1749 1381
1860 1409
2007 1452
2220 1533
2416 1607
2636 1675
2882 1739
3232 1764
3442 1799
3653 1833
3882 1954
4437 2048
4709 2136
4983 2248
5327 2269
5698 2338
6004 2478
6395 2591
6831 2715
7104 2865
7595 2956
8086 3028
8449 3085
8549 3262
8968 3393
9601 3528
10077 3592
10862 3738
11389 3840
11902 3939
12299 4045
12617 4183
12870 4420
13266 4554
13502 4685
14228 4747
14542 4860
13066 6771
13375 7042
13832 7238
14597 7484
14985 7817
15321 7965
15805 8067
16282 8226
16605 8452
17445 8684
17865 9066
18436 9301
19109 9356
19547 9537
19867 9776
20428 9981
20803 10272
21635 10499
22364 10720
22947 10873
21343 13120
21856 13449
22604 13703
22424 14868
23414 15071
23544 16155
23544 16155
24795 16492
25471 16713
26340 16965
26143 18315
27158 18522
28231 18689
28231 18689
29187 19593
30081 19816
31137 20087
31660 20889
32676 21293
33936 21518
33936 21518
35534 21827
35968 22169
37115 22401
37490 23328
38528 23846
39454 24258
39454 24258
39730 25872
40223 26466
41142 26917
42110 27349
42981 27835
43461 28588
43461 28588
43433 30281
43021 31583
37015 38745
36068 40760
34278 43551
33225 45957
33225 45957
30439 50690
31118 51024
32178 51319
32006 52822
32671 53382
33694 53745
33694 53745
34868 54355
35444 54794
36491 55289
34262 58890
34911 59437
35515 59999
35515 59999
36291 60784
36591 61331
37451 61974
38203 62413
38899 62927
39769 63319
39769 63319
39439 65021
39587 65735
40217 66336
40547 67023
41293 67573
41867 68104
41867 68104
41724 69533
42097 70023
42687 70574
42921 71446
43543 71874
43780 72583
43780 72583
43847 73740
44123 74443
44746 75022
45157 75782
45718 76405
46336 76887
46336 76887
45862 78730
46454 79136
47186 79826
47781 80450
48438 80980
48438 80980
48438 80980
49318 82977
49555 83635
50235 84285
50790 84952
50412 86681
50412 86681
50412 86681
50386 89252
50720 89452
51375 89965
49324 93181
46123 97562
46123 97562
46123 97562
41741 104680
39898 107532
39200 109488
38078 111737
36430 114517
36430 114517
36430 114517
32722 120447
31109 122987
30349 124914
29501 126887
29988 127484
29988 127484
29988 127484
31079 128814
31135 129669
31661 130281
32062 130928
32062 130928
32062 130928
32062 130928
33329 132433
33654 133145
34436 133678
35213 134108
35213 134108
35213 134108
35213 134108
37291 135145
37736 135855
37860 137178
38646 137761
39226 138388
39226 138388
39226 138388
39077 140984
39429 141664
39805 142351
40268 142974
40397 143790
40397 143790
40397 143790
41313 144703
40370 146507
40343 147369
40247 148230
40342 148966
40342 148966
40342 148966
39038 151707
38970 152375
38734 153332
38656 153981
38720 154556
38720 154556
38720 154556
38872 155697
38141 156868
37842 157695
37749 158243
37585 158853
37585 158853
37585 158853
36460 160975
36334 161518
36051 162287
35584 163172
35527 163660
35527 163660
35527 163660
33960 166064
32278 168176
31164 169724
30178 171063
29862 171816
29862 171816
29862 171816
27612 175062
26721 176376
26607 176889
25235 178679
24442 179899
24442 179899
