1.0 0 0
1.0 0 0
1.0 0 0
1.0 0 0
1.0 0 0
0.9999998040045016 1 0
0.9999998040045016 1 0
0.9999990200225082 5 0
0.9999982360405146 9 0
0.9999982360405146 9 0
0.9999974520585211 13 0
0.9999956880990357 22 0
0.9999954921035373 23 0
0.9999949041170423 26 0
0.9999947081215439 27 0
0.9999931401575569 35 0
0.9999919641845666 41 0
0.9999902002250812 50 0
0.9999864763106121 68 1
0.9999825564006446 88 1
0.9999770685266901 113 4
0.9999737366032176 130 4
0.9999690327112567 154 4
0.9999653087967876 173 4
0.9999606049048265 197 4
0.9999547250398753 227 4
0.9999484531839272 258 5
0.9999421813279793 290 5
0.9999384574135102 309 5
0.9999353214855361 324 6
0.9999319895620637 341 6
0.9999265016881093 369 6
0.9999223857826434 388 8
0.9999184658726759 403 13
0.9999147419582067 420 15
0.9999110180437376 436 18
0.9999084701022587 447 20
0.9999053341742847 457 26
0.9999016102598155 470 32
0.9998943584263756 506 33
0.9998906345119065 513 45
0.9998869105974374 525 52
0.9998833826784667 536 59
0.9998800507549943 547 65
0.999878874782004 549 69
0.999877306818017 555 71
0.999874170890043 564 78
0.9998727989215543 557 92
0.9998716229485641 554 101
0.9998706429710722 543 117
0.9998702509800755 532 130
0.9998688790115868 513 156
0.9998665270656063 495 186
0.9998655470881145 484 202
0.9998653510926161 465 222
0.9998641751196259 445 248
0.9998637831286291 425 270
0.9998633911376323 404 293
0.9998618231736454 393 312
0.9998602552096584 384 329
0.9998590792366681 375 344
0.9998579032636778 364 361
0.9998563352996909 355 378
0.9998551593267005 347 392
0.9998545713402055 337 405
0.9998520233987266 336 419
0.9998508474257364 327 434
0.9998500634437428 314 451
0.9998484954797558 306 467
0.9998471235112671 294 486
0.9998447715652867 284 508
0.9998430076058014 277 524
0.9998424196193062 277 527
0.9998402636688241 280 535
0.9998373237363484 287 543
0.9998347757948696 292 551
0.9998328158398858 292 561
0.9998308558849021 288 575
0.9998302678984069 281 585
0.9998271319704329 295 587
0.9998241920379572 305 592
0.999823016064967 301 602
0.9998214481009801 301 610
0.9998200761324914 301 617
0.9998177241865109 300 630
0.999813608281045 313 638
0.9998126283035531 312 644
0.9998071404295986 335 649
0.9998040045016247 344 656
0.9997996926006604 359 663
0.9997947927132009 379 668
0.9997930287537156 377 679
0.9997875408797611 398 686
0.9997834249742952 413 692
0.9997732332083796 462 695
0.9997659813749398 497 697
0.999759317527995 523 705
0.9997524576855519 552 711
0.9997416779331413 604 714
0.9997369740411802 619 723
0.9997305061897338 647 728
0.9997136505768736 727 734
0.9996985589234987 804 734
0.9996840552566189 869 743
0.9996742554817001 907 755
0.9996638677202861 951 764
0.9996581838508333 961 783
0.9996479920849178 990 806
0.9996332924225396 960 911
0.9996199647286501 990 949
0.9995966412643434 1064 994
0.9995831175749555 1101 1026
0.9995662619620953 1169 1044
0.9995537182501992 1222 1055
0.999535882659847 1227 1141
0.9995070713215859 1293 1222
0.9994739480823605 1445 1239
0.9994441567666074 1544 1292
0.9994161294103397 1640 1339
0.999386534090085 1749 1381
0.9993592907158109 1860 1409
0.9993220515711195 2007 1452
0.9992644288945971 2220 1533
0.9992115101100358 2416 1607
0.9991550634065037 2636 1675
0.9990943048020073 2882 1739
0.9990208064901165 3232 1764
0.9989727875930146 3442 1799
0.9989247686959126 3653 1833
0.9988561702714812 3882 1954
0.9987289691930356 4437 2048
0.9986584108136204 4709 2136
0.9985827565512475 4983 2248
0.9985112181943405 5327 2269
0.9984249801750553 5698 2338
0.9983375661827799 6004 2478
0.9982387844515987 6395 2591
0.9981290269725085 6831 2715
0.9980461208766958 7104 2865
0.9979320514966412 7595 2956
0.9978217060310559 8086 3028
0.9977393879217382 8449 3085
0.9976850971686883 8549 3262
0.9975772996445817 8968 3393
0.9974267751018294 9601 3528
0.9973209375327068 10077 3592
0.9971384657237192 10862 3738
0.9970151845552412 11389 3840
0.9968952353102354 11902 3939
0.9967966495745526 12299 4045
0.9967072756272934 12617 4183
0.9966112378330895 12870 4420
0.9965073602189505 13266 4554
0.9964354298710467 13502 4685
0.9962809854183269 14228 4747
0.9961972953405206 14542 4860
0.9961120372987273 13066 6771
0.9959983599096696 13375 7042
0.9958703748492305 13832 7238
0.995672223400373 14597 7484
0.9955309106460443 14985 7817
0.9954360488248306 15321 7965
0.9953211954627826 15805 8067
0.9951965423258159 16282 8226
0.9950889407972078 16605 8452
0.9948788336229494 17445 8684
0.9947216452332522 17865 9066
0.9945636728615617 18436 9301
0.9944209881387445 19109 9356
0.9942996669252501 19547 9537
0.9941901054416582 19867 9776
0.9940399728899026 20428 9981
0.9939094398879846 20803 10272
0.9937018806552051 21635 10499
0.9935156849317485 22364 10720
0.9933714322449442 22947 10873
0.9932454071394888 21343 13120
0.9930803789298568 21856 13449
0.9928839914404846 22604 13703
0.9926909358745848 22424 14868
0.992457113245023 23414 15071
0.9922191747099952 23544 16155
0.9922191747099952 23544 16155
0.9919079338585751 24795 16492
0.9917321258965324 25471 16713
0.9915124149428536 26340 16965
0.9912864321332268 26143 18315
0.991046925634212 27158 18522
0.9908038912162266 28231 18689
0.9908038912162266 28231 18689
0.9904393395892483 29187 19593
0.990220412617563 30081 19816
0.9899603265912188 31137 20087
0.9897006325558715 31660 20889
0.9894223189481784 32676 21293
0.989131265633091 33936 21518
0.989131265633091 33936 21518
0.9887575022176891 35534 21827
0.9886054097109498 35968 22169
0.98833513191869 37115 22401
0.9880799457798053 37490 23328
0.9877749767843332 38528 23846
0.9875127348075069 39454 24258
0.9875127348075069 39454 24258
0.9871423033155774 39730 25872
0.9869292562088434 40223 26466
0.9866607423760692 41142 26917
0.9863863486783435 42110 27349
0.9861203827870482 42981 27835
0.9858787203375513 43461 28588
0.9858787203375513 43461 28588
0.9855523878327562 43433 30281
0.9853779518392022 43021 31583
0.9851513810430802 37015 38745
0.9849420578508152 36068 40760
0.9847458663569415 34278 43551
0.9844806844476396 33225 45957
0.9844806844476396 33225 45957
0.9840990812123027 30439 50690
0.9839005377724485 31118 51024
0.9836349638721498 32178 51319
0.9833740938638121 32006 52822
0.9831339993783023 32671 53382
0.982862349617554 33694 53745
0.982862349617554 33694 53745
0.9825126936484523 34868 54355
0.9823137582176013 35444 54794
0.9820115331591064 36491 55289
0.9817426273353353 34262 58890
0.9815082167192783 34911 59437
0.9812796859681727 35515 59999
0.9812796859681727 35515 59999
0.9809737369952087 36291 60784
0.9808077288080848 36591 61331
0.9805131475740265 37451 61974
0.9802797169354615 38203 62413
0.9800425623824272 38899 62927
0.9797952160634774 39769 63319
0.9797952160634774 39769 63319
0.9795263102397064 39439 65021
0.9793573621201068 39587 65735
0.9791160916616067 40217 66336
0.9789167642397589 40547 67023
0.9786627540738644 41293 67573
0.9784461790481597 41867 68104
0.9784461790481597 41867 68104
0.9781941288372489 41724 69533
0.9780249847221509 42097 70023
0.9778013538585045 42687 70574
0.9775845828373014 42921 71446
0.9773787875640072 43543 71874
0.9771933758225441 43780 72583
0.9771933758225441 43780 72583
0.9769534773325326 43847 73740
0.9767615977396231 44123 74443
0.9765260111505759 44746 75022
0.9762965004219784 45157 75782
0.9760644417519019 45718 76405
0.9758488467036889 46336 76887
0.9758488467036889 46336 76887
0.975580528866413 45862 78730
0.9753849253590343 46454 79136
0.9751062197603445 47186 79826
0.974867301247825 47781 80450
0.9746346545912533 48438 80980
0.9746346545912533 48438 80980
0.9746346545912533 48438 80980
0.9740707755424274 49318 82977
0.9738953595713814 49555 83635
0.973634685558542 50235 84285
0.9733951790595273 50790 84952
0.9731303891412222 50412 86681
0.9731303891412222 50412 86681
0.9731303891412222 50412 86681
0.9726315805978568 50386 89252
0.9725269190017244 50720 89452
0.9722979962596219 51375 89965
0.9720696615040145 49324 93181
0.9718383868159316 46123 97562
0.9718383868159316 46123 97562
0.9718383868159316 46123 97562
0.9713021431323765 41741 104680
0.9711043836745158 39898 107532
0.9708578213375595 39200 109488
0.9706369344108905 38078 111737
0.9704150675067295 36430 114517
0.9704150675067295 36430 114517
0.9704150675067295 36430 114517
0.9699795655093394 32722 120447
0.9697978776823454 31109 122987
0.9695691509357413 30349 124914
0.969348656000069 29501 126887
0.9691361968798301 29988 127484
0.9691361968798301 29988 127484
0.9691361968798301 29988 127484
0.9686616917782632 31079 128814
0.9684831398792433 31135 129669
0.968260097002092 31661 130281
0.9680546937197947 32062 130928
0.9680546937197947 32062 130928
0.9680546937197947 32062 130928
0.9680546937197947 32062 130928
0.967511394198298 33329 132433
0.9673081468664828 33654 133145
0.9670504127861191 34436 133678
0.96681384621958 35213 134108
0.96681384621958 35213 134108
0.96681384621958 35213 134108
0.96681384621958 35213 134108
0.9662033202421407 37291 135145
0.9659769454415171 37736 135855
0.9656933399553679 37860 137178
0.965425022118092 38646 137761
0.9651884555515529 39226 138388
0.9651884555515529 39226 138388
0.9651884555515529 39226 138388
0.9647088545670283 39077 140984
0.9645065872127049 39429 141664
0.9642982439979318 39805 142351
0.9640853928866961 40268 142974
0.9639001771407314 40397 143790
0.9639001771407314 40397 143790
0.9639001771407314 40397 143790
0.9635417013742028 41313 144703
0.9633729492501016 40370 146507
0.9632092930089582 40343 147369
0.963059356452701 40247 148230
0.962896484193551 40342 148966
0.962896484193551 40342 148966
0.962896484193551 40342 148966
0.9626148386623856 39038 151707
0.9624972413633603 38970 152375
0.9623559286090317 38734 153332
0.9622440151794593 38656 153981
0.9621187740559974 38720 154556
0.9621187740559974 38720 154556
0.9621187740559974 38720 154556
0.961865351876598 38872 155697
0.961779113857313 38141 156868
0.9616756282341707 37842 157695
0.96158645028241 37749 158243
0.9614990362901344 37585 158853
0.9614990362901344 37585 158853
0.9614990362901344 37585 158853
0.9613036287782543 36460 160975
0.9612218986554317 36334 161518
0.9611266448432212 36051 162287
0.9610447187249004 35584 163172
0.9609602446651005 35527 163660
0.9609602446651005 35527 163660
0.9609602446651005 35527 163660
0.9607961964329603 33960 166064
0.9607119183686589 32278 168176
0.960626856322364 31164 169724
0.9605576699114374 30178 171063
0.9604720198786474 29862 171816
0.9604720198786474 29862 171816
0.9604720198786474 29862 171816
0.9602768083622656 27612 175062
0.9601939022664527 26721 176376
0.9601157000626009 26607 176889
0.96003377394428 25235 178679
0.9599500838664737 24442 179899
0.9599500838664737 24442 179899
