0.9999982929822795 7 0
0.9999982929822795 7 0
0.9999978052629307 9 0
0.9999975614032564 10 0
0.9999975614032564 10 0
0.999997317543582 11 0
0.9999970736839077 12 0
0.9999970736839077 12 0
0.9999970736839077 12 0
0.9999965859645589 14 0
0.999995366666187 19 0
0.999995366666187 19 0
0.9999921964904204 31 1
0.9999907333323742 37 1
0.9999880508759561 48 1
0.9999860999985613 55 2
0.9999841491211663 61 4
0.9999802473663765 77 4
0.9999743947341917 99 6
0.9999687859616814 122 6
0.9999497649070809 200 6
0.9999380596427114 248 6
0.9999231842025752 309 6
0.9999068456043928 376 6
0.9998922140239309 419 23
0.9998792894611896 470 25
0.9998570982308225 546 40
0.9998397841939426 607 50
0.9998261280521782 655 58
0.9998073508572521 717 73
0.9997885736623261 794 73
0.9997651631335871 884 79
0.9997534578692175 916 95
0.9997368754113608 979 100
0.9997254140066657 995 131
0.9997117578649013 1042 140
0.9997020034779267 1076 146
0.9996873718974648 1097 185
0.9996724964573286 1145 198
0.9996568894381692 1168 239
0.9996354297868252 1243 252
0.9996259192595249 1190 344
0.9996098245210169 1204 396
0.9995976315372987 1225 425
0.999584463114883 1258 446
0.9995754403069316 1235 506
0.9995632473232133 1227 564
0.9995576385507029 1178 636
0.9995532490765644 1178 654
0.9995437385492641 1115 756
0.9995412999525205 1063 818
0.9995347157413127 1059 849
0.9995244736349894 1033 917
0.9995169139850841 1048 933
0.9995100859142019 976 1033
0.9995083788964814 928 1088
0.9995049648610402 872 1158
0.9995027701239709 814 1225
0.9995008192465761 752 1295
0.9994971613514606 707 1355
0.9994937473160195 659 1417
0.9994915525789502 589 1496
0.999490820999927 548 1540
0.9994888701225322 528 1568
0.9994876508241604 499 1602
0.9994849683677424 469 1643
0.9994832613500217 433 1686
0.9994817981919756 398 1727
0.9994730192436985 386 1775
0.999469361348583 363 1813
0.999466678892165 333 1854
0.9994644841550957 321 1875
0.9994618016986777 308 1899
0.9994603385406315 285 1928
0.9994583876632366 277 1944
0.9994581438035622 258 1964
0.9994576560842136 216 2008
0.9994571683648648 195 2031
0.9994566806455161 187 2041
0.9994557052068186 169 2063
0.9994552174874699 160 2074
0.9994544859084468 162 2075
0.9994530227504006 133 2110
0.9994530227504006 121 2122
0.9994527788907263 118 2126
0.9994527788907263 109 2135
0.9994527788907263 97 2147
0.9994527788907263 96 2148
0.9994525350310519 92 2153
0.9994525350310519 83 2162
0.9994522911713775 80 2166
0.9994522911713775 71 2175
0.9994522911713775 66 2180
0.9994522911713775 55 2191
0.9994522911713775 48 2198
0.9994520473117031 39 2208
0.9994520473117031 31 2216
0.9994520473117031 22 2225
0.9994520473117031 17 2230
0.9994520473117031 15 2232
0.9994520473117031 11 2236
0.9994515595923544 13 2236
0.9994515595923544 11 2238
0.9994515595923544 9 2240
0.9994510718730056 10 2241
0.9994508280133313 11 2241
0.9994503402939826 7 2247
0.9994500964343083 8 2247
0.9994493648552851 10 2248
0.9994466823988671 20 2249
0.9994439999424491 31 2249
0.9994393666086362 50 2249
0.9994349771344976 68 2249
0.9994303438006847 87 2249
0.9994230280104538 117 2249
0.9994176630976178 136 2252
0.9993944964285532 227 2256
0.9993808402867888 282 2257
0.9993601122144677 365 2259
0.9993437736162853 432 2259
0.9993354823873569 463 2262
0.99932280168429 515 2262
0.9993096332618743 568 2263
0.9992898806282507 647 2265
0.9992664700995119 728 2280
0.9992454981675165 798 2296
0.9992315981660777 842 2309
0.9992147718485466 897 2323
0.9992020911454796 930 2342
0.9991891665827383 934 2391
0.9991669753523711 978 2438
0.9991386876301449 1038 2494
0.9991045472757338 1088 2584
0.9990923542920156 1117 2605
0.9990794297292743 1142 2633
0.9990667490262074 1149 2678
0.9990360227072375 1204 2749
0.9990150507752421 1190 2849
0.9989911525271544 1192 2945
0.9989628648049281 1204 3049
0.9989404297148866 1207 3138
0.9989343332230275 1147 3223
0.9989216525199606 1116 3306
0.9988953156751291 1127 3403
0.9988699542689953 1112 3522
0.9988502016353717 1032 3683
0.9988314244404457 881 3911
0.998815573561612 855 4002
0.9988097209294272 806 4075
0.9987994788231039 749 4174
0.9987824086458984 753 4240
0.998763387591298 749 4322
0.9987468051334413 727 4412
0.9987260770611203 738 4486
0.9987172981128432 738 4522
0.9987090068839147 703 4591
0.99870315425173 647 4671
0.9986890103906169 633 4743
0.9986821823197347 561 4843
0.998667063019924 553 4913
0.998648285824998 569 4974
0.9986334103848618 586 5018
0.9986224366995153 585 5064
0.9986002454691482 618 5122
0.9985685437114808 686 5184
0.9985246489700953 811 5239
0.9984739261578275 961 5297
0.9984344208905804 1062 5358
0.9983975980797514 1185 5386
0.9983768700074304 1236 5420
0.9983283419322319 1371 5484
0.998274936663546 1520 5554
0.9982127524465831 1689 5640
0.9981481296328766 1841 5753
0.9980735085725211 2052 5848
0.9980064471620709 2203 5972
0.9979732822463573 2212 6099
0.9979198769776715 2231 6299
0.9978325752142491 2351 6537
0.9977584418732423 2420 6772
0.9976713839694942 2560 6989
0.9975952997510924 2654 7207
0.997531408516409 2727 7396
0.9974958050039517 2649 7620
0.997460445351169 2492 7922
0.9973846049924415 2566 8159
0.9972946207726011 2634 8460
0.9972131716413634 2703 8725
0.997137331282636 2771 8968
0.9970824628559041 2758 9206
0.9970539312740034 2614 9467
0.9970041839004331 2529 9756
0.9969210277514748 2587 10039
0.9968500645862347 2567 10350
0.9968037312481055 2430 10677
0.9967400838730964 2429 10939
0.9966998470268262 2410 11123
0.9966839961479926 2220 11378
0.9966471733371636 2107 11642
0.9965788926283415 2103 11926
0.9965179277097505 2108 12171
0.9964608645459492 2100 12413
0.9964091662949839 2128 12597
0.9963611259391341 2138 12784
0.9963440557619285 2002 12990
0.9963089399688201 1894 13242
0.9962591925952498 1268 14072
0.9962026171507972 1200 14372
0.996148236443414 1226 14569
0.9960965381924487 1333 14674
0.9960502048543195 1316 14881
0.9960384995899499 1180 15065
0.9960055785339108 1158 15222
0.9959536364232712 1256 15337
0.9958965732594699 1325 15502
0.9958153679879065 1446 15714
0.9957565978063847 1447 15954
0.9956936820103987 1512 16147
0.9956600293753364 1466 16331
0.9955900416487938 1588 16496
0.9955015205869995 1830 16617
0.995369348643494 2206 16783
0.9952579047723095 2438 17008
0.9951393889705683 2662 17270
0.9950155082559912 2818 17622
0.9949713696549313 2712 17909
0.9948806538560677 2774 18219
0.9946982468196431 3210 18531
0.9945048660978721 3562 18972
0.9942290608061659 4233 19432
0.9939617906030626 4844 19917
0.9937620695297581 5164 20416
0.9936662326777329 5070 20903
0.9934491975675486 5519 21344
0.9931019413912536 6459 21828
0.992720788720222 7380 22470
0.9922655027081836 8394 23323
0.9917187693182585 9745 24214
0.9911283850466223 11144 25236
0.9909264692362486 10919 26289
0.9905818955163717 11311 27310
0.990001997210733 12736 28263
0.9893250427546975 14031 29744
0.9886490637373593 15106 31441
0.9879738162990441 15952 33364
0.9874424460686041 15894 35601
0.9871583495479695 14734 37926
0.9868103617926515 14079 40008
0.9862055898002278 14843 41724
0.9855110774476379 15356 44059
0.9848063229887246 15567 46738
0.9842213036299244 15542 49162
0.9836011684780157 15678 51569
0.9832283070359125 14942 53834
0.9828705648936199 14524 55719
0.9822372613192955 15513 57327
0.9814856858029043 16348 59574
0.9807404506380466 16746 62232
0.9800415488113182 17090 64754
0.9794655522604695 16926 67280
0.9791453645080289 15699 69820
0.9786710574413902 15371 72093
0.9778782696400314 16891 73824
0.9771066976303424 17814 76065
0.9763853607135724 18193 78644
0.9755140500970684 19079 81331
0.9747073622942708 19985 83733
0.9742262271567498 19275 86416
0.9736597411332013 19161 88853
0.9727811147264662 20691 90926
0.9718034812919393 21725 93901
0.9708085338205324 22408 97298
0.9698362652988415 23573 100120
0.9691244389093717 23062 103550
0.9686781757052848 21457 106985
0.967970982649628 21250 110092
0.9671079632620523 22610 112271
0.966002303498484 23942 115473
0.9650378384863727 24190 119180
0.9640419155762685 24495 122959
0.963334966380286 23740 126613
0.9628750470344347 22124 130115
0.9622378417053205 21685 133167
0.9611355959771932 23750 135622
0.9600089642816296 24851 139141
0.9589369571531237 25006 143382
0.9579285973996268 25270 147253
0.9571084973147392 25035 150851
0.9567495358740747 22769 154589
0.9561740270425747 21861 157857
0.9553627059059643 22402 160643
0.9544072637018045 22445 164518
0.9536093548472842 21297 168938
0.9529382530234332 20118 172869
0.9524566301665635 18627 176335
0.9522698336560004 16105 179623
0.9518808774753891 15115 182208
0.9512070931951202 15957 184129
0.9506625545422644 15323 186996
0.9502618930972837 13861 190101
0.9501765422112561 11644 192668
0.9500258369324989 10033 194897
0.9499487772753997 8036 197210
0.9496195667150078 7673 198923
0.9491684263174336 8301 200145
0.9485853578360283 8899 201938
0.9483000420170219 8226 203781
0.948237857800059 6946 205316
0.9480681314667013 6444 206514
0.9479800981242558 5899 207420
0.9477189244130114 5908 208482
0.9472565664704166 6985 209301
0.9471195173334237 6272 210576
0.9468517594109715 5794 212152
0.946510112007187 5798 213549
0.9463525786575476 5499 214494
0.9462964909324438 4976 215247
0.9461114014396012 4903 216079
0.9458346207091975 5300 216817
0.9455956382283205 5210 217887
0.9454212785611499 4653 219159
0.9452352136296098 4711 219864
0.9451427908130258 4058 220896
0.9451003592296863 3276 221852
0.9449735521990168 3084 222564
0.9447535907727401 3481 223069
0.9445643556654333 3506 223820
0.944407553894817 3321 224648
0.9442614819498727 3232 225336
0.9441756433444964 2996 225924
0.9441429661481315 2519 226535
0.9440337170140163 2510 226992
0.943824729273086 3050 227309
0.9436737801346544 3173 227805
0.943536974857336 3117 228422
0.9434026081767612 3075 229015
0.9433206713261747 2923 229503
0.9432977485167845 2551 229969
0.9432033748228055 2536 230371
0.9430253572605194 2926 230711
0.9428995256685474 2974 231179
0.9427656467073213 2955 231747
0.9426622502053909 2904 232222
0.9425949449352662 2748 232654
0.9425776308983863 2407 233066
0.9425086186105412 2329 233427
0.9423679115784329 2596 233737
0.9422762203408719 2550 234159
0.9421857484016827 2471 234609
0.9420933255850986 2451 235008
0.9420450413695745 2298 235359
0.9420284589117177 2002 235723
0.9419616413609418 1959 236040
0.9418392238044109 2219 236282
0.9417502150232678 2291 236575
0.9416555974696145 2313 236941
0.9415504939499634 2421 237264
0.9414870904346286 2371 237574
0.9414695325380744 2111 237906
0.9413858886697675 2201 238159
0.9412181132138047 2679 238369
0.9410854535509504 2933 238659
0.9409623044153964 3046 239051
0.9408354973847269 3216 239401
