7 0
7 0
9 0
10 0
10 0
11 0
12 0
12 0
12 0
14 0
19 0
19 0
31 1
37 1
48 1
55 2
61 4
77 4
99 6
122 6
200 6
248 6
309 6
376 6
419 23
470 25
546 40
607 50
655 58
717 73
794 73
884 79
916 95
979 100
995 131
1042 140
1076 146
1097 185
1145 198
1168 239
1243 252
1190 344
1204 396
1225 425
1258 446
1235 506
1227 564
1178 636
1178 654
1115 756
1063 818
1059 849
1033 917
1048 933
976 1033
928 1088
872 1158
814 1225
752 1295
707 1355
659 1417
589 1496
548 1540
528 1568
499 1602
469 1643
433 1686
398 1727
386 1775
363 1813
333 1854
321 1875
308 1899
285 1928
277 1944
258 1964
216 2008
195 2031
187 2041
169 2063
160 2074
162 2075
133 2110
121 2122
118 2126
109 2135
97 2147
96 2148
92 2153
83 2162
80 2166
71 2175
66 2180
55 2191
48 2198
39 2208
31 2216
22 2225
17 2230
15 2232
11 2236
13 2236
11 2238
9 2240
10 2241
11 2241
7 2247
8 2247
10 2248
20 2249
31 2249
50 2249
68 2249
87 2249
117 2249
136 2252
227 2256
282 2257
365 2259
432 2259
463 2262
515 2262
568 2263
647 2265
728 2280
798 2296
842 2309
897 2323
930 2342
934 2391
978 2438
1038 2494
1088 2584
1117 2605
1142 2633
1149 2678
1204 2749
1190 2849
1192 2945
1204 3049
1207 3138
1147 3223
1116 3306
1127 3403
1112 3522
1032 3683
881 3911
855 4002
806 4075
749 4174
753 4240
749 4322
727 4412
738 4486
738 4522
703 4591
647 4671
633 4743
561 4843
553 4913
569 4974
586 5018
585 5064
618 5122
686 5184
811 5239
961 5297
1062 5358
1185 5386
1236 5420
1371 5484
1520 5554
1689 5640
1841 5753
2052 5848
2203 5972
2212 6099
2231 6299
2351 6537
2420 6772
2560 6989
2654 7207
2727 7396
2649 7620
2492 7922
2566 8159
2634 8460
2703 8725
2771 8968
2758 9206
2614 9467
2529 9756
2587 10039
2567 10350
2430 10677
2429 10939
2410 11123
2220 11378
2107 11642
2103 11926
2108 12171
2100 12413
2128 12597
2138 12784
2002 12990
1894 13242
1268 14072
1200 14372
1226 14569
1333 14674
1316 14881
1180 15065
1158 15222
1256 15337
1325 15502
1446 15714
1447 15954
1512 16147
1466 16331
1588 16496
1830 16617
2206 16783
2438 17008
2662 17270
2818 17622
2712 17909
2774 18219
3210 18531
3562 18972
4233 19432
4844 19917
5164 20416
5070 20903
5519 21344
6459 21828
7380 22470
8394 23323
9745 24214
11144 25236
10919 26289
11311 27310
12736 28263
14031 29744
15106 31441
15952 33364
15894 35601
14734 37926
14079 40008
14843 41724
15356 44059
15567 46738
15542 49162
15678 51569
14942 53834
14524 55719
15513 57327
16348 59574
16746 62232
17090 64754
16926 67280
15699 69820
15371 72093
16891 73824
17814 76065
18193 78644
19079 81331
19985 83733
19275 86416
19161 88853
20691 90926
21725 93901
22408 97298
23573 100120
23062 103550
21457 106985
21250 110092
22610 112271
23942 115473
24190 119180
24495 122959
23740 126613
22124 130115
21685 133167
23750 135622
24851 139141
25006 143382
25270 147253
25035 150851
22769 154589
21861 157857
22402 160643
22445 164518
21297 168938
20118 172869
18627 176335
16105 179623
15115 182208
15957 184129
15323 186996
13861 190101
11644 192668
10033 194897
8036 197210
7673 198923
8301 200145
8899 201938
8226 203781
6946 205316
6444 206514
5899 207420
5908 208482
6985 209301
6272 210576
5794 212152
5798 213549
5499 214494
4976 215247
4903 216079
5300 216817
5210 217887
4653 219159
4711 219864
4058 220896
3276 221852
3084 222564
3481 223069
3506 223820
3321 224648
3232 225336
2996 225924
2519 226535
2510 226992
3050 227309
3173 227805
3117 228422
3075 229015
2923 229503
2551 229969
2536 230371
2926 230711
2974 231179
2955 231747
2904 232222
2748 232654
2407 233066
2329 233427
2596 233737
2550 234159
2471 234609
2451 235008
2298 235359
2002 235723
1959 236040
2219 236282
2291 236575
2313 236941
2421 237264
2371 237574
2111 237906
2201 238159
2679 238369
2933 238659
3046 239051
3216 239401
