0.9999997199528289 3 0
0.9999997199528289 3 0
0.9999995332547148 5 0
0.9999992532075436 8 0
0.9999988798113154 12 0
0.9999983197169732 18 0
0.9999982263679161 19 0
0.9999971061792315 31 0
0.9999971061792315 31 0
0.999996172688661 41 0
0.9999915052358086 91 0
0.9999912251886375 94 0
0.9999868377829562 141 0
0.9999823570282178 189 0
0.9999763826885667 253 0
0.9999721819809996 295 3
0.9999630337734088 393 3
0.9999566860375295 461 3
0.9999352157544084 691 3
0.9999222402354786 829 4
0.9999071176882367 989 6
0.9998954490561057 1113 7
0.9998846205654881 1229 7
0.9998698714144744 1381 13
0.9998456006596418 1638 16
0.9998203030651817 1906 19
0.9997872574989864 2259 20
0.9997543986309054 2609 22
0.9997370357062944 2790 27
0.9997198594797975 2953 48
0.9996912013192836 3232 76
0.9996725315078738 3408 100
0.9996398593379069 3747 111
0.9996181090076146 3966 125
0.9995825430168791 4335 137
0.9995718078753185 4424 163
0.9995498708469122 4623 199
0.9995316677807876 4757 260
0.9995041298089583 4980 332
0.9994801391012968 5156 413
0.999464923204998 5267 465
0.9994556816483502 5291 540
0.9994407457992224 5389 602
0.9994343980633431 5397 662
0.9994295439123766 5308 803
0.9994197422613865 5231 985
0.999399485516007 5292 1141
0.9993886570253894 5202 1347
0.9993833361291375 5198 1408
0.9993702672611507 5262 1484
0.9993558915063653 5147 1753
0.9993434760817779 5079 1954
0.99933423452513 4935 2197
0.9993291003269924 4825 2362
0.9993210723080862 4688 2585
0.9993136977325794 4681 2671
0.9993088435816129 4639 2765
0.9993050162702739 4396 3049
0.999299508675908 4329 3175
0.9992925074966293 4244 3335
0.9992828925437534 4132 3550
0.9992777583456157 4125 3612
0.9992760780625889 4049 3706
0.9992736509871056 3946 3835
0.9992701037229378 3760 4059
0.999262915845545 3633 4263
0.9992556346190953 3507 4467
0.9992503137228435 3390 4641
0.9992460196662193 3391 4686
0.9992443393831923 3372 4723
0.999241725609595 3369 4754
0.9992367781095715 3183 4993
0.9992325774020042 3049 5172
0.999228096647266 2932 5337
0.9992204420245879 2817 5534
0.9992153078264503 2730 5676
0.9992107337226549 2737 5718
0.999208866741514 2715 5760
0.9991985049961816 2648 5938
0.9991928107037016 2619 6028
0.99918590287348 2587 6134
0.9991828223545974 2522 6232
0.9991773147602315 2476 6337
0.9991701268828388 2532 6358
0.9991640591941306 2562 6393
0.9991596717884493 2503 6499
0.9991551910337111 2463 6587
0.9991518304676573 2399 6687
0.9991467896185767 2361 6779
0.9991415620713819 2377 6819
0.9991383882034424 2365 6865
0.9991348409392745 2390 6878
0.9991316670713348 2339 6963
0.9991258794297978 2355 7009
0.9991189715995762 2364 7074
0.9991137440523815 2359 7135
0.9991104768353848 2321 7208
0.9991069295712169 2355 7212
0.9991012352787371 2410 7218
0.9990947941938007 2375 7322
0.99908975334472 2370 7381
0.9990829388635555 2383 7441
0.999080045042787 2361 7494
0.9990722970710519 2394 7544
0.9990673495710284 2444 7547
0.9990642690521458 2469 7555
0.9990605350898639 2438 7626
0.9990561476841826 2422 7689
0.9990513868822731 2430 7732
0.9990403716935414 2506 7774
0.9990286097123533 2598 7808
0.9990246890519573 2635 7813
0.9990200215991049 2663 7835
0.9990176878726786 2650 7873
0.9990058325424335 2756 7894
0.9989939772121883 2846 7931
0.9989852957498828 2876 7994
0.9989696131082987 3021 8017
0.998945342353466 3267 8031
0.9989168708910662 3550 8053
0.9988980143815425 3711 8094
0.9988841053720422 3834 8120
0.9988755172587938 3900 8146
0.9988631951832634 4003 8175
0.9988500329662195 4118 8201
0.9988387377303166 4237 8203
0.998831736551038 4303 8212
0.9988269757491285 4343 8223
0.9988158672113397 4424 8261
0.9988038251829805 4453 8361
0.9987940235319904 4439 8480
0.9987863689093124 4441 8560
0.9987757271168088 4536 8579
0.998770219522443 4575 8599
0.9987642451827919 4512 8726
0.998754630229916 4545 8796
0.9987421214562714 4613 8862
0.9987293326354558 4617 8995
0.9987171972580394 4659 9083
0.998706648814593 4764 9091
0.9986982473994587 4825 9120
0.9986839649937302 4903 9195
0.9986628681068372 5046 9278
0.9986399042388033 5062 9508
0.9986184339556822 5107 9693
0.9985922028706515 5290 9791
0.9985799741441782 5253 9959
0.9985695190497887 3525 11799
0.9985515960308354 3715 11801
0.9985251782476907 3997 11802
0.9984977336249184 4290 11803
0.9984717825870589 4510 11861
0.9984528327284781 4623 11951
0.9984411640963471 4729 11970
0.9984317358415852 4811 11989
0.9984123192377191 4914 12094
0.9983863681998596 5091 12195
0.9983636843789968 5232 12297
0.998344827869473 5021 12710
0.998314116029704 4922 13138
0.9982977799447206 5082 13153
0.9982867647559889 5178 13175
0.998273602538945 5121 13373
0.998246624661458 5170 13613
0.9982193667367998 5277 13798
0.998188934944202 5436 13965
0.9981616770195438 5568 14125
0.9981431939062483 5733 14158
0.9981318986703454 5816 14196
0.9981141623495061 5181 15021
0.9980879312644755 4936 15547
0.9980585263115053 4779 16019
0.9980354690944143 4753 16292
0.9979882344715477 5100 16451
0.9979659240469131 5292 16498
0.9979535086223257 5386 16537
0.9979294245656072 5390 16791
0.9978951654616703 5470 17078
0.9978575457916798 5579 17372
0.9978371956972433 5561 17608
0.9977804394705577 5861 17916
0.9977508478194734 6132 17962
0.9977253635268991 6397 17970
0.99770193291358 6387 18231
0.9976553517341128 6576 18541
0.9975941147526889 7022 18751
0.9975307307429531 7363 19089
0.9974563315444853 7793 19456
0.99740937696879 8282 19470
0.9973716639497424 8667 19489
0.9973193884777952 8424 20292
0.9972110102225619 9297 20580
0.9971028186654427 10218 20818
0.9969742770138869 11178 21235
0.9968392009283377 12270 21590
0.996695350031426 13743 21658
0.9966218843235288 14438 21750
0.9965253613985406 14737 22485
0.9963690950770414 15807 23089
0.9961697014911859 17619 23413
0.9958781723860234 20289 23866
0.9956814859228221 21909 24353
0.995490680450215 23579 24727
0.9953988249780793 24032 25258
0.9952612284679898 24817 25947
0.9950377508254157 26476 26682
0.9948224878998618 28200 27264
0.9945508421438507 30425 27949
0.9942760225198999 29997 31321
0.9940915647831721 31767 31527
0.9939699309618378 32723 31874
0.9938498840744735 33466 32417
0.9936669199226584 34448 33395
0.9933943406760768 36665 34098
0.9930683657688635 39391 34864
0.9927140127483073 42320 35731
0.9924755992566054 40821 39784
0.9923037436425791 37570 44876
0.9920124945845878 38172 47394
0.9915965311863797 40440 49582
0.9910982339198547 43764 51596
0.990594429058964 48728 52029
0.9897900402343771 55296 54078
0.9893577407511854 58148 55857
0.9890678919290499 61143 55967
0.9886654641441137 62170 59251
0.987888239895128 68740 61007
0.9869974098437141 77217 62073
0.9860900570092026 84430 64580
0.9850536957778502 92736 67376
0.9842401587456725 98530 70297
0.9837679992151211 100329 73556
0.9830140188813403 105541 76421
0.9818953237816711 113219 80727
0.9804979817467121 124040 84875
0.9791770925894757 133995 89070
0.9777527726770298 144701 93622
0.9765883365394067 153818 96979
0.9759068884229526 158515 99582
0.9749479135598934 162785 105585
0.9734857872793427 170043 113990
0.9722741165188531 174965 122048
0.9710554445790849 178578 131490
0.96978543065794 183020 140653
0.9687185442849326 188492 146610
0.9681078547537214 180797 160847
0.9672441892779087 176634 174262
0.9661156925272493 173892 189093
0.9646472185108192 174820 203896
0.9634123038351247 173343 218602
0.9623339355281003 184131 219366
0.9616130007605148 168782 242438
0.9612761973626838 166841 247987
0.9610565470314486 168148 249033
0.9598711073559897 147084 282796
0.9590379670218319 147994 290811
0.9583033099428601 140201 306474
0.9576167276282683 131752 322278
0.9572247549377217 129788 328441
0.9570486052670711 126602 333514
0.9565438669156099 117858 347665
0.956147506819382 109417 360352
0.9556326867697595 100970 374314
0.9550286250215987 95501 386254
0.9544864536982609 90669 396894
0.9541889502534474 88825 401925
0.9540477131301329 86966 405297
0.9536393110055458 83296 413342
0.9530889249651878 78203 424331
0.9528386561432408 79947 425268
0.9522500903385499 71867 439653
0.9518333801478854 82991 432993
0.9515846049108512 68268 450381
0.9514843480235811 67179 452544
0.9511506251446327 63396 459902
0.9506674504253496 64890 463584
0.9502410319327521 62928 470114
0.9498096659401309 60720 476943
0.9493669113625499 59674 482732
0.949201403484403 58695 485484
0.9489536550869961 59837 486996
0.9489536550869961 59837 486996
0.9485581351322817 57253 493817
0.9480113897051486 58032 498895
0.9474133956456959 60161 503172
0.946865249982707 62036 507169
0.9462848988950365 62955 512467
0.9459435213934102 64878 514201
0.9457568232793132 65548 515531
0.9452740219562583 64710 521541
0.9445368444527463 65843 528305
0.9437661546377538 69719 532685
0.9430565151060711 72781 537225
0.9422322429323329 76943 541893
0.9417371195337476 80502 543638
0.9414213196737525 82426 545097
0.9406847022645828 83840 551574
0.9396673842408682 88722 557590
0.9383465884326889 97241 563220
0.9379356658835615 96308 568555
0.9376830633351881 93165 574404
0.9374002156923312 93714 576885
0.9370509968699128 97140 577200
0.9360370394122519 97401 587801
0.9345042478955156 105710 595912
0.9329136733124661 114500 604161
0.931666436561241 120238 611784
0.9313446623615949 115514 619955
0.9308767968876678 116307 624174
0.9302949522150844 119561 627153
0.9290887890489608 121488 638147
0.9274708631921961 126348 650619
0.925811770401273 132725 662015
0.9244245100644752 144987 664614
0.9232002371812842 155730 666986
0.9224115309982813 160546 670619
0.9220111568926003 159753 675701
0.921138809954482 154721 690078
0.9201305467893012 149397 706203
0.9191109883882175 143824 722698
0.9183564479600944 143007 731598
0.9174882083804863 149847 734059
0.9169978457838105 148412 740747
0.9167464567731789 144957 746895
0.9160322431377008 134481 765022
0.9151334784164378 126561 782570
0.9143654023750427 119828 797531
0.9136664046358636 113839 811008
0.9128716307641526 109828 823533
0.9124743371773542 107345 830272
0.9122515129781794 104889 835115
0.9116034838241487 99934 847012
0.910743832357789 98846 857309
0.9099498986275915 97316 867344
0.9092047864542303 96969 875673
0.9084512728657348 104099 876615
0.908072275694118 96549 888225
0.907833768853359 95624 891705
0.9071630558784655 92690 901824
0.9063095654498711 93043 910614
0.9054045463417858 94519 918833
0.9046460852532667 95196 926281
0.9038400161456529 96194 933918
0.903386059681226 98041 936934
0.9031592214725982 97849 939556
0.9024379133087844 95479 949653
0.9014780049551546 96759 958656
0.9005877349980831 98384 966568
0.8997462865978478 100126 973840
0.898917066924086 101084 981765
0.8984353857897157 103467 984542
0.8981692476280705 103456 987404
0.897348336020386 102475 997179
0.8961657901656955 106211 1006111
0.8951454849721554 108527 1014725
0.8940528342594026 112305 1022652
0.8929920155751034 115130 1031191
0.8923536947230059 118948 1034211
0.8919783381646138 120444 1036736
0.8909224669803382 120823 1047668
0.8894418575864919 127240 1057112
0.8881521470143098 131758 1066410
0.886788130592717 137698 1075082
0.8854051643125435 143379 1084216
