3 0
3 0
5 0
8 0
12 0
18 0
19 0
31 0
31 0
41 0
91 0
94 0
141 0
189 0
253 0
295 3
393 3
461 3
691 3
829 4
989 6
1113 7
1229 7
1381 13
1638 16
1906 19
2259 20
2609 22
2790 27
2953 48
3232 76
3408 100
3747 111
3966 125
4335 137
4424 163
4623 199
4757 260
4980 332
5156 413
5267 465
5291 540
5389 602
5397 662
5308 803
5231 985
5292 1141
5202 1347
5198 1408
5262 1484
5147 1753
5079 1954
4935 2197
4825 2362
4688 2585
4681 2671
4639 2765
4396 3049
4329 3175
4244 3335
4132 3550
4125 3612
4049 3706
3946 3835
3760 4059
3633 4263
3507 4467
3390 4641
3391 4686
3372 4723
3369 4754
3183 4993
3049 5172
2932 5337
2817 5534
2730 5676
2737 5718
2715 5760
2648 5938
2619 6028
2587 6134
2522 6232
2476 6337
2532 6358
2562 6393
2503 6499
2463 6587
2399 6687
2361 6779
2377 6819
2365 6865
2390 6878
2339 6963
2355 7009
2364 7074
2359 7135
2321 7208
2355 7212
2410 7218
2375 7322
2370 7381
2383 7441
2361 7494
2394 7544
2444 7547
2469 7555
2438 7626
2422 7689
2430 7732
2506 7774
2598 7808
2635 7813
2663 7835
2650 7873
2756 7894
2846 7931
2876 7994
3021 8017
3267 8031
3550 8053
3711 8094
3834 8120
3900 8146
4003 8175
4118 8201
4237 8203
4303 8212
4343 8223
4424 8261
4453 8361
4439 8480
4441 8560
4536 8579
4575 8599
4512 8726
4545 8796
4613 8862
4617 8995
4659 9083
4764 9091
4825 9120
4903 9195
5046 9278
5062 9508
5107 9693
5290 9791
5253 9959
3525 11799
3715 11801
3997 11802
4290 11803
4510 11861
4623 11951
4729 11970
4811 11989
4914 12094
5091 12195
5232 12297
5021 12710
4922 13138
5082 13153
5178 13175
5121 13373
5170 13613
5277 13798
5436 13965
5568 14125
5733 14158
5816 14196
5181 15021
4936 15547
4779 16019
4753 16292
5100 16451
5292 16498
5386 16537
5390 16791
5470 17078
5579 17372
5561 17608
5861 17916
6132 17962
6397 17970
6387 18231
6576 18541
7022 18751
7363 19089
7793 19456
8282 19470
8667 19489
8424 20292
9297 20580
10218 20818
11178 21235
12270 21590
13743 21658
14438 21750
14737 22485
15807 23089
17619 23413
20289 23866
21909 24353
23579 24727
24032 25258
24817 25947
26476 26682
28200 27264
30425 27949
29997 31321
31767 31527
32723 31874
33466 32417
34448 33395
36665 34098
39391 34864
42320 35731
40821 39784
37570 44876
38172 47394
40440 49582
43764 51596
48728 52029
55296 54078
58148 55857
61143 55967
62170 59251
68740 61007
77217 62073
84430 64580
92736 67376
98530 70297
100329 73556
105541 76421
113219 80727
124040 84875
133995 89070
144701 93622
153818 96979
158515 99582
162785 105585
170043 113990
174965 122048
178578 131490
183020 140653
188492 146610
180797 160847
176634 174262
173892 189093
174820 203896
173343 218602
184131 219366
168782 242438
166841 247987
168148 249033
147084 282796
147994 290811
140201 306474
131752 322278
129788 328441
126602 333514
117858 347665
109417 360352
100970 374314
95501 386254
90669 396894
88825 401925
86966 405297
83296 413342
78203 424331
79947 425268
71867 439653
82991 432993
68268 450381
67179 452544
63396 459902
64890 463584
62928 470114
60720 476943
59674 482732
58695 485484
59837 486996
59837 486996
57253 493817
58032 498895
60161 503172
62036 507169
62955 512467
64878 514201
65548 515531
64710 521541
65843 528305
69719 532685
72781 537225
76943 541893
80502 543638
82426 545097
83840 551574
88722 557590
97241 563220
96308 568555
93165 574404
93714 576885
97140 577200
97401 587801
105710 595912
114500 604161
120238 611784
115514 619955
116307 624174
119561 627153
121488 638147
126348 650619
132725 662015
144987 664614
155730 666986
160546 670619
159753 675701
154721 690078
149397 706203
143824 722698
143007 731598
149847 734059
148412 740747
144957 746895
134481 765022
126561 782570
119828 797531
113839 811008
109828 823533
107345 830272
104889 835115
99934 847012
98846 857309
97316 867344
96969 875673
104099 876615
96549 888225
95624 891705
92690 901824
93043 910614
94519 918833
95196 926281
96194 933918
98041 936934
97849 939556
95479 949653
96759 958656
98384 966568
100126 973840
101084 981765
103467 984542
103456 987404
102475 997179
106211 1006111
108527 1014725
112305 1022652
115130 1031191
118948 1034211
120444 1036736
120823 1047668
127240 1057112
131758 1066410
137698 1075082
143379 1084216
