0.9999993098426786 4 0
0.9999993098426786 4 0
0.999998964764018 6 0
0.9999981020673663 11 0
0.9999981020673663 11 0
0.9999958590560718 23 1
0.9999958590560718 23 1
0.9999936160447774 36 1
0.9999841263816087 91 1
0.9999544496167901 263 1
0.9999233925373289 443 1
0.99989354323318 616 1
0.9998612783784063 803 1
0.9998557571198354 834 2
0.9998490280859522 872 3
0.9998390208047925 929 4
0.9998231471864012 1020 5
0.9998074461073402 1111 5
0.999788639320333 1218 7
0.9997693149153349 1327 10
0.9997549941509167 1406 14
0.9997387754538647 1500 14
0.999728768172705 1547 25
0.9997035774304753 1650 68
0.9996787317669062 1787 75
0.9996509529347215 1932 91
0.9996204134732513 2091 109
0.9995917719444147 2244 122
0.9995576091570073 2419 145
0.9995246541449123 2605 150
0.9994756529750957 2872 167
0.9994323456031803 2215 1075
0.9993835169726939 2278 1295
0.999319159802477 2520 1426
0.999263429598777 2729 1540
0.9992130481143177 2953 1608
0.9991588707645908 3199 1676
0.9990914078864277 3442 1824
0.999034297368085 3616 1981
0.9989940957041158 3710 2120
0.9989623484673331 3838 2176
0.9989318090058629 3820 2371
0.9989010970050624 3805 2564
0.9988762513414933 3825 2688
0.9988429512507376 3718 2988
0.9988136195645797 3642 3234
0.9987794567771724 3550 3524
0.9987459841470864 3361 3907
0.9987168250002588 3060 4377
0.9986921518760201 2897 4683
0.9986695492237455 2848 4863
0.9986384921442842 2632 5259
0.9986010511096004 2448 5660
0.998572927198755 2304 5967
0.9985492893104984 2290 6118
0.9985087425678684 2367 6276
0.9984863124549241 2357 6416
0.9984650901172922 2321 6575
0.9984386915997502 2302 6747
0.9984116029248867 2205 7001
0.9983857220253357 2163 7193
0.9983593235077936 2125 7384
0.998342759732081 2046 7559
0.9983227451697615 2054 7667
0.9982973818882014 2091 7777
0.99827132844932 2024 7995
0.9982511413476702 1941 8195
0.9982261231447709 1860 8421
0.9982028303351749 1769 8647
0.9981854038628105 1700 8817
0.9981664245364731 1683 8944
0.9981519312327245 1652 9059
0.998138473164958 1484 9305
0.9981253601758521 1471 9394
0.9981174233666564 1371 9540
0.9981039652988899 1295 9694
0.9980924051637571 1208 9848
0.9980804999499636 1153 9972
0.9980734258374196 1119 10047
0.9980603128483138 1077 10165
0.9980477174771989 1027 10288
0.9980365024207268 978 10402
0.9980282205328704 905 10523
0.9980180407123804 892 10595
0.9980056178805958 899 10660
0.9980009593186767 861 10725
0.9979938852061327 822 10805
0.9979847406216247 811 10869
0.9979792193630538 766 10946
0.9979652436772962 787 11006
0.9979583421040826 737 11096
0.9979521306881903 735 11134
0.9979469545082802 713 11186
0.9979409156317183 667 11267
0.9979345316764957 641 11330
0.997927630103282 609 11402
0.9979165875861402 636 11439
0.9979081331589535 616 11508
0.9979039922150255 604 11544
0.9979015766644006 577 11585
0.9978948476305174 559 11642
0.9978922595405623 519 11697
0.9978889812932858 487 11748
0.9978779387761441 512 11787
0.9978710372029304 507 11832
0.997861720079092 528 11865
0.9978575791351638 529 11888
0.9978518853372627 527 11923
0.9978442936067277 511 11983
0.9978356666402106 502 12042
0.9978275572916846 509 12082
0.9978275572916846 509 12082
0.9978275572916846 509 12082
0.9978040919427583 578 12149
0.9977982256055268 565 12196
0.9977889084816884 590 12225
0.9977852851557513 573 12263
0.9977785561218679 563 12312
0.9977785561218679 563 12312
0.9977785561218679 563 12312
0.9977654431327622 534 12417
0.9977625099641463 514 12454
0.9977580239415574 495 12499
0.9977544006156204 440 12575
0.9977514674470045 409 12623
0.9977514674470045 409 12623
0.9977512949076742 410 12623
0.9977433580984786 337 12742
0.9977416327051751 296 12793
0.997739562233211 290 12811
0.9977368016039256 262 12855
0.9977316254240154 260 12887
0.9977316254240154 260 12887
0.9977316254240154 260 12887
0.9977159243449545 297 12941
0.9977117834010263 291 12971
0.9977064346817857 300 12993
0.9977009134232149 319 13006
0.9976924589960281 353 13021
0.9976924589960281 353 13021
0.9976919413780371 356 13021
0.9976765853776368 403 13063
0.9976696838044232 433 13073
0.9976614019165669 468 13086
0.9976545003433532 482 13112
0.997646218455497 488 13154
0.9976460459161666 489 13154
0.9976422500508991 511 13154
0.9976232707245617 544 13231
0.9976170593086694 546 13265
0.99760722456684 568 13300
0.9975906607911273 622 13342
0.9975796182739856 633 13395
0.9975796182739856 633 13395
0.9975796182739856 630 13398
0.9975439026326051 732 13503
0.9975302720255083 778 13536
0.9975085320698853 866 13574
0.9974833413276556 976 13610
0.9974555624954708 1084 13663
0.9974548723381494 1087 13664
0.9974534920235067 1073 13686
0.9973886172352988 1361 13774
0.9973617010997657 1443 13848
0.9973389259081608 1497 13926
0.997310111839994 1599 13991
0.9972811252324968 1682 14076
0.9972623184454896 1732 14135
0.9972388530965633 1803 14200
0.9972174582196012 1846 14281
0.9971969260392907 1847 14399
0.99718139749956 1794 14542
0.9971612103979102 1775 14678
0.9971487875661257 1646 14879
0.9971294631611276 1757 14880
0.9971160050933611 1599 15116
0.9970977159243449 1537 15284
0.9970832226205963 1459 15446
0.997073387878767 1365 15597
0.9970578593390363 1293 15759
0.9970452639679215 1249 15876
0.9970316333608246 1215 15989
0.9970123089558265 1200 16116
0.9969960902587744 1193 16217
0.9969790088650708 1196 16313
0.996959856999403 1193 16427
0.9969287999199418 1282 16518
0.9968987780764625 1368 16606
0.9968661681430282 1472 16691
0.9968408048614682 1530 16780
0.9968011208154899 1656 16884
0.9967590212188868 1826 16958
0.9967155413076411 1994 17042
0.9966608463399231 2231 17122
0.9966102923161335 2454 17192
0.9965511113258267 2688 17301
0.9964927930321716 2939 17388
0.9964329218845436 3178 17496
0.9963744310515582 3397 17616
0.9963744310515582 3397 17616
0.9962324311826881 3857 17979
0.9961539257873833 4120 18171
0.9960521275824824 4504 18377
0.9959706890185618 4775 18578
0.9958980499604885 4969 18805
0.9958140233066127 5157 19104
0.9957172287422918 5390 19432
0.9956200890993102 5664 19721
0.9955025898153484 5978 20088
0.9953954428912071 6258 20429
0.9953222862151427 6375 20736
0.9952472316064447 6518 21028
0.9951790785709602 6529 21412
0.9950862524112372 6632 21847
0.99501671906111 6479 22403
0.9949242379800476 6496 22922
0.9948602258884913 6392 23397
0.9947948334822923 6345 23823
0.9947296136154237 6310 24236
0.9946740559510541 6084 24784
0.9946166003540508 5832 25369
0.9945394752733886 5614 26034
0.9944561387768341 5491 26640
0.994379531314163 5446 27129
0.9943208679418474 5391 27524
0.994253750142345 5415 27889
0.9942037137365463 5216 28378
0.9941186518466885 5251 28836
0.9940441148559814 5239 29280
0.9939716483372385 5226 29713
0.993885206132738 5358 30082
0.9938070458160938 5472 30421
0.99372905803878 5611 30734
0.9936372671150389 5703 31174
0.9935285673369244 5896 31611
0.9933969198278748 6210 32060
0.9932487085431124 6648 32481
0.9931125750114739 7028 32890
0.9929495253443023 7682 33181
0.9927673238114628 8480 33439
0.9926380918530379 8768 33900
0.9924626193540818 9350 34335
0.9923142355299891 9733 34812
0.9921087411875537 10469 35267
0.9919142893622601 11122 35741
0.9917507220770975 11623 36188
0.9915881900279169 12112 36641
0.9913547443139664 12761 37345
0.9911932475007678 12915 38127
0.9909822318997615 13269 38996
0.9907360182753658 13818 39874
0.9905548519785085 14002 40740
0.9904007743565145 14077 41558
0.9902677465328221 13917 42489
0.9900838196066793 13963 43509
0.9899123155123211 13719 44747
0.9897377057100166 13519 45959
0.9895587824244536 13543 46972
0.9893727850263467 13551 48042
0.9891900658755163 13633 49019
0.9889838813757597 13875 49972
0.9887733833927443 13826 51241
0.9885565014545066 13825 52499
0.9883327179430551 13890 53731
0.9881158360048173 14117 54761
0.9878960208979637 14422 55730
0.9877491899278441 14430 56573
0.9875474914506762 14836 57336
0.9873116301861009 15151 58388
0.9871075161583083 15256 59466
0.9869020218158729 15336 60577
0.9866737522818326 15592 61644
0.9863911328587351 16074 62800
0.9862189386070555 16013 63859
0.9860239691637709 16134 64868
0.9857706814268312 16349 66121
0.9854970340489114 16600 67456
0.9852197633450545 16871 68792
0.9849431827985189 17249 70017
0.9845780895755187 18117 71265
0.9842763182867534 18851 72280
0.9839233028168771 19882 73295
0.9835514805599936 20859 74473
0.9831092622563313 22103 75792
0.9825688690737053 23924 77103
0.9820381380935784 25728 78375
0.9814244156955578 27965 79695
0.9809680491668076 29446 80859
0.9803922854214618 31604 82038
0.9798757026664228 33052 83584
0.9792383423801455 35024 85306
0.9785419736428919 37182 87184
0.9777641663417176 39773 89101
0.9771965119448979 41040 91124
0.9767073629433829 42164 92835
0.9761543743896421 43400 94804
0.9757150892545956 43204 97546
0.9751451918464814 43387 100666
0.9746493138110832 43084 103843
0.9741318683593925 42822 107104
0.9738147410702269 41403 110361
0.9734372250154423 40510 113442
0.9730089823975375 39835 116599
0.972553478565439 38567 120507
0.9720724389124501 37091 124771
0.9716835352618629 34974 129142
0.9712606413631988 33855 132712
0.9709819903446991 32369 135813
0.9707790840922188 30801 138557
0.9704205473637716 30447 140989
0.9700759863210819 29363 144070
0.969691223614423 28753 146910
0.9693730610892753 27543 149964
0.9690861281829193 27694 151476
0.9687850470514754 27816 153099
0.9685700630458713 26390 155771
0.9683562868155796 25451 157949
0.9681706344961334 23463 161013
0.9679361535462009 22333 163502
0.9679359810068705 22329 163507
0.9675629509746747 20456 167542
0.9674111163639751 20104 168774
0.9672577288993026 18942 170825
0.9671184896597179 18085 172489
0.9669933986452212 16332 174967
0.9668401837198789 15267 176920
0.9667090538288203 14361 178586
0.9665756809264672 13554 180166
0.966424018855098 12988 181611
0.9662939242000214 12570 182783
0.9661860871185587 12212 183766
0.966073246396516 11506 185126
0.9659711031129546 10851 186373
0.9658558468402872 10292 187600
0.965777168905652 9816 188532
0.9657028044542754 9382 189397
0.965637757126737 9034 190122
0.9655535579335309 8853 190791
0.9654850598193858 8327 191714
0.9654117306039912 7845 192621
0.9653161438149827 7606 193414
0.9652405715882936 7175 194283
0.965169312844863 6869 195002
0.9650940856968346 6713 195594
0.9650198937847883 6636 196101
0.9649565718505533 6260 196844
0.9648754783652934 6035 197539
0.9647930045653906 5976 198076
0.964719157732005 5891 198589
0.9646718819554918 5759 198995
0.9646209828530413 5689 199360
0.9645455831656826 5735 199751
0.9644791555235016 5620 200251
0.9644077242407407 5538 200747
0.9643269758341414 5570 201183
0.9642317341237935 5674 201631
0.9641516758745156 5724 202045
0.9640660963666667 5792 202473
0.9639884536680137 5868 202847
0.9638971803622636 5952 203292
0.9638069422924955 6020 203747
0.9637029010763003 6178 204192
0.9636114552312199 6328 204572
0.963521734779443 6526 204894
