4 0
4 0
6 0
11 0
11 0
23 1
23 1
36 1
91 1
263 1
443 1
616 1
803 1
834 2
872 3
929 4
1020 5
1111 5
1218 7
1327 10
1406 14
1500 14
1547 25
1650 68
1787 75
1932 91
2091 109
2244 122
2419 145
2605 150
2872 167
2215 1075
2278 1295
2520 1426
2729 1540
2953 1608
3199 1676
3442 1824
3616 1981
3710 2120
3838 2176
3820 2371
3805 2564
3825 2688
3718 2988
3642 3234
3550 3524
3361 3907
3060 4377
2897 4683
2848 4863
2632 5259
2448 5660
2304 5967
2290 6118
2367 6276
2357 6416
2321 6575
2302 6747
2205 7001
2163 7193
2125 7384
2046 7559
2054 7667
2091 7777
2024 7995
1941 8195
1860 8421
1769 8647
1700 8817
1683 8944
1652 9059
1484 9305
1471 9394
1371 9540
1295 9694
1208 9848
1153 9972
1119 10047
1077 10165
1027 10288
978 10402
905 10523
892 10595
899 10660
861 10725
822 10805
811 10869
766 10946
787 11006
737 11096
735 11134
713 11186
667 11267
641 11330
609 11402
636 11439
616 11508
604 11544
577 11585
559 11642
519 11697
487 11748
512 11787
507 11832
528 11865
529 11888
527 11923
511 11983
502 12042
509 12082
509 12082
509 12082
578 12149
565 12196
590 12225
573 12263
563 12312
563 12312
563 12312
534 12417
514 12454
495 12499
440 12575
409 12623
409 12623
410 12623
337 12742
296 12793
290 12811
262 12855
260 12887
260 12887
260 12887
297 12941
291 12971
300 12993
319 13006
353 13021
353 13021
356 13021
403 13063
433 13073
468 13086
482 13112
488 13154
489 13154
511 13154
544 13231
546 13265
568 13300
622 13342
633 13395
633 13395
630 13398
732 13503
778 13536
866 13574
976 13610
1084 13663
1087 13664
1073 13686
1361 13774
1443 13848
1497 13926
1599 13991
1682 14076
1732 14135
1803 14200
1846 14281
1847 14399
1794 14542
1775 14678
1646 14879
1757 14880
1599 15116
1537 15284
1459 15446
1365 15597
1293 15759
1249 15876
1215 15989
1200 16116
1193 16217
1196 16313
1193 16427
1282 16518
1368 16606
1472 16691
1530 16780
1656 16884
1826 16958
1994 17042
2231 17122
2454 17192
2688 17301
2939 17388
3178 17496
3397 17616
3397 17616
3857 17979
4120 18171
4504 18377
4775 18578
4969 18805
5157 19104
5390 19432
5664 19721
5978 20088
6258 20429
6375 20736
6518 21028
6529 21412
6632 21847
6479 22403
6496 22922
6392 23397
6345 23823
6310 24236
6084 24784
5832 25369
5614 26034
5491 26640
5446 27129
5391 27524
5415 27889
5216 28378
5251 28836
5239 29280
5226 29713
5358 30082
5472 30421
5611 30734
5703 31174
5896 31611
6210 32060
6648 32481
7028 32890
7682 33181
8480 33439
8768 33900
9350 34335
9733 34812
10469 35267
11122 35741
11623 36188
12112 36641
12761 37345
12915 38127
13269 38996
13818 39874
14002 40740
14077 41558
13917 42489
13963 43509
13719 44747
13519 45959
13543 46972
13551 48042
13633 49019
13875 49972
13826 51241
13825 52499
13890 53731
14117 54761
14422 55730
14430 56573
14836 57336
15151 58388
15256 59466
15336 60577
15592 61644
16074 62800
16013 63859
16134 64868
16349 66121
16600 67456
16871 68792
17249 70017
18117 71265
18851 72280
19882 73295
20859 74473
22103 75792
23924 77103
25728 78375
27965 79695
29446 80859
31604 82038
33052 83584
35024 85306
37182 87184
39773 89101
41040 91124
42164 92835
43400 94804
43204 97546
43387 100666
43084 103843
42822 107104
41403 110361
40510 113442
39835 116599
38567 120507
37091 124771
34974 129142
33855 132712
32369 135813
30801 138557
30447 140989
29363 144070
28753 146910
27543 149964
27694 151476
27816 153099
26390 155771
25451 157949
23463 161013
22333 163502
22329 163507
20456 167542
20104 168774
18942 170825
18085 172489
16332 174967
15267 176920
14361 178586
13554 180166
12988 181611
12570 182783
12212 183766
11506 185126
10851 186373
10292 187600
9816 188532
9382 189397
9034 190122
8853 190791
8327 191714
7845 192621
7606 193414
7175 194283
6869 195002
6713 195594
6636 196101
6260 196844
6035 197539
5976 198076
5891 198589
5759 198995
5689 199360
5735 199751
5620 200251
5538 200747
5570 201183
5674 201631
5724 202045
5792 202473
5868 202847
5952 203292
6020 203747
6178 204192
6328 204572
6526 204894
