1 0
1 0
1 0
1 0
1 0
2 0
2 0
5 0
5 0
5 0
5 0
5 0
5 0
11 0
11 0
11 0
20 1
20 1
32 2
70 2
110 2
199 3
242 3
303 9
379 13
475 13
558 23
688 31
817 42
855 46
1053 56
1218 66
1304 76
1404 84
1404 84
1646 99
1709 119
1822 134
1953 158
2151 198
2396 224
2516 243
2663 304
2838 329
2941 345
3217 397
3344 411
3658 468
3806 529
4091 589
4313 651
4336 708
4459 841
4697 846
4719 1030
4831 1095
4947 1188
5018 1275
4965 1451
5131 1521
5370 1602
5588 1700
5771 1807
6015 1939
6118 2117
6221 2259
6485 2322
6658 2437
6710 2666
6913 2969
7196 3151
7371 3263
7277 3623
7566 3630
7547 3773
7758 3981
7956 4154
6039 6275
5678 7047
6169 7054
5889 7588
5843 7814
5961 8028
6110 8312
6210 8591
6328 8745
6262 9002
6459 9264
6631 9437
6777 9754
6853 10055
6224 11061
6177 11395
6162 11590
6300 11740
6325 11994
6447 12261
6740 12455
7055 12545
7429 12697
7663 12752
7940 12868
8335 13102
8686 13322
8911 13661
9050 13912
8641 14630
8938 14748
9256 14849
9717 14928
9816 15252
10166 15612
10877 15800
11363 16007
11710 16226
11934 16697
12220 16921
12695 17069
13235 17384
13505 17868
13803 18013
14241 18327
14729 18658
15291 18906
15981 19167
16796 19388
17688 19737
17835 20293
18045 20385
18703 20885
19522 21268
20221 21694
21238 21876
22176 22356
22162 23344
22261 24044
23283 24388
24166 24577
24748 25365
25941 25578
26780 26075
27402 26554
27822 26975
28572 27471
29704 27911
30416 28661
31861 29035
33242 29666
32869 31287
31575 33115
31112 35070
31467 36448
32019 37630
32736 38679
32821 39422
33110 40007
34258 40037
34316 41344
34751 41785
35057 42652
34951 43827
34679 45053
34261 46238
34082 47012
33758 48466
33795 49339
33540 50948
32751 52794
31951 54358
31148 55589
30130 56993
29866 58261
29771 59239
29202 60665
29058 61503
28924 62237
28477 63131
28172 64045
27466 65091
26987 65977
26457 66933
25739 67993
25784 68457
24923 69792
24505 70474
24343 71284
23957 72672
23957 72672
25035 73741
24921 74412
24806 75092
24447 75684
24718 76219
24756 76960
24544 77688
24608 78484
24510 79150
24336 79774
24418 80385
24621 80900
24751 81385
24519 82213
24836 82864
24574 83715
24455 84328
24464 84805
24229 85508
24028 86094
23900 86697
23644 87313
23326 88060
23146 88520
22801 89099
22475 89734
22415 90313
22393 90957
22163 91763
21980 92500
21968 93086
21653 93718
21832 94316
22142 94730
22231 95226
22220 95794
22220 96257
22132 96711
21884 97124
22016 97646
21725 98341
21375 99075
21155 99770
20941 100406
20584 101083
20498 101475
20141 102257
19741 103132
19741 103132
19445 104573
19653 104874
19537 105306
19458 105550
19926 105644
19735 106178
19610 106722
19911 107107
19794 107538
19707 107884
19614 108234
19717 108561
19914 108910
20001 109299
19802 109843
19896 110286
19953 110650
20097 111034
19936 111329
20227 111409
21006 111548
21353 111872
21458 112266
21536 112667
21646 113051
21993 113164
22355 113828
22797 113987
23372 114398
23548 114862
23636 115193
23664 115447
23818 115578
24918 116004
25636 116141
26008 116645
26325 117148
26438 117550
26439 117863
27252 117945
27682 118327
28168 118512
28981 118674
29235 119218
29390 119748
29479 120151
29803 120358
30593 121128
31216 121236
31609 121976
31850 122842
31813 123371
32107 123690
32225 124360
32725 124580
33147 124782
33398 125666
33726 126660
33736 127316
33817 128113
34130 128366
34518 129136
35525 129510
35670 130270
35756 131008
35695 131710
35895 132370
36906 132673
37186 133599
38259 133959
38267 134698
37978 135353
39143 136231
39099 136750
39027 137351
39483 138010
40180 138358
41122 139522
41600 140503
41967 141315
42494 142294
43738 142645
44535 142952
45606 143363
46877 144462
47631 145487
48310 146656
49015 147576
49972 148151
51170 148502
52158 148987
52847 149660
53529 150417
53695 151467
53929 152376
54072 153383
54304 154306
53641 156771
54040 158513
53861 160199
53623 161463
53610 162310
54194 163083
53391 165557
53620 166806
53688 168460
53353 170045
52649 171470
51831 172707
51403 174069
51248 175466
50965 176799
50634 178261
50036 179732
49458 181105
49023 182072
48577 183160
48371 184409
47971 185627
47754 186748
47270 188192
46870 189012
46450 189760
46395 190488
46254 191375
45960 192245
45621 193388
