0.9999999079754629 1 0
0.9999999079754629 1 0
0.9999999079754629 1 0
0.9999999079754629 1 0
0.9999999079754629 1 0
0.9999998159509259 2 0
0.9999998159509259 2 0
0.9999995398773147 5 0
0.9999995398773147 5 0
0.9999995398773147 5 0
0.9999995398773147 5 0
0.9999995398773147 5 0
0.9999995398773147 5 0
0.9999989877300924 11 0
0.9999989877300924 11 0
0.9999989877300924 11 0
0.9999980674847219 20 1
0.9999980674847219 20 1
0.9999968711657401 32 2
0.9999933742333321 70 2
0.9999896932518499 110 2
0.999981411043515 199 3
0.9999774539884216 242 3
0.999971288344439 303 9
0.9999639263814747 379 13
0.9999550920259174 475 13
0.9999465337439714 558 23
0.9999338343578579 688 31
0.9999209509226702 817 42
0.9999170858921139 855 46
0.9998979447884067 1053 56
0.9998818404944221 1218 66
0.9998730061388649 1304 76
0.999863067488863 1404 84
0.999863067488863 1404 84
0.99983941718284 1646 99
0.9998317791462644 1709 119
0.9998200000055215 1822 134
0.9998057362022781 1953 158
0.9997838343624591 2151 198
0.9997588957129173 2396 224
0.9997461043022667 2516 243
0.9997269631985594 2663 304
0.9997085582911485 2838 329
0.999697607371239 2941 345
0.9996674233230852 3217 397
0.9996544478633604 3344 411
0.9996203067601133 3658 468
0.9996010736318689 3806 529
0.9995693251665851 4091 589
0.9995431901980617 4313 651
0.9995358282350973 4336 708
0.9995122699536113 4459 841
0.9994899079911072 4697 846
0.9994709509364739 4719 1030
0.9994546625934153 4831 1095
0.9994354294651708 4947 1188
0.9994208895883163 5018 1275
0.9994095705702586 4965 1451
0.9993878527795137 5131 1521
0.9993584049276563 5370 1602
0.9993293251739471 5588 1700
0.9993026380582013 5771 1807
0.9992680368322688 6015 1939
0.9992421779373565 6118 2117
0.9992196319257781 6221 2259
0.9991895399021613 6485 2322
0.9991630368354897 6658 2437
0.9991371779405773 6710 2666
0.9990906135248278 6913 2969
0.9990478221150975 7196 3151
0.9990214110729628 7371 3263
0.9989969325461063 7277 3623
0.9989696932831382 7566 3630
0.9989582822405435 7547 3773
0.9989197239595177 7758 3981
0.9988855828562705 7956 4154
0.9988668098507113 6039 6275
0.998828987765982 5678 7047
0.9987831595465289 6169 7054
0.998759785314117 5889 7588
0.9987432208974472 5843 7814
0.9987126687511452 5961 8028
0.9986728221266006 6110 8312
0.9986379448270569 6210 8591
0.9986129141529781 6328 8745
0.9985953374664007 6262 9002
0.9985530982038927 6459 9264
0.998521349738609 6631 9437
0.9984787423779526 6777 9754
0.9984440491274832 6853 10055
0.9984093558770136 6224 11061
0.998382944834879 6177 11395
0.9983663804182092 6162 11590
0.9983398773515375 6300 11740
0.9983142025056994 6325 11994
0.9982784049607851 6447 12261
0.9982335890112396 6740 12455
0.9981963190737325 7055 12545
0.9981479141672419 7429 12697
0.9981213190760332 7663 12752
0.9980851534329708 7940 12868
0.9980272699991635 8335 13102
0.9979747239885054 8686 13322
0.9979228221496067 8911 13661
0.9978869325801555 9050 13912
0.9978584969982056 8641 14630
0.997820306815328 8938 14748
0.9977817485343022 9256 14849
0.9977320552842928 9717 14928
0.9976931289051187 9816 15252
0.9976277914838101 10166 15612
0.9975450614249981 10877 15800
0.9974812884208194 11363 16007
0.9974292025328465 11710 16226
0.9973652454795937 11934 16697
0.997318312965696 12220 16921
0.997260981679111 12695 17069
0.9971823006999294 13235 17384
0.9971129141989904 13505 17868
0.9970721473290752 13803 18013
0.9970029448772103 14241 18327
0.9969275767813627 14729 18658
0.9968530369063485 15291 18906
0.9967655215716098 15981 19167
0.9966701841512213 16796 19388
0.9965559817007368 17688 19737
0.9964912884511875 17835 20293
0.996463497040997 18045 20385
0.9963569326270879 18703 20885
0.9962463191335484 19522 21268
0.9961427915293622 20221 21694
0.996032454109434 21238 21876
0.9959019633158906 22176 22356
0.9958123314167997 22162 23344
0.9957388038116931 22261 24044
0.9956130982940767 23283 24388
0.9955144479903544 24166 24577
0.9953883743745897 24748 25365
0.9952589878754912 25941 25578
0.9951360430939864 26780 26075
0.9950347240786894 27402 26554
0.9949573314430267 27822 26975
0.9948426688698567 28572 27471
0.9946980062976072 29704 27911
0.9945634664244335 30416 28661
0.9943960737915315 31861 29035
0.9942109204229779 33242 29666
0.994096073800734 32869 31287
0.9940469326979469 31575 33115
0.9939096320886616 31112 35070
0.9937501535659462 31467 36448
0.9935905830186937 32019 37630
0.9934280676862556 32736 38679
0.9933518713695745 32821 39422
0.9932714419241889 33110 40007
0.9931630370195388 34258 40037
0.9930374235264594 34316 41344
0.9929568100319996 34751 41785
0.9928488652500348 35057 42652
0.9927504910199236 34951 43827
0.9926626996115736 34679 45053
0.9925921167916528 34261 46238
0.9925373621921054 34082 47012
0.9924333744652339 33758 48466
0.9923496321365144 33795 49339
0.9922250309133426 33540 50948
0.9921277609776761 32751 52794
0.9920574542313665 31951 54358
0.9920180677295072 31148 55589
0.9919825462582041 30130 56993
0.9918901536230014 29866 58261
0.9918088959567823 29771 59239
0.9917300309285266 29202 60665
0.9916661658998108 29058 61503
0.9916109511775781 28924 62237
0.9915698162095148 28477 63131
0.9915137732664486 28172 64045
0.9914824849238502 27466 65091
0.991445030937269 26987 65977
0.9914058284844838 26457 66933
0.9913743560928112 25739 67993
0.9913275156034504 25784 68457
0.9912838959728866 24923 69792
0.9912596014951043 24505 70474
0.9911999695950929 24343 71284
0.9911077610089644 23957 72672
0.9911077610089644 23957 72672
0.9909101843279084 25035 73741
0.9908589266607691 24921 74412
0.9908069327973333 24806 75092
0.9907854910801996 24447 75684
0.9907113193033338 24718 76219
0.9906396321889683 24756 76960
0.9905921475278482 24544 77688
0.9905130064259814 24608 78484
0.9904607364889345 24510 79150
0.99041932544726 24336 79774
0.9903555524430813 24418 80385
0.9902894788254761 24621 80900
0.9902328837351876 24751 81385
0.9901780371111032 24519 82213
0.9900889573592344 24836 82864
0.9900347549069094 24574 83715
0.9899892947856045 24455 84328
0.989944570860596 24464 84805
0.9899015033772545 24229 85508
0.9898660739304885 24028 86094
0.9898223622753877 23900 86697
0.989789233442048 23644 87313
0.9897497549156516 23326 88060
0.9897239880452764 23146 88520
0.9897024543036057 22801 89099
0.9896740187216558 22475 89734
0.9896262579869246 22415 90313
0.9895690187248767 22393 90957
0.9895160125915333 22163 91763
0.9894650309980052 21980 92500
0.9894122089137359 21968 93086
0.9893830371354897 21653 93718
0.9893115340701983 21832 94316
0.9892449083053709 22142 94730
0.9891910739511941 22231 95226
0.9891398162840547 22220 95794
0.9890972089233985 22220 96257
0.9890635279428366 22132 96711
0.9890483438942226 21884 97124
0.988988159846989 22016 97646
0.988950981934019 21725 98341
0.98891564451179 21375 99075
0.9888719328566892 21155 99770
0.9888330985020521 20941 100406
0.9888036506501947 20584 101083
0.9887754911418561 20498 101475
0.9887363807136079 20141 102257
0.9886926690585071 19741 103132
0.9886926690585071 19741 103132
0.9885873009635797 19445 104573
0.988540460474219 19653 104874
0.9885113807205098 19537 105306
0.9884961966718958 19458 105550
0.9884444788820712 19926 105644
0.9884129144658615 19735 106178
0.9883743561848357 19610 106722
0.9883112273524164 19911 107107
0.9882823316477812 19794 107538
0.9882584972926841 19707 107884
0.9882348469866611 19614 108234
0.9881952764357277 19717 108561
0.9881450310384959 19914 108910
0.9881012273588581 20001 109299
0.9880694788935742 19802 109843
0.988020061717176 19896 110286
0.9879813193870761 19953 110650
0.9879327304315113 20097 111034
0.987920399143546 19936 111329
0.9878862580402988 20227 111409
0.9878017795152828 21006 111548
0.9877400310509193 21353 111872
0.9876941108069291 21458 112266
0.98765003105368 21536 112667
0.9876045709323751 21646 113051
0.9875622396453301 21993 113164
0.9874678224703122 22355 113828
0.9874125157235425 22797 113987
0.9873217795300068 23372 114398
0.9872628838262919 23548 114862
0.9872243255452661 23636 115193
0.9871983746258167 23664 115447
0.9871721476327562 23818 115578
0.9870317181892111 24918 116004
0.9869530372100296 25636 116141
0.9868724237155698 26008 116645
0.9867969635951852 26325 117148
0.9867495709586022 26438 117550
0.986720675253967 26439 117863
0.9866383132933033 27252 117945
0.9865635893692151 27682 118327
0.9865018409048515 28168 118512
0.9864121169812234 28981 118674
0.986338681400654 29235 119218
0.9862756445927716 29390 119748
0.9862303685205408 29479 120151
0.9861815034913649 29803 120358
0.9860379452135599 30593 121128
0.9859706752769731 31216 121236
0.9858664114764905 31609 121976
0.9857645403139712 31850 122842
0.9857192642417404 31813 123371
0.9856628532005259 32107 123690
0.985590337865327 32225 124360
0.9855240801986479 32725 124580
0.9854666568875259 33147 124782
0.985362209037969 33398 125666
0.985240552599983 33726 126660
0.9851792642583048 33736 127316
0.985098466714771 33817 128113
0.9850463808267982 34130 128366
0.9849398164128891 34518 129136
0.9848127305272169 35525 129510
0.9847294483211826 35670 130270
0.9846536201026497 35756 131008
0.9845946323743978 35695 131710
0.9845154912725309 35895 132370
0.9843945710308414 36906 132673
0.9842835894391537 37186 133599
0.9841517182775547 38259 133959
0.984082975948375 38267 134698
0.984049294967813 37978 135353
0.9838612888386108 39143 136231
0.9838175771835099 39099 136750
0.9837688962034081 39027 137351
0.9836662888445924 39483 138010
0.9835701232033704 40180 138358
0.9833763195283337 41122 139522
0.9832420557287713 41600 140503
0.9831335587995841 41967 141315
0.98299496984678 42494 142294
0.9828481907101781 43738 142645
0.9827465956212701 44535 142952
0.9826102152573554 45606 143363
0.9823921171045363 46877 144462
0.9822284054531164 47631 145487
0.9820583441086398 48310 146656
0.9819088042359263 49015 147576
0.9817678226451588 49972 148151
0.9816252766372614 51170 148502
0.9814897244941803 52158 148987
0.9813643870747121 52847 149660
0.9812319637658907 53529 150417
0.9811200619288325 53695 151467
0.9810148778829793 53929 152376
0.9809090496653666 54072 153383
0.9808027613250687 54304 154306
0.9806369331092966 53641 156771
0.9804399085754629 54040 158513
0.9803012275981219 53861 160199
0.980206810423104 53623 161463
0.9801300619592006 53610 162310
0.9800051846624176 54194 163083
0.9798514116609996 53391 165557
0.9797153993952331 53620 166806
0.9795569331424253 53688 168460
0.9794419024711073 53353 170045
0.979375552779891 52649 171470
0.9793369944988652 51831 172707
0.9792510435812564 51403 174069
0.9791367491062347 51248 175466
0.9790401233423275 50965 176799
0.9789360435909189 50634 178261
0.9788557061700703 50036 179732
0.978782546663112 49458 181105
0.978733589609399 49023 182072
0.9786745098566101 48577 183160
0.9785785282644623 48371 184409
0.9785032521931518 47971 185627
0.9784200620116545 47754 186748
0.9783317184560822 47270 188192
0.9782930681505194 46870 189012
0.9782628841023655 46450 189760
0.9782009515889278 46395 190488
0.9781323012842852 46254 191375
0.9780792951509418 45960 192245
0.9780053074231501 45621 193388
