6 0
6 0
7 0
10 0
13 0
13 0
13 0
14 0
15 0
15 0
17 0
17 0
17 0
26 2
26 2
35 2
56 2
109 2
196 3
362 5
496 10
772 17
960 21
1052 30
1142 31
1366 37
1556 39
1772 51
1863 61
1899 63
2111 129
2597 151
2978 185
3158 210
3193 272
3366 280
3456 291
3456 291
4068 382
4354 611
6496 665
6531 726
6632 834
6577 952
6538 1065
6690 1168
6984 1241
7191 1259
7558 1464
7933 1535
8471 1657
8671 1727
9051 1799
9295 1888
20777 1942
20777 1942
20777 1942
21020 2220
21830 2428
22235 2440
22476 2458
23360 2976
23961 3503
24674 4864
26879 5002
26879 5002
26830 5051
25211 5087
23681 5137
23921 5150
23999 5560
23931 5578
24659 5760
24719 5767
24731 5771
25440 6027
26642 6121
27013 6169
27350 6232
27855 6296
28409 6445
28810 6496
29215 6613
29605 6653
30088 6668
16149 21206
16149 21206
16403 21700
16733 21738
16047 22524
16047 22524
16148 22950
16148 22950
16957 23457
17461 23505
17461 23505
17473 24102
18100 24628
18479 24641
18716 24662
19207 24710
18858 25582
18858 25582
19271 26507
19617 26739
19791 26960
20044 27278
20289 27654
20602 27888
20887 28210
21129 28602
21129 28602
21426 29214
21426 29214
22378 29265
22378 29265
22716 30440
22957 30899
23230 31344
23768 31487
23733 31932
24311 32121
25794 32463
26797 32671
27566 33091
28259 33276
28455 33503
28687 33693
29301 33944
29301 33944
30137 34084
30502 34516
32071 35138
32540 35330
33027 35432
33956 35614
34530 35799
34898 36467
35790 36654
36343 37039
36799 37214
37347 37273
38126 38091
38714 38543
39254 38894
39037 40012
39985 40051
40283 40411
40733 40428
41412 40867
41998 41195
42889 41481
43609 41746
44283 41949
44283 41949
21930 65111
11170 76793
11851 77015
13342 77195
14609 77360
16051 77521
9985 84474
10161 84540
11002 84561
12239 84871
13376 84967
14203 85206
15269 85419
8450 93092
8548 93203
9653 93288
11052 93423
11648 93860
12503 93978
12923 94166
6643 101126
7089 101200
7637 101393
9042 101507
9546 101673
10326 101815
10940 101966
5473 108175
5542 108225
6015 108294
6971 108486
7661 108699
8301 108874
9017 109028
9017 109028
8274 101818
8888 101869
10223 101943
11215 101991
12654 102078
14345 102106
10628 107966
10926 107985
11527 108026
13466 108059
14165 108092
16022 108107
17473 108147
12477 113942
12764 113947
13665 113978
15869 114023
17081 114065
18387 114088
19856 114125
11172 123575
11389 123576
12141 123608
13396 123651
14855 123729
15743 123791
16458 123893
8876 132158
9147 132192
9843 132213
11277 132254
12393 132652
13162 132686
14129 132699
6708 140325
6963 140352
7802 140369
8685 140398
9920 140440
11168 140491
11913 140509
6715 146574
6841 146582
7524 146591
8985 146640
9764 146687
11555 146715
12885 146729
7323 154312
7846 154332
8845 154347
10541 154367
11921 154381
12756 154391
13763 154429
7462 161732
7822 161740
8364 161746
9681 161752
10005 161778
10699 161809
11623 161863
7121 167786
7474 167795
7906 167805
8754 167876
9611 167902
10741 167933
11674 167953
6648 173647
7021 173655
7440 173664
8559 173691
9534 173712
10106 173734
11098 173778
8433 177210
8710 177234
9163 177273
9933 177297
10813 177325
12167 177367
13529 177380
8890 183227
9420 183265
10368 183305
11510 183366
12468 183416
12982 183500
13831 183560
10032 187966
10276 187968
10770 187982
11226 188002
12341 188038
12719 188046
13462 188062
10284 191826
10354 191826
10509 191847
11595 191866
12366 191883
13110 191893
14021 191899
14358 191899
10762 195567
10797 195567
11504 195580
12415 195595
13226 195602
13666 195608
10856 198499
11257 198501
11818 198508
12982 198530
13971 198541
14820 198558
15947 198566
10205 204409
10661 204419
11630 204453
12881 204496
13877 204508
14633 204515
15822 204527
16543 204527
16972 204534
14790 207777
16505 207810
18175 207827
19012 207854
22911 207897
17831 213651
17990 213654
18854 213714
20546 213769
22331 213858
23264 213894
24304 213928
22598 218694
22857 218710
23407 218739
24760 218775
27163 218837
27814 218873
30857 218922
26155 224673
26282 224704
26550 224729
27627 224763
28557 224782
30616 224796
32297 224818
22872 235410
23196 235411
24299 235484
24562 235514
26641 235572
27899 235618
29860 235667
21525 245698
21969 245732
22304 245769
22448 245771
24039 245821
25425 245851
27207 245890
20320 254353
20604 254364
21396 254384
24328 254451
26683 254486
28069 254530
29751 254596
