0.9999996607984613 6 0
0.9999996607984613 6 0
0.9999996042648714 7 0
0.999999434664102 10 0
0.9999992650633326 13 0
0.9999992650633326 13 0
0.9999992650633326 13 0
0.9999992085297428 14 0
0.999999151996153 15 0
0.999999151996153 15 0
0.9999990389289733 17 0
0.9999990389289733 17 0
0.9999990389289733 17 0
0.9999984170594856 26 2
0.9999984170594856 26 2
0.9999979082571774 35 2
0.9999967210517916 56 2
0.9999937247715323 109 2
0.9999887498156298 196 3
0.9999792521725435 362 5
0.9999713940035613 496 10
0.999955394997648 772 17
0.9999445405484063 960 21
0.9999388306558366 1052 30
0.9999336860991648 1142 31
0.9999206833735108 1366 37
0.9999098289242693 1556 39
0.9998969392657949 1772 51
0.999891229373225 1863 61
0.9998890810968127 1899 63
0.9998733647588484 2111 129
0.99984464569523 2597 151
0.9998211842554631 2978 185
0.9998095948695541 3158 210
0.9998041111113435 3193 272
0.9997938785315897 3366 280
0.99978816863902 3456 291
0.99978816863902 3456 291
0.9997484255253907 4068 382
0.9997193107266438 4354 611
0.9995951629634433 6496 665
0.9995897357388225 6531 726
0.9995779202185543 6632 834
0.999574358602397 6577 952
0.9995701751167517 6538 1065
0.9995557590513527 6690 1168
0.9995350112238962 6984 1241
0.9995222911661913 7191 1259
0.9994899539528258 7558 1464
0.999464739971775 7933 1535
0.9994274278025072 8471 1657
0.9994121637332611 8671 1727
0.9993866105506717 9051 1799
0.9993677848652683 9295 1888
0.9987156133733373 20777 1942
0.9987156133733373 20777 1942
0.9987156133733373 20777 1942
0.9986861593730515 21020 2220
0.9986286081786353 21830 2428
0.9986050336716887 22235 2440
0.9985903914719306 22476 2458
0.9985111313790312 23360 2976
0.998447361489737 23961 3503
0.9983301108244921 24674 4864
0.9981976526235911 26879 5002
0.9981976526235911 26879 5002
0.9981976526235911 26830 5051
0.9982871452962442 25211 5087
0.998370815009148 23681 5137
0.9983565120109287 23921 5150
0.9983289236191063 23999 5560
0.9983317502985963 23931 5578
0.9982803047318785 24659 5760
0.9982765169813619 24719 5767
0.998275612443925 24731 5771
0.9982210575297682 25440 6027
0.9981477899973876 26642 6121
0.9981241024232614 27013 6169
0.9981014889873415 27350 6232
0.9980693213747454 27855 6296
0.998029578261116 28409 6445
0.9980040250785266 28810 6496
0.997974514544651 29215 6613
0.9979502051010372 29605 6653
0.9979220513733168 30088 6668
0.9978881877530267 16149 21206
0.9978881877530267 16149 21206
0.9978459006278564 16403 21700
0.99782509626681 16733 21738
0.9978194429078301 16047 22524
0.9978194429078301 16047 22524
0.9977896497060056 16148 22950
0.9977896497060056 16148 22950
0.9977152515018289 16957 23457
0.9976840449602594 17461 23505
0.9976840449602594 17461 23505
0.9976496160040713 17473 24102
0.9975844327750321 18100 24628
0.9975622716078305 18479 24641
0.9975476859416622 18716 24662
0.9975172143367601 19207 24710
0.9974876472692947 18858 25582
0.9974876472692947 18858 25582
0.9974120053261426 19271 26507
0.9973793289112383 19617 26739
0.9973569981432673 19791 26960
0.9973247174634916 20044 27278
0.9972896101042259 20289 27654
0.9972586862306054 20602 27888
0.9972243703415968 20887 28210
0.9971885280456637 21129 28602
0.9971885280456637 21129 28602
0.9971371390125358 21426 29214
0.9971371390125358 21426 29214
0.9970804358219665 22378 29265
0.9970804358219665 22378 29265
0.9969949005005992 22716 30440
0.9969553269877394 22957 30899
0.9969147358702631 23230 31344
0.9968762364956094 23768 31487
0.9968530577237915 23733 31932
0.996809696460415 24311 32121
0.9967065226590303 25794 32463
0.9966380604817826 26797 32671
0.9965708420435107 27566 33091
0.9965212055516663 28259 33276
0.996497291843181 28455 33503
0.9964734346682855 28687 33693
0.9964245331131086 29301 33944
0.9964245331131086 29301 33944
0.996369356329464 30137 34084
0.9963242990583935 30502 34516
0.9962004339631421 32071 35138
0.9961630652602843 32540 35330
0.9961297669758922 33027 35432
0.9960669581576246 33956 35614
0.9960240491629665 34530 35799
0.9959654803639338 34898 36467
0.9959044806205398 35790 36654
0.9958514521133076 36343 37039
0.9958157794181438 36799 37214
0.9957814635291353 37347 37273
0.995691179386225 38126 38091
0.9956323844528332 38714 38543
0.9955820130243215 39254 38894
0.9955310762599118 39037 40012
0.9954752776067793 39985 40051
0.9954380785046911 40283 40411
0.9954116773182545 40733 40428
0.9953484727648583 41412 40867
0.9952968010637813 41998 41195
0.9952302610285868 42889 41481
0.995174575442634 43609 41746
0.9951249954843795 44283 41949
0.9951249954843795 44283 41949
0.9950792598102315 21930 65111
0.995027135840436 11170 76793
0.9949760860088467 11851 77015
0.9948816183802912 13342 77195
0.9948006622796978 14609 77360
0.9947100389352487 16051 77521
0.9946598936410962 9985 84474
0.9946462125123646 10161 84540
0.9945974805579572 11002 84561
0.9945100230945367 12239 84871
0.9944403171783136 13376 84967
0.9943800523715869 14203 85206
0.994307745910233 15269 85419
0.9942594662245439 8450 93092
0.9942476507042757 8548 93203
0.9941803757324138 9653 93288
0.9940936532056609 11052 93423
0.9940352540073977 11648 93860
0.9939802468245224 12503 93978
0.9939458744019241 12923 94166
0.9939074315608601 6643 101126
0.9938780340941643 7089 101200
0.9938361427041226 7637 101393
0.9937502681812166 9042 101507
0.9937123906760507 9546 101673
0.9936602667062553 10326 101815
0.9936170185100583 10940 101966
0.9935750705864269 5473 108175
0.9935683430892407 5542 108225
0.9935377018835692 6015 108294
0.993472801322479 6971 108486
0.9934217514908897 7661 108699
0.9933756766152029 8301 108874
0.9933264923920769 9017 109028
0.9933264923920769 9017 109028
0.9937761040317551 8274 101818
0.9937385091945382 8888 101869
0.9936588533665103 10223 101943
0.9936000584331184 11215 101991
0.9935137881750838 12654 102078
0.993416606934218 14345 102106
0.9932954554512768 10628 107966
0.9932775343033103 10926 107985
0.9932412397386587 11527 108026
0.9931297554995735 13466 108059
0.99308837291184 14165 108092
0.9929825420317346 16022 108107
0.9928982504493431 17473 108147
0.9928530801110931 12477 113942
0.9928365723028715 12764 113947
0.992783882997178 13665 113978
0.9926567389537182 15869 114023
0.9925858458321092 17081 114065
0.9925107126912651 18387 114088
0.9924255731050265 19856 114125
0.9923822683752399 11172 123575
0.9923699440526635 11389 123576
0.9923256217182604 12141 123608
0.9922522411187003 13396 123651
0.9921653489911779 14855 123729
0.992111642080868 15743 123791
0.9920654541380015 16458 123893
0.9920268416961683 8876 132158
0.9920095989512793 9147 132192
0.9919690643673928 9843 132213
0.991885677322438 11277 132254
0.9918000854674811 12393 132652
0.9917546889948717 13162 132686
0.991699286076868 14129 132699
0.9916876966909589 6708 140325
0.9916717542186354 6963 140352
0.9916233614657667 7802 140369
0.9915718028318693 8685 140398
0.9914996094376949 9920 140440
0.9914261723045449 11168 140491
0.9913830371755276 11913 140509
0.9913340225531712 6715 146574
0.9913264470521379 6841 146582
0.9912873258079964 7524 146591
0.9912019600873987 8985 146640
0.991155263342224 9764 146687
0.9910524287423781 11555 146715
0.9909764475976871 12885 146729
0.9908621932127016 7323 154312
0.9908314954734403 7846 154332
0.9907741704133832 8845 154347
0.9906771587732867 10541 154367
0.9905983509491056 11921 154381
0.9905505800657248 12756 154391
0.990491502464384 13763 154429
0.9904348558074045 7462 161732
0.9904140514463582 7822 161740
0.9903830710391479 8364 161746
0.9903082770998427 9681 161752
0.9902884903434127 10005 161778
0.9902475034908078 10699 161809
0.9901922136399836 11623 161863
0.990111879408878 7121 167786
0.9900914142493704 7474 167795
0.990066426402679 7906 167805
0.9900144720336529 8754 167876
0.9899645528738596 9611 167902
0.989898917376102 10741 167933
0.9898450408650227 11674 167953
0.9898072764270365 6648 173647
0.9897857371293227 7021 173655
0.9897615407528884 7440 173664
0.9896967532589778 8559 173691
0.989640445803537 9534 173712
0.989606864851196 10106 173734
0.9895482960521633 11098 173778
0.9895049347887869 8433 177210
0.9894879181782571 8710 177234
0.9894601036520756 9163 177273
0.9894152159817745 9933 177297
0.9893638834822363 10813 177325
0.9892849625908756 12167 177367
0.9892072289049009 13529 177380
0.9891389363284226 8890 183227
0.9891068252494163 9420 183265
0.989050970062694 10368 183305
0.9889829601541649 11510 183366
0.9889259742956465 12468 183416
0.9888921672089462 12982 183500
0.9888407781758182 13831 183560
0.9888064622868097 10032 187966
0.988792555023719 10276 187968
0.9887638359601006 10770 187982
0.9887369259713559 11226 188002
0.9886718558094962 12341 188038
0.9886500338438335 12719 188046
0.9886071248491755 13462 188062
0.9885739961655527 10284 191826
0.9885700388142667 10354 191826
0.9885600889024619 10509 191847
0.9884976192857331 11595 191866
0.9884530708169709 12366 191883
0.9884104444902618 13110 191893
0.9883586031884153 14021 191899
0.9883395513686528 14358 191899
0.9883354809501872 10762 195567
0.9883335022745442 10797 195567
0.9882927980898883 11504 195580
0.9882404479857336 12415 195595
0.9881942035092773 13226 195602
0.9881689895282266 13666 195608
0.9881644103074528 10856 198499
0.9881416272707635 11257 198501
0.9881095161917572 11818 198508
0.9880424673542546 12982 198530
0.9879859337644548 13971 198541
0.9879369756756881 14820 198558
0.9878728100512653 15947 198566
0.9878671001586954 10205 204409
0.9878407555058487 10661 204419
0.9877840523152794 11630 204453
0.9877108978500785 12881 204496
0.9876539119915602 13877 204508
0.987610776862543 14633 204515
0.9875428800211933 15822 204527
0.9875021193029476 16543 204527
0.9874774706577949 16972 204534
0.9874174885190172 14790 207777
0.9873186678040471 16505 207810
0.9872232956380548 18175 207827
0.9871744506164677 19012 207854
0.9869515952054767 22911 207897
0.9869134915659517 17831 213651
0.9869043331244041 17990 213654
0.986852096087429 18854 213714
0.9867533319060486 20546 213769
0.9866473879587637 22331 213858
0.9865926069102476 23264 213894
0.9865318898348027 24304 213928
0.9863588970500151 22598 218694
0.9863433503128202 22857 218710
0.986310617364326 23407 218739
0.986232092208094 24760 218775
0.9860927369092374 27163 218837
0.9860538983330449 27814 218873
0.9858790964733838 30857 218922
0.9858197927376837 26155 224673
0.9858108604304954 26282 224704
0.985794296088684 26550 224729
0.9857314872704164 27627 224763
0.9856778368936964 28557 224782
0.9855606427620413 30616 224796
0.9854643660586121 32297 224818
0.9853983913593157 22872 235410
0.9853800179426307 23196 235411
0.9853135344410261 24299 235484
0.9852969700992148 24562 235514
0.9851761578178124 26641 235572
0.9851024380167135 27899 235618
0.9849888055012158 29860 235667
0.9848929245329152 21525 245698
0.9848659014769909 21969 245732
0.9848448709815854 22304 245769
0.9848366170774746 22448 245771
0.9847438454566131 24039 245821
0.9846637938934565 25425 245851
0.9845608462264309 27207 245890
0.9844717492889064 20320 254353
0.9844550718799154 20604 254364
0.9844091666049979 21396 254384
0.9842396223691882 24328 254451
0.9841045070895665 26683 254486
0.9840236640561528 28069 254530
0.9839248433411827 29751 254596
