1 1
1 1
1 1
1 1
2 1
14 1
14 1
47 2
53 2
57 2
32 28
39 28
51 29
80 29
87 23
121 29
160 36
158 38
218 38
238 47
243 51
257 70
291 75
302 100
340 116
369 126
390 146
419 157
437 172
465 191
507 203
548 231
606 259
703 282
758 312
848 325
978 344
1080 370
1152 408
1233 466
1275 519
1367 572
1317 748
1437 753
1583 767
1733 772
1881 792
1993 851
2107 925
2173 971
2262 1071
2356 1134
2448 1211
2600 1291
2723 1369
2898 1421
3041 1493
3209 1573
3379 1663
3553 1715
3764 1773
4029 1866
4256 1937
4474 1991
4745 2068
5019 2182
5304 2284
5612 2369
6028 2448
6448 2516
6800 2600
7041 2705
7223 2870
7389 3042
7632 3197
7837 3391
8157 3562
8427 3802
8679 4085
9083 4401
9555 4674
10090 4913
10705 5081
11150 5363
11694 5571
12284 5683
12932 5824
13645 6021
14589 6204
15692 6390
16843 6606
17989 6996
18932 7452
19657 7879
20177 8438
20885 8882
21791 9324
22876 9736
23881 10198
24798 10646
25737 11092
26653 11631
27658 12068
28773 12530
29967 13013
31092 13506
32288 14001
33360 14496
34228 14991
34971 15466
36266 15945
37325 16433
38304 16929
39398 17411
40241 17900
41176 18385
42259 18871
43398 19357
44075 19848
44860 20328
45931 20823
46898 21413
47899 21915
48891 22408
49820 22891
50652 23383
51184 24069
51562 24660
52072 25207
52499 25805
52884 26370
53259 26976
53513 27645
53793 28277
54091 28910
54378 29552
54641 30202
54960 30811
54984 31490
55053 32119
55093 32682
55126 33276
55206 33872
55230 34515
54867 35546
54584 36488
54122 37461
53625 38437
52992 39490
52297 40650
51603 41753
50747 43010
49635 44443
48345 45971
47163 47320
45686 48954
44271 50481
42763 52112
41157 53849
39623 55524
38650 56664
37805 57687
36852 58814
35887 59947
34977 60986
34111 61997
33238 62982
32360 63976
31572 64903
30766 65824
30007 66746
29164 67750
28351 68674
27599 69549
26876 70361
26151 71189
25381 72097
24604 73015
23795 74030
23108 74954
22504 75781
21819 76678
21208 77519
20589 78350
19847 79268
19193 80087
18531 80894
17782 81800
16993 82719
16225 83638
15492 84549
14782 85446
14137 86266
13370 87187
12628 88080
11968 88888
11200 89809
10547 90630
9916 91424
9255 92245
8768 92873
8081 93691
7484 94416
6713 95302
6022 96119
5305 96949
4710 97665
4034 98479
3241 99384
2493 100243
1877 100963
1468 101487
1071 102008
774 102424
516 102801
367 103099
331 103244
347 103336
393 103388
452 103450
533 103502
615 103541
641 103621
704 103683
776 103740
843 103805
875 103912
918 103997
934 104099
971 104188
1031 104266
1057 104367
1103 104444
1150 104555
1212 104671
1270 104790
1341 104889
1397 105000
1438 105102
1515 105192
1571 105306
1622 105408
1689 105520
1765 105611
1837 105718
1903 105833
1982 105943
2052 106070
2137 106192
2195 106335
2305 106449
2368 106594
2491 106710
2603 106819
2720 106934
2814 107067
2918 107177
3043 107276
3159 107388
3268 107499
3365 107644
3515 107769
3697 107916
3883 108072
4112 108206
4358 108318
4598 108429
4840 108541
5066 108676
5321 108786
5611 108864
5834 108998
6072 109111
6309 109232
6543 109368
6821 109482
7081 109643
7361 109795
7660 109923
7940 110074
8160 110272
8354 110493
8555 110726
8796 110906
9012 111135
9235 111376
9481 111608
9780 111795
10011 112075
10193 112416
10444 112709
10767 112934
11082 113198
11341 113550
11640 113915
11981 114292
12331 114730
12802 115170
13259 115734
13832 116294
14501 116814
15121 117420
15998 117902
16673 118560
17617 119027
18326 119736
18958 120513
19657 121221
20484 121703
21000 122464
21251 123332
21640 123950
22005 124804
22196 125614
22363 126436
22695 127097
23292 127461
23784 127939
24045 128674
24248 129493
24355 130265
24689 130818
24821 131576
25146 132129
25384 132790
25611 133352
25743 133972
26007 134456
26065 135078
26361 135456
26473 136013
26629 136500
26683 137078
26673 137609
26854 138017
26862 138556
26999 138952
27025 139467
27092 139921
27153 140372
27334 140723
27405 141192
27448 141658
27614 142026
27810 142397
27931 142849
28255 143135
28429 143564
28488 144114
28629 144573
28859 144954
29027 145399
29288 145771
29446 146231
29642 146691
29804 147139
29951 147592
29961 148190
30187 148587
30281 149126
30484 149567
30605 150035
30724 150517
30730 151099
