0.9999999805180496 1 1
0.9999999805180496 1 1
0.9999999805180496 1 1
0.9999999805180496 1 1
0.9999999707770744 2 1
0.999999853885372 14 1
0.999999853885372 14 1
0.9999995226922154 47 2
0.9999994642463642 53 2
0.9999994252824634 57 2
0.9999994155414882 32 28
0.9999993473546619 39 28
0.9999992207219843 51 29
0.9999989382337037 80 29
0.9999989284927284 87 23
0.9999985388537206 121 29
0.9999980907688616 160 36
0.9999980907688616 158 38
0.9999975063103499 218 38
0.9999972238220691 238 47
0.9999971361532924 243 51
0.9999968147011109 257 70
0.9999964348030783 291 75
0.9999960841279713 302 100
0.9999955581153107 340 116
0.999995178217278 369 126
0.999994778837295 390 146
0.9999943891982872 419 157
0.9999940677461057 437 172
0.9999936099202715 465 191
0.9999930839076109 507 203
0.9999924117803224 548 231
0.9999915740564556 606 259
0.999990405139432 703 282
0.9999895771565404 758 312
0.9999885738360952 848 325
0.999987122430791 978 344
0.999985875585966 1080 370
0.9999848040786944 1152 408
0.9999834500831422 1233 466
0.9999825246904985 1275 519
0.9999811122490951 1367 572
0.9999798848862205 1317 748
0.9999786672643209 1437 753
0.9999771087082896 1583 767
0.9999755988571343 1733 772
0.9999739623733013 1881 792
0.9999722966665429 1993 851
0.999970465363206 2107 925
0.999969374373984 2173 971
0.999967533329672 2262 1071
0.9999660039965663 2356 1134
0.9999643577717582 2448 1211
0.9999620978655127 2600 1291
0.9999601399294983 2723 1369
0.9999579287281288 2898 1421
0.9999558344184617 3041 1493
0.9999534186566131 3209 1573
0.9999508860030623 3379 1663
0.9999486845426679 3553 1715
0.9999460642203403 3764 1773
0.9999425769512201 4029 1866
0.9999396741406117 4256 1937
0.9999370245953584 4474 1991
0.9999336347359903 4745 2068
0.9999298552376142 5019 2182
0.9999260854802134 5304 2284
0.9999222572769614 5612 2369
0.9999174354942395 6028 2448
0.9999126818983438 6448 2516
0.9999084348331584 6800 2600
0.9999050644557407 7041 2705
0.9999016843373476 7223 2870
0.9998983918877314 7389 3042
0.9998945149796035 7632 3197
0.9998906283305004 7837 3391
0.9998858455116791 8157 3562
0.9998808776143292 8427 3802
0.9998756661925994 8679 4085
0.9998686526904583 9083 4401
0.9998613956639374 9555 4674
0.9998538561491357 10090 4913
0.9998462289655573 10705 5081
0.99983914727659 11150 5363
0.9998318220632426 11694 5571
0.999824983898655 12284 5683
0.9998172982692255 12932 5824
0.9998084339817972 13645 6021
0.9997974559027514 14589 6204
0.9997848997857238 15692 6390
0.9997715838726311 16843 6606
0.9997566217347301 17989 6996
0.9997429941104311 18932 7452
0.9997317725070054 19657 7879
0.999721261994769 20177 8438
0.9997100403913433 20885 8882
0.9996969095567791 21791 9324
0.9996823273169109 22876 9736
0.9996680373062985 23881 10198
0.999654740875156 24798 10646
0.9996412496245097 25737 11092
0.9996270765055997 26653 11631
0.9996130300193672 27658 12068
0.9995976685014832 28773 12530
0.9995813328860798 29967 13013
0.9995655719882127 31092 13506
0.9995490999991564 32288 14001
0.9995338358910244 33360 14496
0.9995205589418324 34228 14991
0.9995086944340438 34971 15466
0.9994914139440463 36266 15945
0.9994763446554181 37325 16433
0.9994619767170042 38304 16929
0.9994466249400954 39398 17411
0.9994336499611345 40241 17900
0.9994198177763562 41176 18385
0.999404534186274 42259 18871
0.9993887051015805 43398 19357
0.9993773276425517 44075 19848
0.9993650053089289 44860 20328
0.9993497509417721 45931 20823
0.999334584243392 46898 21413
0.9993199435576726 47899 21915
0.9993054782095067 48891 22408
0.9992917239525301 49820 22891
0.9992788269013707 50652 23383
0.999266962393582 51184 24069
0.9992575233886172 51562 24660
0.9992472271778351 52072 25207
0.9992372426782593 52499 25805
0.9992279887518232 52884 26370
0.999218432855156 53259 26976
0.9992094419350501 53513 27645
0.9992005581656715 53793 28277
0.9991914893177641 54091 28910
0.9991824399518071 54378 29552
0.9991735464414533 54641 30202
0.9991645068164714 54960 30811
0.9991576589109087 54984 31490
0.999150859710222 55053 32119
0.9991449859021788 55093 32682
0.999138878310731 55126 33276
0.9991322934114986 55206 33872
0.9991257961810429 55230 34515
0.999119289209612 54867 35546
0.9991128699069579 54584 36488
0.9991078922686328 54122 37461
0.9991032263415139 53625 38437
0.9990991351319317 52992 39490
0.9990946055784655 52297 40650
0.9990906215196105 51603 41753
0.9990867153885569 50747 43010
0.999083588535519 49635 44443
0.9990812701834224 48345 45971
0.9990796434405647 47163 47320
0.999078114107459 45686 48954
0.999077023118237 44271 50481
0.9990758249782878 42763 52112
0.9990745489105372 41157 53849
0.9990731754330345 39623 55524
0.9990715486901769 38650 56664
0.999069814796592 37805 57687
0.9990681198669079 36852 58814
0.999066483383075 35887 59947
0.9990652267972747 34977 60986
0.9990638143558713 34111 61997
0.9990627233666494 33238 62982
0.9990615934135266 32360 63976
0.9990602394179744 31572 64903
0.9990591192058269 30766 65824
0.9990575314268699 30007 66746
0.9990559631298633 29164 67750
0.9990548818816166 28351 68674
0.9990536837416676 27599 69549
0.9990528167948751 26876 70361
0.99905181347443 26151 71189
0.9990504692198529 25381 72097
0.9990490957423502 24604 73015
0.9990470891014599 23795 74030
0.9990447804903385 23108 74954
0.9990426082528698 22504 75781
0.9990405431661282 21819 76678
0.9990383027418333 21208 77519
0.9990362376550916 20589 78350
0.9990345232434572 19847 79268
0.9990329159825498 19193 80087
0.9990315035411464 18531 80894
0.9990299742080407 17782 81800
0.9990287078812652 16993 82719
0.9990272369940106 16225 83638
0.9990255031004258 15492 84549
0.9990236815380641 14782 85446
0.9990219768674049 14137 86266
0.9990204767572247 13370 87187
0.9990190058699701 12628 88080
0.9990175642056411 11968 88888
0.9990160738364361 11200 89809
0.9990144373526032 10547 90630
0.9990128495736463 9916 91424
0.999011291017615 9255 92245
0.9990099175401123 8768 92873
0.9990086414723617 8081 93691
0.9990073946275366 7484 94416
0.999006274415389 6713 95302
0.9990050470525144 6022 96119
0.9990039463223173 5305 96949
0.9990027676643185 4710 97665
0.9990014234097415 4034 98479
0.9990003324205196 3241 99384
0.9989992511722728 2493 100243
0.9989982381108524 1877 100963
0.9989971178987049 1468 101487
0.9989959100177805 1071 102008
0.9989947508417323 774 102424
0.9989935916656839 516 102801
0.9989921402603797 367 103099
0.9989910784940834 331 103244
0.9989900264687622 347 103336
0.9989890718531931 393 103388
0.9989878931951943 452 103450
0.9989865976454932 533 103502
0.9989854189874946 615 103541
0.9989843864441238 641 103621
0.9989831688222244 704 103683
0.9989819122364241 776 103740
0.9989806264276982 843 103805
0.998979272432146 875 103912
0.9989780255873209 918 103997
0.9989768761522477 934 104099
0.9989756487893731 971 104188
0.9989743045347961 1031 104266
0.9989730674309462 1057 104367
0.9989718692909971 1103 104444
0.9989703302169162 1150 104555
0.9989685963233312 1212 104671
0.9989668721707216 1270 104790
0.9989652162049383 1341 104889
0.9989635894620805 1397 105000
0.9989621965026275 1438 105102
0.9989605697597699 1515 105192
0.9989589137939865 1571 105306
0.9989574234247816 1622 105408
0.9989556797902215 1689 105520
0.9989540530473637 1765 105611
0.9989523094128037 1837 105718
0.9989505462962932 1903 105833
0.9989487052519812 1982 105943
0.9989467862798677 2052 106070
0.9989447698980021 2137 106192
0.9989428119619876 2195 106335
0.9989406299835438 2305 106449
0.998938603860703 2368 106594
0.9989362757676312 2491 106710
0.9989341230121129 2603 106819
0.9989318631058675 2720 106934
0.998929651904498 2814 107067
0.9989275673358061 2918 107177
0.9989253853573622 3043 107276
0.9989231644150175 3159 107388
0.9989210214004745 3268 107499
0.998918664084477 3365 107644
0.9989159853162981 3515 107769
0.9989127805354587 3697 107916
0.9989094491219417 3883 108072
0.9989059131479455 4112 108206
0.9989024258788254 4358 108318
0.9988990067965317 4598 108429
0.9988955584913123 4840 108541
0.9988920419992666 5066 108676
0.9988884865433201 5321 108786
0.998884901864448 5611 108864
0.998881424336303 5834 108998
0.9988780052540093 6072 109111
0.9988745179848891 6309 109232
0.9988709138240667 6543 109368
0.9988670953617899 6821 109482
0.9988629944112324 7081 109643
0.9988587863099477 7361 109795
0.9988546269135391 7660 109923
0.9988504285532297 7940 110074
0.9988463568255977 8160 110272
0.9988423143208914 8354 110493
0.9988380867376564 8555 110726
0.9988339857870989 8796 110906
0.9988296510531368 9012 111135
0.9988251312406459 9235 111376
0.9988204750545022 9481 111608
0.998815740940557 9780 111795
0.9988107633022318 10011 112075
0.9988056687722044 10193 112416
0.9988003696816978 10444 112709
0.9987950316272904 10767 112934
0.998789391602652 11082 113198
0.9987834398668074 11341 113550
0.9987769718592773 11640 113915
0.9987699778390866 11981 114292
0.9987623019506322 12331 114730
0.9987534279222288 12802 115170
0.9987434823865537 13259 115734
0.9987324458616568 13832 116294
0.9987208638421489 14501 116814
0.9987089214065586 15121 117420
0.9986956834212674 15998 117902
0.9986826987013312 16673 118560
0.9986689541853299 17617 119027
0.998655141482502 18326 119736
0.998641416448451 18958 120513
0.9986277108963503 19657 121221
0.9986149599598189 20484 121703
0.9986025207344937 21000 122464
0.9985916205832495 21251 123332
0.9985818114212272 21640 123950
0.9985699371724633 22005 124804
0.9985601864562923 22196 125614
0.9985505526318235 22363 126436
0.998540879843454 22695 127097
0.9985315187662906 23292 127461
0.9985220700203506 23784 127939
0.9985123680090555 24045 128674
0.9985024127324053 24248 129493
0.9984938504152081 24355 130265
0.9984852101702093 24689 130818
0.998476540702285 24821 131576
0.998467988126063 25146 132129
0.9984592309893618 25384 132790
0.9984515453599323 25611 133352
0.998444220146585 25743 133972
0.9984369338971384 26007 134456
0.9984303100340052 26065 135078
0.9984237446167231 26361 135456
0.9984172279043171 26473 136013
0.9984109644572661 26629 136500
0.9984048081609422 26683 137078
0.9983997331128652 26673 137609
0.9983939956784748 26854 138017
0.9983886673650426 26862 138556
0.9983834754252632 26999 138952
0.9983782055576822 27025 139467
0.9983731305096052 27092 139921
0.9983681431303049 27153 140372
0.9983629609315007 27334 140723
0.9983577008048948 27405 141192
0.9983527426485201 27448 141658
0.9983475409677655 27614 142026
0.9983420178348295 27810 142397
0.9983364362560422 27931 142849
0.9983304942611726 28255 143135
0.9983246204531295 28429 143564
0.9983186881992352 28488 144114
0.9983128436141177 28629 144573
0.9983068918782729 28859 144954
0.9983009206604778 29027 145399
0.9982947546231788 29288 145771
0.9982887347005078 29446 146231
0.9982823446207792 29642 146691
0.9982764026259098 29804 147139
0.9982705580407922 29951 147592
0.998264635527873 29961 148190
0.998258566900326 30187 148587
0.998252400863027 30281 149126
0.9982461276750009 30484 149567
0.9982403902406105 30605 150035
0.9982345359145177 30724 150517
0.9982288082211025 30730 151099
