116 14
176 15
196 16
272 16
407 19
595 21
920 28
1094 31
1374 37
1738 45
2233 60
2233 60
3590 91
4393 103
4429 103
6522 161
7554 161
8963 161
10714 256
12295 463
13888 575
13876 2882
17055 3068
18020 4352
20094 5240
22600 6652
25344 7703
29654 8038
30461 9834
33659 10990
39239 13039
41291 15831
41293 17935
43808 20644
24244 23134
23803 24430
24545 26342
17543 29853
18925 32326
19408 35627
18206 38394
17547 40498
66926 41865
68962 42970
84863 44517
84483 48105
94451 50715
93973 53084
95575 55288
95683 56272
96752 57650
97118 59950
96898 61970
93241 63917
94257 65712
94465 67182
94547 67733
97186 68780
98578 70520
95355 72288
95036 73825
94609 74778
94753 75426
94757 75783
94422 76680
93840 78379
96464 79891
95914 81182
95502 82125
95695 82461
95695 82710
95238 83481
94580 84892
94128 85865
93486 87149
93054 88094
93371 88192
92263 89440
92062 90085
91945 90703
91522 91608
91203 92194
91460 92693
91582 93117
91153 93107
90807 93778
90245 94595
89711 95301
92380 95975
92311 96638
93584 97160
93697 97278
93987 97395
92862 97873
88912 98597
92706 99163
92714 99736
92953 100069
93244 100119
93242 100395
93263 100927
93541 101274
93561 101618
93909 102072
94146 102332
94475 102393
94397 102607
94655 103012
94786 103369
95124 103617
95667 103861
96073 104074
96350 104140
96228 104404
96613 104717
96612 104986
96624 105229
97563 105553
98010 105554
97603 105555
97863 105940
97999 106245
98695 106539
98968 106805
99231 107081
99589 107081
99601 107080
100330 107369
100437 107716
101228 107747
101141 108278
101612 108522
101860 108525
101876 108525
103067 108757
103127 108759
103543 109070
103879 109303
104485 109526
104645 109529
104649 109529
106239 109850
106654 110030
107346 110259
108055 110786
108793 111139
108879 111141
108879 111141
111082 111426
111404 111668
112858 111684
114042 111889
115207 112032
115270 112032
115273 112032
118603 112062
119572 112064
120735 112609
122038 112907
124036 113296
124105 113297
124137 113300
128853 113315
130253 113329
132195 113985
134853 114005
137376 114405
140585 114406
143587 114407
143996 114648
146093 114670
149847 114688
154636 114699
158854 115490
162198 115620
166855 115643
168588 115886
171780 116310
172013 116364
182721 116859
190120 117101
195574 117107
200937 117110
203724 117436
208555 117709
215259 118118
222121 118378
230710 118623
239292 118635
246304 118639
249990 119219
256298 119649
264519 120047
274036 120292
283041 120796
293805 121369
300145 121374
306520 121395
313912 121829
323578 122354
333298 122873
345442 123962
358091 124873
368616 124884
373399 125640
382732 126391
394438 127976
410760 127504
425784 128584
439937 128651
450545 128678
454570 128952
461541 129986
475283 130610
487755 131189
498956 132424
515391 132477
527863 132509
532839 133172
543492 133829
561747 134527
578595 135081
598883 135881
625525 135916
641416 135962
649728 136862
662058 138158
683783 139435
712786 140189
737268 141339
769299 141412
799051 141497
811595 143242
830786 144427
856840 145795
896552 146896
938115 148170
983244 148306
989819 148347
1060174 151002
1092691 152967
1127969 155239
1173039 156781
1220465 158829
1254442 159922
1299821 160722
1405484 161150
1476806 162429
1428230 164929
1482118 168847
1540190 171727
1624933 173639
1662549 174585
1682292 176266
1701489 179682
1735791 181786
1766711 183494
1787642 186628
1817261 188966
1843480 189939
1851949 191520
1894052 195019
1920221 197747
1938361 200343
1957800 204168
1974292 205346
1986704 206064
1990349 207481
1997172 210579
2011665 212840
2022651 214855
2032787 217493
2043830 218927
2053105 219415
2056142 220732
2061979 223259
2074362 225104
2085448 226805
2094917 228847
2106581 230065
2117128 230467
2119474 231532
2131034 234009
2144033 235685
2156198 237392
2167826 239253
2181580 239446
2191859 240700
2194020 241731
2203444 243962
2219650 245476
2236592 246932
2250696 248833
2267020 249937
2279453 250303
2284401 251315
2293864 253713
2307325 255290
2327385 256948
2346682 257913
2349356 258332
2357782 258728
2359739 259877
2369180 261930
2394150 263474
2412765 264901
2431300 265714
2434337 266143
2446503 266472
2449551 267508
2468042 269842
2491738 271378
2513228 271655
2529966 274777
2549096 275824
2564625 276239
2567486 277194
2585106 279254
2607526 280766
2627543 282180
2646955 284085
2668171 284278
2683400 285691
2685934 286955
2707557 289227
2732515 291146
2753582 292789
2774970 294725
2797761 295858
2815785 296270
2818896 297459
2838981 299517
2864164 301285
2887689 301716
2907241 305399
2930353 306332
2949107 306813
2952126 308182
2973160 310485
2997632 312419
2997652 312419
3039174 316504
3058427 317839
3077687 318294
3080553 319771
3096991 322219
3120977 323911
3140052 325912
3160115 326558
3181147 326757
3197526 326924
3197745 331111
3215044 333408
3238420 335218
3259277 336879
3282832 337451
3305046 337608
3326933 337767
3327842 341512
3345476 344058
3375358 345703
3399093 347382
3399320 347387
3399873 347390
