0.9999980091557397 116 14
0.9999970749903558 176 15
0.9999967533924369 196 16
0.9999955895142539 272 16
0.9999934761565006 407 19
0.9999905664610431 595 21
0.9999854821510857 920 28
0.9999827715400543 1094 31
0.9999783916826814 1374 37
0.9999726948052594 1738 45
0.999964884570084 2233 60
0.999964884570084 2233 60
0.9999436284790578 3590 91
0.9999311474169638 4393 103
0.9999305961062456 4429 103
0.9998976552908294 6522 161
0.9998818510502393 7554 161
0.999860273361294 8963 161
0.9998320033727964 10714 256
0.9998046216071228 12295 463
0.9997785109189384 13888 575
0.9997433648606493 13876 2882
0.9996918326226785 17055 3068
0.9996573910169738 18020 4352
0.9996120303962102 20094 5240
0.9995520294130393 22600 6652
0.9994939120748226 25344 7703
0.9994227776779804 29654 8038
0.9993829148502127 30461 9834
0.9993162368816764 33659 10990
0.9991994049519648 39239 13039
0.9991252230319854 41291 15831
0.9990929713549671 41293 17935
0.9990129700440727 43808 20644
0.9992744444663948 24244 23134
0.9992613508368361 23803 24430
0.9992207069855509 24545 26342
0.9992741688110357 17543 29853
0.9992151326216219 18925 32326
0.9991571837394579 19408 35627
0.9991332170374001 18206 38394
0.9991110880377366 17547 40498
0.9983339543236007 66926 41865
0.9982858524634324 68962 42970
0.998018650535315 84863 44517
0.9979695226246433 84483 48105
0.9977769007853574 94451 50715
0.9977479416584621 93973 53084
0.9976896558641926 95575 55288
0.9976729327724053 95683 56272
0.9976354589577502 96752 57650
0.9975946313362256 97118 59950
0.9975670658003125 96898 61970
0.9975932530594299 93241 63917
0.9975502048808457 94257 65712
0.9975245076757 94465 67182
0.9975148137955706 94547 67733
0.9974583657036953 97186 68780
0.9974104016712065 98578 70520
0.9974326838127363 95355 72288
0.9974140311334351 95036 73825
0.9974059758712739 94609 74778
0.9973938470354721 94753 75426
0.9973883186141028 94757 75783
0.9973797120412233 94422 76680
0.9973626060947706 93840 78379
0.997299266618917 96464 79891
0.9972879188066328 95914 81182
0.9972797869735385 95502 82125
0.9972716857688173 95695 82461
0.9972678725363494 95695 82710
0.9972630638817512 95238 83481
0.9972515322992276 94580 84892
0.9972435536079994 94128 85865
0.9972337219001904 93486 87149
0.9972258657224552 93054 88094
0.9972195103350086 93371 88192
0.997217366348882 92263 89440
0.9972105668500234 92062 90085
0.9972028944425276 91945 90703
0.9971955130045775 91522 91608
0.9971914241167504 91203 92194
0.9971798465916669 91460 92693
0.9971714850457734 91582 93117
0.9971782079736988 91153 93107
0.9971732308630479 90807 93778
0.9971693257454601 90245 94595
0.9971666917053618 89711 95301
0.9971154963794966 92380 95975
0.9971063997526453 92311 96638
0.9970789107876653 93584 97160
0.9970753732105564 93697 97278
0.9970691403366028 93987 97395
0.9970790486153448 92862 97873
0.9971284521813757 88912 98597
0.9970616823277196 92706 99163
0.9970527847852944 92714 99736
0.9970440250705487 92953 100069
0.9970388029329118 93244 100119
0.9970346068457784 93242 100395
0.9970261381005784 93263 100927
0.9970165667339419 93541 101274
0.9970109923700128 93561 101618
0.9969987103923449 93909 102072
0.9969910992415956 94146 102332
0.9969851267088143 94475 102393
0.9969830439794343 94397 102607
0.9969728906737063 94655 103012
0.9969654173506365 94786 103369
0.9969564432372782 95124 103617
0.9969443909724095 95667 103861
0.9969349114908928 96073 104074
0.9969296587248826 96350 104140
0.9969274841103828 96228 104404
0.9969167948081232 96613 104717
0.9969126906061094 96612 104986
0.9969087854885218 96624 105229
0.9968894436708228 97563 105553
0.9968825829152178 98010 105554
0.9968888004749848 97603 105555
0.996878922824616 97863 105940
0.9968721692683172 97999 106245
0.996857008223565 98695 106539
0.9968487538769778 98968 106805
0.9968404995303904 99231 107081
0.9968350170515811 99589 107081
0.9968348485955283 99601 107080
0.9968192587535508 100330 107369
0.996812306112826 100437 107716
0.9967997178514257 101228 107747
0.9967929183525672 101141 108278
0.996781968709135 101612 108522
0.9967781248482939 101860 108525
0.9967778798213079 101876 108525
0.99675608773375 103067 108757
0.9967551382541797 103127 108759
0.9967440048405081 103543 109070
0.9967352910683223 103879 109303
0.9967225956076157 104485 109526
0.9967200993951968 104645 109529
0.9967200381384503 104649 109529
0.9966907727278227 106239 109850
0.9966816607867847 106654 110030
0.9966675564209092 107346 110259
0.9966486280862489 108055 110786
0.9966319203086482 108793 111139
0.9966305726602258 108879 111141
0.9966305726602258 108879 111141
0.9965924709639193 111082 111426
0.9965838337626666 111404 111668
0.9965613219083376 112858 111684
0.9965400505031247 114042 111889
0.9965200195470278 115207 112032
0.9965190547532708 115270 112032
0.996519008810711 115273 112032
0.9964675531436733 118603 112062
0.9964526830684668 119572 112064
0.9964265264377227 120735 112609
0.9964020084249466 122038 112907
0.9963654534614885 124036 113296
0.9963643814684253 124105 113297
0.9963638454718936 124137 113300
0.9962913940550021 128853 113315
0.9962697397951238 130253 113329
0.9962299535382892 132195 113985
0.9961889421465252 134853 114005
0.9961441787790397 137376 114405
0.9960950202399947 140585 114406
0.9960490317375797 143587 114407
0.9960390775162778 143996 114648
0.9960066267548335 146093 114670
0.995948861642909 149847 114688
0.9958753535471409 154636 114699
0.9957986447863694 158854 115490
0.9957454433020572 162198 115620
0.9956737729086832 166855 115643
0.9956435120759253 168588 115886
0.9955881359771133 171780 116310
0.9955837408055538 172013 116364
0.9954121759728681 182721 116859
0.9952951602729172 190120 117101
0.9952115448139809 195574 117107
0.9951293688885867 200937 117110
0.9950816958256437 203724 117436
0.9950035322171435 208555 117709
0.9948946024077271 215259 118118
0.994785534770631 222121 118378
0.9946502492460443 230710 118623
0.994518639126246 239292 118635
0.9944111947929315 246304 118639
0.9943458644728176 249990 119219
0.9942426774833829 256298 119649
0.9941106845089193 264519 120047
0.9939611874191506 274036 120292
0.9938155648185966 283041 120796
0.9936419478849041 293805 121369
0.9935447793708105 300145 121374
0.9934468298331994 306520 121395
0.9933269810087241 313912 121829
0.9931709141328962 323578 122354
0.9930141121761107 333298 122873
0.9928114595445898 345442 123962
0.9926037991740446 358091 124873
0.9924424489038335 368616 124884
0.9923576236241544 373399 125640
0.9922031953662946 382732 126391
0.9919996545119499 394438 127976
0.9917569246540487 410760 127504
0.9915103049927464 425784 128584
0.9912925372590332 439937 128651
0.9911296708843468 450545 128678
0.9910638351960744 454570 128952
0.9909412451321944 461541 129986
0.9907212415272348 475283 130610
0.9905213760776784 487755 131189
0.9903309288528924 498956 132424
0.9900784285439287 515391 132477
0.9898869399544525 527863 132509
0.9898005832561115 532839 133172
0.9896273798054578 543492 133829
0.9893371300264797 561747 134527
0.9890706325509468 578595 135081
0.9887476869835387 598883 135881
0.9883391504271203 625525 135916
0.9880950882349834 641416 135962
0.9879540139478549 649728 136862
0.9877453428409929 662058 138158
0.9873930859203972 683783 139435
0.9869373816691943 712786 140189
0.9865448484377922 737268 141339
0.986053201790596 769299 141412
0.9855962724044636 799051 141497
0.9853774479918737 811595 143242
0.9850654061253378 830786 144427
0.9846454604998888 856840 145795
0.9840204426014332 896552 146896
0.9833644287892619 938115 148170
0.9826712321319814 983244 148306
0.9825699134733142 989819 148347
0.9814518247083068 1060174 151002
0.9809237609253322 1092691 152967
0.9803487132178123 1127969 155239
0.9796348883511568 1173039 156781
0.9788772342823994 1220465 158829
0.9783401657576931 1254442 159922
0.9776329719338434 1299821 160722
0.9760082745613137 1405484 161150
0.9748964492986332 1476806 162429
0.9756020657612613 1428230 164929
0.9747168138895997 1482118 168847
0.9737833835868367 1540190 171727
0.9724563327454218 1624933 173639
0.9718657870810441 1662549 174585
0.9715376959469321 1682292 176266
0.9711913962449308 1701489 179682
0.9706338679669023 1735791 181786
0.9701341966859182 1766711 183494
0.969765660784947 1787642 186628
0.9692762653231837 1817261 188966
0.9688598419606569 1843480 189939
0.9687059343851423 1851949 191520
0.9680075768469713 1894052 195019
0.9675650427962602 1920221 197747
0.9672474878225417 1938361 200343
0.9668912185850519 1957800 204168
0.9666206169075052 1974292 205346
0.966419541637206 1986704 206064
0.9663420212245438 1990349 207481
0.966190089179103 1997172 210579
0.9659335152964987 2011665 212840
0.9657344155562733 2022651 214855
0.9655387921364103 2032787 217493
0.9653477170299728 2043830 218927
0.9651982046260176 2053105 219415
0.9651315266574813 2056142 220732
0.9650034388006051 2061979 223259
0.9647855485533989 2074362 225104
0.9645897260491099 2085448 226805
0.9644134444469458 2094917 228847
0.9642161670949279 2106581 230065
0.9640484920656434 2117128 230467
0.963996255375088 2119474 231532
0.963781290137526 2131034 234009
0.9635565544489014 2144033 235685
0.9633441160521313 2156198 237392
0.9631375429888361 2167826 239253
0.9629239560280697 2181580 239446
0.9627473375138 2191859 240700
0.9626984546301142 2194020 241731
0.962519967785077 2203444 243962
0.9622486003981995 2219650 245476
0.9619668499927947 2236592 246932
0.9617217464359676 2250696 248833
0.9614548507915827 2267020 249937
0.9612588445170541 2279453 250303
0.9611675719648086 2284401 251315
0.9609859303973282 2293864 253713
0.960755635658961 2307325 255290
0.9604230421539832 2327385 256948
0.9601127461047217 2346682 257913
0.9600653793255112 2349356 258332
0.9599302775711639 2357782 258728
0.9598827117075273 2359739 259877
0.9597066904465357 2369180 261930
0.9593006501025362 2394150 263474
0.9589937231743307 2412765 264901
0.9586974242916385 2431300 265714
0.9586443453208192 2434337 266143
0.9584529945590227 2446503 266472
0.9583904514208732 2449551 267508
0.9580715334845457 2468042 269842
0.9576851259277909 2491738 271378
0.9573517820276688 2513228 271655
0.9570476422814279 2529966 274777
0.956738647938029 2549096 275824
0.9564944785465856 2564625 276239
0.95643603961045 2567486 277194
0.9561346564178004 2585106 279254
0.9557681573036495 2607526 280766
0.9554399589702313 2627543 282180
0.9551135064540873 2646955 284085
0.9547856450327746 2668171 284278
0.9545307863390717 2683400 285691
0.9544726230582952 2685934 286955
0.9541066905690492 2707557 289227
0.9536950911753072 2732515 291146
0.953347305997204 2753582 292789
0.9529901179085171 2774970 294725
0.9526237413078591 2797761 295858
0.9523414089633628 2815785 296270
0.9522755579609038 2818896 297459
0.9519364559266132 2838981 299517
0.9515237232830615 2864164 301285
0.9511568566284317 2887689 301716
0.9508010315023538 2907241 305399
0.9504328018851151 2930353 306332
0.9501382335055107 2949107 306813
0.9500710348546293 2952126 308182
0.9497136476815163 2973160 310485
0.9493092612696716 2997632 312419
0.9493089549859393 2997652 312419
0.9486105208768352 3039174 316504
0.9482952324027362 3058427 317839
0.947993313213555 3077687 318294
0.9479268037010714 3080553 319771
0.9476375799725968 3096991 322219
0.9472443422886102 3120977 323911
0.9469215804914415 3140052 325912
0.9466044390007615 3160115 326558
0.9462793035046669 3181147 326757
0.9460259149728794 3197526 326924
0.9459584406666388 3197745 331111
0.9456583438656652 3215044 333408
0.9452726407614949 3238420 335218
0.9449277959072224 3259277 336879
0.9445583105266809 3282832 337451
0.9442157168578413 3305046 337608
0.9438781002996527 3326933 337767
0.9438068280751308 3327842 341512
0.943497787789172 3345476 344058
0.9430149774276546 3375358 345703
0.9426257826889354 3399093 347382
0.9426222297976399 3399320 347387
0.94261371510988 3399873 347390
