0.999999247706445 3 0
0.999999247706445 3 0
0.999999247706445 3 0
0.999999247706445 3 0
0.9999989969419267 4 0
0.9999989969419267 4 0
0.9999989969419267 4 0
0.9999967400612618 13 0
0.9999962385322251 15 0
0.9999962385322251 15 0
0.9999939816515602 24 0
0.9999939816515602 24 0
0.9999937308870419 25 0
0.9999924770644503 30 0
0.9999917247708953 33 0
0.9999917247708953 32 1
0.9999914740063769 33 1
0.9999904709483036 37 1
0.999989969419267 39 1
0.999989217125712 42 1
0.9999877125386021 48 1
0.9999864587160104 51 3
0.9999847033643822 58 3
0.9999824464837173 61 9
0.9999811926611256 65 10
0.9999801896030523 68 11
0.999979186544979 69 14
0.9999774311933507 76 14
0.9999771804288324 73 18
0.9999741712546125 83 20
0.9999724159029842 89 21
0.999970660551356 94 23
0.9999663975545444 108 26
0.9999611314996596 127 28
0.9999593761480313 125 37
0.9999563669738114 136 38
0.9999528562705549 147 41
0.9999508501544082 147 49
0.9999470886866334 158 53
0.9999453333350051 164 54
0.9999413211027119 177 57
0.9999393149865653 179 63
0.9999355535187904 187 70
0.9999317920510156 201 71
0.9999247706445025 228 72
0.9999232660573925 232 74
0.9999127339476228 269 79
0.9999072171282196 288 82
0.9999027033668898 298 90
0.9999011987797799 297 97
0.9998991926636333 303 99
0.9998976880765233 307 101
0.9998956819603767 304 112
0.9998934250797118 309 116
0.9998886605538636 307 137
0.9998856513796437 312 144
0.999878128444094 331 155
0.9998753700343923 335 162
0.9998718593311358 337 174
0.9998703547440259 333 184
0.9998648379246227 349 190
0.9998580672826279 352 214
0.9998540550503348 367 215
0.9998522996987065 357 232
0.9998512966406331 361 232
0.9998485382309316 355 249
0.9998470336438215 332 278
0.99984577982123 331 284
0.9998437737050834 325 298
0.9998430214115284 319 307
0.9998407645308635 316 319
0.9998400122373085 310 328
0.9998390091792352 282 360
0.9998377553566435 264 383
0.9998327400662771 272 395
0.9998317370082037 266 405
0.9998287278339839 252 431
0.999825718659764 258 437
0.999824214072654 257 444
0.9998227094855441 239 468
0.9998212048984341 226 487
0.9998191987822875 224 497
0.9998186972532509 216 507
0.9998174434306593 207 521
0.9998169419016226 196 534
0.9998166911371043 193 538
0.9998164403725859 183 549
0.999815688079031 166 569
0.999814935785476 153 585
0.9998129296693293 158 588
0.9998101712596278 145 612
0.9998036513821513 166 617
0.9998008929724498 158 636
0.9998003914434132 149 647
0.9997993883853398 147 653
0.9997991376208215 144 657
0.9997981345627481 142 663
0.9997973822691932 132 676
0.9997971315046749 122 687
0.9997963792111199 116 696
0.99979487462401 119 699
0.999792617743345 124 703
0.9997916146852717 124 707
0.9997886055110519 133 710
0.9997865993949052 135 716
0.999783339456167 147 717
0.9997795779883921 161 718
0.9997795779883921 141 738
0.9997773211077272 143 745
0.9997760672851356 140 753
0.9997753149915806 141 755
0.9997748134625439 132 766
0.9997728073463973 137 769
0.9997723058173607 133 775
0.9997715535238058 129 782
0.9997708012302507 129 785
0.9997700489366957 127 790
0.9997695474076591 125 794
0.9997690458786225 126 795
0.9997682935850675 124 800
0.9997677920560308 120 806
0.9997672905269942 119 809
0.9997665382334392 122 809
0.9997645321172925 107 832
0.9997635290592193 107 836
0.9997622752366276 108 840
0.9997615229430727 108 843
0.999761021414036 108 845
0.9997597675914445 105 853
0.9997585137688528 107 856
0.9997572599462612 109 859
0.9997560061236695 112 861
0.9997540000075229 115 866
0.9997527461849313 114 872
0.9997504893042664 123 872
0.9997494862461931 114 885
0.9997482324236014 116 888
0.9997477308945648 108 898
0.9997467278364915 110 900
0.9997447217203449 108 910
0.9997422140751616 114 914
0.9997394556654601 123 916
0.9997369480202768 130 919
0.999730929671837 150 923
0.9997279204976172 158 927
0.999723155971769 176 928
0.9997198960330307 184 933
0.9997163853297741 195 936
0.9997148807426642 199 938
0.9997128746265176 202 943
0.9997103669813343 209 946
0.9997091131587427 208 952
0.9997071070425961 211 957
0.9997063547490411 207 964
0.9997048501619312 205 972
0.9997043486328946 203 976
0.9997035963393396 203 979
0.9996998348715647 206 991
0.9996975779908998 202 1004
0.9996958226392715 202 1011
0.9996950703457165 203 1013
0.9996928134650516 208 1017
0.9996865443520935 223 1027
0.9996830336488369 193 1071
0.9996795229455804 203 1075
0.9996782691229887 198 1085
0.9996725015390673 204 1102
0.9996687400712924 216 1105
0.9996649786035174 231 1105
0.9996637247809258 232 1109
0.9996612171357426 242 1109
0.9996587094905593 246 1115
0.9996564526098944 245 1125
0.9996526911421195 240 1145
0.9996504342614546 245 1149
0.9996461712646431 262 1149
0.9996436636194598 266 1155
0.9996416575033132 260 1169
0.999639902151685 267 1169
0.9996371437419834 238 1209
0.9996351376258368 240 1215
0.9996333822742085 247 1215
0.9996316269225802 229 1240
0.9996271131612504 228 1259
0.9996213455773288 238 1272
0.9996118165256325 259 1289
0.999606801235266 270 1298
0.9995997798287529 283 1313
0.9995935107157948 300 1321
0.9995862385447634 321 1329
0.9995777125511403 350 1334
0.9995664281478156 389 1340
0.9995553945090093 429 1344
0.9995411009314648 477 1353
0.9995192844183705 544 1373
0.9994796636244752 693 1382
0.9994415474176896 839 1388
0.9994001712721661 1004 1388
0.9993575413040507 1174 1388
0.999308391458459 1327 1431
0.9992635046096787 1496 1441
0.9992178654673436 1665 1454
0.9991709725024167 1806 1500
0.999121822656825 1989 1513
0.9990734251047882 2141 1554
0.9990187584397934 2316 1597
0.9989618348941335 2472 1668
0.9988968868838872 2668 1731
0.9988304342865311 2878 1786
0.9987562079891068 3113 1847
0.9986824832207192 3320 1934
0.9986077553942583 3466 2086
0.9985290153355041 3506 2360
0.9984472661025301 3033 3159
0.9983349235983204 3180 3460
0.998221327271519 3333 3760
0.9981032171833879 3524 4040
0.9979642936402356 3824 4294
0.9978193517486437 4023 4673
0.9976816820280832 4300 4945
0.9975542936527739 4455 5298
0.9974359328001243 4606 5619
0.997303779898967 4814 5938
0.9971736331139561 5074 6197
0.9970424832708721 5382 6412
0.9969226178311126 5641 6631
0.9967799328201855 5872 6969
0.9966094129477244 6253 7268
0.9963789603553834 6960 7480
0.996156532227629 7590 7737
0.9959162998190734 8330 7955
0.9956173885132297 9281 8196
0.995319981794496 10182 8481
0.9950205689596157 11033 8824
0.9946817860953582 12033 9175
0.9942818166886295 13224 9579
0.9938407219008953 14628 9934
0.9933539879708261 16147 10356
0.992870513979495 17463 10968
0.9924010828011901 18718 11585
0.9919436883197649 19257 12870
0.9915096149385438 18776 15082
0.991081058376726 18390 17177
0.9906557617536464 17168 20095
0.9902362327144884 15938 22998
0.9897871134621677 15288 25439
0.9893226975742294 15437 27142
0.9888354621151235 15527 28995
0.9882599575455671 15266 31551
0.9876578719370681 15358 33860
0.9869620003987156 14551 37442
0.9862450646408237 14638 40214
0.9855175967731622 14706 43047
0.9847836090280242 15139 45541
0.9840388384085982 15739 47911
0.9833088628957535 16184 50377
0.9825264775985787 16913 52768
0.9816555724264351 17007 56147
0.9807768935542235 17315 59343
0.9800195847088812 16914 62764
0.9792279211245284 16811 66024
0.9784462881209086 16245 69707
0.9775829058843148 17112 72283
0.9766558294600663 18362 74730
0.9757109487550168 18034 78826
0.9747520252369412 17974 82710
0.9737369304667606 18117 86615
0.9727444045032292 18508 90182
0.9719600130899079 18552 93266
0.971189915254131 18223 96666
0.9702367593199768 18785 99905
0.9690381049223821 20039 103431
0.9679166859964317 20419 107523
0.966806802238324 21089 111279
0.9660003435473901 20331 115253
0.9650577197230055 20480 118863
0.9640463864205998 20413 122963
0.9629781295725343 21681 125955
0.9617072549936619 24375 128329
0.9603405883687893 27482 130672
0.9592570348851059 27460 135015
0.9586298728247745 25937 139039
0.9574580502306407 26681 142968
0.956270931000889 27482 146901
0.9551249371521426 28964 149989
0.9540852674591661 30944 152155
0.9531055304860694 31021 155985
0.9524234509962247 29753 159973
0.9520881788352239 27543 163520
0.9511259953784099 28231 166669
0.9502515795030098 29184 169203
0.9495040504738822 30133 171235
0.9488432859680952 30475 173528
0.9481150658068788 29010 177897
0.9476809924256577 26103 182535
0.9474743624625577 22654 186808
0.9467060199784092 21936 190590
0.9461179771829364 20670 194201
0.9456234695527991 19862 196981
0.9451517814938293 20191 198533
0.9447044175931371 17817 202691
0.9444293289165343 15681 205924
0.9442944176056753 13412 208731
0.943789879394805 12761 211394
0.9433540506619557 12967 212926
0.942971133242473 13188 214232
0.942722876369331 10890 217520
0.9426371149040638 8207 220545
0.9425325460999221 6124 223045
0.9423835919760369 4730 225033
0.9418028213515957 6646 225433
0.9413514452186102 7937 225942
0.94094721281507 9102 226389
0.9408125522687293 9111 226917
0.9402964788900159 10618 227468
0.9400098550455702 11121 228108
0.939871683795973 10769 229011
0.939406014085443 11609 230028
0.9390002770947927 12798 230457
0.9386599896434253 13386 231226
0.9383648398053566 13700 232089
0.9380548948607066 12724 234301
0.9378592985364129 11879 235926
0.9378317144393971 10321 237594
0.937443029435993 11362 238103
0.9373254208768984 10025 239909
0.9370403016195626 9972 241099
0.9368138612595149 10215 241759
0.9365635982702264 9305 243667
0.9364266808432208 8378 245140
0.9363519530167599 7349 246467
0.9360996839113247 7280 247542
0.9359136166387273 6929 248635
0.9357323138919782 6701 249586
0.9355645524292185 6712 250244
0.9353950356148307 5936 251696
0.935274919410553 5905 252206
0.9352147359261549 5448 252903
0.9349995799694318 5712 253497
0.934827053980824 5599 254298
0.9346808582666404 5492 254988
0.9345459469557814 5514 255504
0.9343949867157496 5536 256084
0.9342936778503462 5127 256897
0.9342425218886079 4580 257648
0.9340346381029163 4835 258222
0.9338982222049473 4905 258696
0.9337585463682402 4813 259345
0.9336314087574493 4645 260020
0.9334972497401453 4416 260784
0.9334077268071032 4112 261445
0.9333663506615795 3627 262095
0.9331807849180188 3857 262605
0.9330589133621128 3831 263117
0.932967384312924 3648 263665
0.9328700876798138 3698 264003
0.932770784930557 3606 264491
0.9327060876848291 3283 265072
0.9326692253006353 2811 265691
0.9325455983931009 2742 266253
0.9324345097114829 2718 266720
0.9323437329558492 2598 267202
0.9322592253131735 2605 267532
0.9321656901478382 2422 268088
