3 0
3 0
3 0
3 0
4 0
4 0
4 0
13 0
15 0
15 0
24 0
24 0
25 0
30 0
33 0
32 1
33 1
37 1
39 1
42 1
48 1
51 3
58 3
61 9
65 10
68 11
69 14
76 14
73 18
83 20
89 21
94 23
108 26
127 28
125 37
136 38
147 41
147 49
158 53
164 54
177 57
179 63
187 70
201 71
228 72
232 74
269 79
288 82
298 90
297 97
303 99
307 101
304 112
309 116
307 137
312 144
331 155
335 162
337 174
333 184
349 190
352 214
367 215
357 232
361 232
355 249
332 278
331 284
325 298
319 307
316 319
310 328
282 360
264 383
272 395
266 405
252 431
258 437
257 444
239 468
226 487
224 497
216 507
207 521
196 534
193 538
183 549
166 569
153 585
158 588
145 612
166 617
158 636
149 647
147 653
144 657
142 663
132 676
122 687
116 696
119 699
124 703
124 707
133 710
135 716
147 717
161 718
141 738
143 745
140 753
141 755
132 766
137 769
133 775
129 782
129 785
127 790
125 794
126 795
124 800
120 806
119 809
122 809
107 832
107 836
108 840
108 843
108 845
105 853
107 856
109 859
112 861
115 866
114 872
123 872
114 885
116 888
108 898
110 900
108 910
114 914
123 916
130 919
150 923
158 927
176 928
184 933
195 936
199 938
202 943
209 946
208 952
211 957
207 964
205 972
203 976
203 979
206 991
202 1004
202 1011
203 1013
208 1017
223 1027
193 1071
203 1075
198 1085
204 1102
216 1105
231 1105
232 1109
242 1109
246 1115
245 1125
240 1145
245 1149
262 1149
266 1155
260 1169
267 1169
238 1209
240 1215
247 1215
229 1240
228 1259
238 1272
259 1289
270 1298
283 1313
300 1321
321 1329
350 1334
389 1340
429 1344
477 1353
544 1373
693 1382
839 1388
1004 1388
1174 1388
1327 1431
1496 1441
1665 1454
1806 1500
1989 1513
2141 1554
2316 1597
2472 1668
2668 1731
2878 1786
3113 1847
3320 1934
3466 2086
3506 2360
3033 3159
3180 3460
3333 3760
3524 4040
3824 4294
4023 4673
4300 4945
4455 5298
4606 5619
4814 5938
5074 6197
5382 6412
5641 6631
5872 6969
6253 7268
6960 7480
7590 7737
8330 7955
9281 8196
10182 8481
11033 8824
12033 9175
13224 9579
14628 9934
16147 10356
17463 10968
18718 11585
19257 12870
18776 15082
18390 17177
17168 20095
15938 22998
15288 25439
15437 27142
15527 28995
15266 31551
15358 33860
14551 37442
14638 40214
14706 43047
15139 45541
15739 47911
16184 50377
16913 52768
17007 56147
17315 59343
16914 62764
16811 66024
16245 69707
17112 72283
18362 74730
18034 78826
17974 82710
18117 86615
18508 90182
18552 93266
18223 96666
18785 99905
20039 103431
20419 107523
21089 111279
20331 115253
20480 118863
20413 122963
21681 125955
24375 128329
27482 130672
27460 135015
25937 139039
26681 142968
27482 146901
28964 149989
30944 152155
31021 155985
29753 159973
27543 163520
28231 166669
29184 169203
30133 171235
30475 173528
29010 177897
26103 182535
22654 186808
21936 190590
20670 194201
19862 196981
20191 198533
17817 202691
15681 205924
13412 208731
12761 211394
12967 212926
13188 214232
10890 217520
8207 220545
6124 223045
4730 225033
6646 225433
7937 225942
9102 226389
9111 226917
10618 227468
11121 228108
10769 229011
11609 230028
12798 230457
13386 231226
13700 232089
12724 234301
11879 235926
10321 237594
11362 238103
10025 239909
9972 241099
10215 241759
9305 243667
8378 245140
7349 246467
7280 247542
6929 248635
6701 249586
6712 250244
5936 251696
5905 252206
5448 252903
5712 253497
5599 254298
5492 254988
5514 255504
5536 256084
5127 256897
4580 257648
4835 258222
4905 258696
4813 259345
4645 260020
4416 260784
4112 261445
3627 262095
3857 262605
3831 263117
3648 263665
3698 264003
3606 264491
3283 265072
2811 265691
2742 266253
2718 266720
2598 267202
2605 267532
2422 268088
