0.9999984492604953 114 16
0.999998103326298 143 16
0.9999976619619775 180 16
0.9999968746634597 246 16
0.9999942503350671 466 16
0.9999920077271679 653 17
0.9999904689164286 781 18
0.9999875940839622 1022 18
0.999985971771865 1156 20
0.9999826197887817 1437 20
0.9999772399155767 1880 28
0.9999752120254553 2050 28
0.9999561617870779 3622 53
0.9999453066105448 4530 55
0.9999308728043854 5738 57
0.9999132540178587 7188 84
0.9998895754184981 9166 91
0.9998529541086557 12194 133
0.9998172513137508 15163 157
0.9997632378639245 19601 247
0.9997350263337039 21896 317
0.9997032958176841 24513 360
0.9996533977919283 28667 389
0.9996065177438238 29586 3400
0.9995547826881931 33570 3753
0.9994758739049334 37998 5940
0.9993931717742698 43871 7000
0.999311769879037 48781 8914
0.9992592833111847 52351 9744
0.9992021445248184 52740 14145
0.9991434192126509 54933 16875
0.9990710831791382 58252 19620
0.9989885122648942 61247 23547
0.9989125856729897 65309 25850
0.998853741073168 68248 27844
0.9988056562197561 69839 30284
0.9987668758033725 72864 30510
0.998715713328482 69566 38097
0.9986485185928656 64647 48649
0.9985902465737843 63167 55014
0.9985426507997546 65491 56680
0.9985100017687973 64772 60136
0.9984748596258671 64532 63322
0.9984484016241635 62578 67494
0.9984330493030666 59865 71494
0.9983925630732279 58349 76404
0.9983574328590631 56646 81052
0.9983133083557709 53931 87466
0.9982901069070271 53483 89859
0.9982681341211217 52598 92586
0.9982456961133649 50703 96362
0.9982310714469588 48058 100233
0.9982029553468615 45969 104679
0.9981733600798521 44254 108875
0.9981510532885149 39439 115560
0.9981329931376676 40836 115677
0.9981179986795334 39794 117976
0.9981062130592975 38132 120626
0.9980924472640017 36198 123714
0.9980730391626618 34672 126867
0.9980555038774929 32886 130123
0.9980427639560233 30441 133636
0.9980321473547986 29155 135812
0.9980238330053003 28198 137466
0.9980180117677748 26459 139693
0.9980078126733398 24914 142093
0.9979940349492786 20987 147175
0.9979789092747249 20338 149092
0.9979650957643674 21378 149210
0.9979563161930175 20475 150849
0.9979496957282089 19910 151969
0.9979413813787105 19298 153278
0.997934283763285 18233 154938
0.9979232257977397 17537 156561
0.9979186928668798 16294 158184
0.9979096866489869 15739 159494
0.9979034956197335 15214 160538
0.9978961355714687 14396 161973
0.9978939645361621 13507 163044
0.9978793279409905 14016 163762
0.9978710374490231 13363 165110
0.9978645004855723 12731 166290
0.9978562815661973 12418 167292
0.9978529892269411 12009 167977
0.9978489095891672 11764 168564
0.9978456649649726 11092 169508
0.99783850770572 10861 170339
0.9978346427857236 10276 171248
0.9978266266553607 10366 171830
0.9978179663716651 10173 172749
0.9978147813912978 9751 173438
0.9978121451341396 9518 173892
0.9978099502413023 9407 174187
0.9978065505431573 8707 175172
0.9978036637819254 8066 176055
0.9977994767852626 7928 176544
0.9977940849832924 7786 177138
0.997787810452681 7819 177631
0.9977842318230546 7841 177909
0.9977799493962685 7858 178251
0.9977752136763963 7641 178865
0.9977750228161496 7140 179382
0.9977730068547935 6958 179733
0.9977666249652932 6908 180318
0.997766135885911 6504 180763
0.9977631417657903 6628 180890
0.9977611854482613 6183 181499
0.9977543860519713 6590 181662
0.9977501871265432 6154 182450
0.9977357175340875 7095 182722
0.9977299678691546 7440 182859
0.9977255422971835 7166 183504
0.9977183611804 7637 183635
0.9977124445127512 7726 184042
0.9977039512317715 7741 184739
0.9976992870844918 7521 185350
0.9976933227017813 7667 185704
0.9976853900727765 7922 186114
0.9976803561337688 7972 186486
0.9976775528738948 8068 186625
0.9976733897347629 8296 186746
0.9976689045189646 8328 187090
0.9976632383553897 7798 188095
0.9976575483342839 7564 188806
0.9976526575404613 7470 189310
0.9976476713165153 7178 190020
0.9976437944677535 6781 190742
0.9976373410056608 6882 191182
0.9976340128801083 6650 191693
0.9976297662396184 6500 192199
0.9976261637524613 6216 192785
0.997622215331107 6241 193091
0.9976177181865433 6373 193336
0.9976152131458049 6434 193485
0.99761209973803 6006 194174
0.9976088073987738 6278 194178
0.9976036303145811 5810 195080
0.9975969502059454 5963 195487
0.9975898525905199 6057 195988
0.9975853077308945 6135 196291
0.9975816217423794 6243 196492
0.997574583770781 6161 197164
0.997569907694736 6397 197320
0.9975632395148657 6546 197730
0.997556022611786 6631 198250
0.9975471714678437 6807 198816
0.997539358126493 7235 199043
0.9975347178367442 7488 199179
0.9975294095361318 7673 199439
0.9975223119207064 7865 199842
0.9975123036865181 8132 200414
0.9975005061375168 8840 200695
0.9974901996841931 9260 201139
0.9974829708523479 9215 201790
0.9974804061677824 9158 202062
0.9974697776377924 9363 202748
0.9974612247129856 9492 203336
0.9974458962494196 10366 203747
0.9974348502126398 10577 204462
0.9974210486310477 11066 205130
0.9974126149938951 11152 205751
0.997408022419208 11303 205985
0.9973934693253944 11923 206585
0.99738115883948 11985 207555
0.9973654247978897 12655 208204
0.9973484620934611 13410 208871
0.9973304496576755 14121 209670
0.997322135308177 14497 209991
0.9973159442789236 14585 210422
0.9972957488790658 15215 211485
0.9972788100321681 15202 212918
0.9972598910102104 16003 213703
0.9972409719882528 16670 214622
0.9972202517227166 17107 215922
0.9972103269898863 16983 216878
0.9972027760813748 17234 217260
0.9971833560512694 18193 217929
0.9971659281249894 17969 219614
0.9971489057767337 18034 220976
0.9971302849739115 18372 222199
0.997111735743682 18650 223476
0.9971032782489985 18746 224089
0.9970976717292506 18722 224583
0.9970798143674154 18704 226098
0.9970653447749598 18305 227710
0.9970486922184321 18185 229226
0.9970316460126455 17993 230847
0.997014432804143 18154 232129
0.9970051880109418 18159 232899
0.9969971957381097 18183 233545
0.9969745549413408 18591 235035
0.9969586777545655 18242 236715
0.9969410708968041 18307 238126
0.9969206011353418 18521 239628
0.996901682113384 19038 240697
0.9968887751891986 19512 241305
0.9968778007250113 19842 241895
0.9968600865083611 19849 243373
0.9968387101607268 20535 244479
0.9968165823008709 20873 245996
0.9967905895210185 21235 247813
0.9967643581658578 22207 249040
0.9967442581961236 23034 249898
0.9967319357814436 23383 250582
0.9967129094005972 23514 252046
0.9966908173270376 23314 254098
0.9966715762284135 23896 255129
0.9966438895638714 24144 257202
0.9966156661048854 25097 258615
0.9965999917071223 25463 259563
0.9965843292381246 26009 260330
0.9965569885077796 26470 262161
0.9965350395794051 25776 264695
0.9965059095342471 26557 266356
0.9964745845962516 27810 267729
0.9964407665462831 29134 269240
0.9964210482970423 29580 270447
0.9964026064257014 30038 271535
0.9963656272528965 29495 275178
0.9963363540625534 29814 277313
0.9962885197132153 31833 279304
0.9962312139241329 34387 281554
0.9961768903264059 37178 283317
0.9961414857506364 38909 284554
0.9961075364842483 39700 286609
0.9960295104296297 44819 288031
0.9959762604207906 47099 290215
0.9958906953864259 51115 293372
0.9957997981939181 56231 295876
0.9957080063440037 61002 298800
0.995650008686527 63750 300914
0.9956022101234852 65426 303245
0.9955020442802452 70554 306514
0.9954003754125623 75966 309625
0.9952532818061564 83838 314084
0.9951822817943707 85135 318739
0.9950215297515577 95025 322325
0.9948967787227851 101649 326159
0.9947788032327718 107632 330066
0.9946289779390843 115115 335143
0.994471983457379 125601 337818
0.9942787136000284 132639 346982
0.9940552520373973 147613 350741
0.993824048706008 155424 362312
0.9936564018367817 164897 366893
0.9935066242581561 170288 374058
0.9932053990737457 186430 383168
0.9931155396838295 193023 384108
0.9927400221483773 213650 394961
0.9924708972717148 225446 405726
0.9921986828448083 236943 417049
0.9920302248195333 243324 424790
0.9918571384332749 250101 432523
0.9917793390251994 234117 455029
0.9914626660895689 257510 458183
0.9911954498153738 265596 472498
0.9909003560163897 276408 486424
0.9906348097693535 284776 500317
0.9904601726435904 288226 511507
0.9904218455202929 284659 518287
0.9902479241204551 282380 535146
0.9899350206746976 293272 550485
0.9896519868575543 299822 567662
0.9893652074080687 306902 584623
0.9890957008109127 312420 601698
0.988930224976993 312938 615052
0.9888780127707454 306581 625786
0.9887055824665852 301987 644835
0.988510308576644 299290 663902
0.9881203930213287 314296 681583
0.987858544691573 316653 701177
0.9876101997242738 317425 721224
0.9874450459670204 317709 734785
0.9874069097039696 308588 747103
0.9872372707309179 303999 765913
0.9869418429265021 308121 786557
0.986664200911329 310730 807223
0.9863827894062829 312356 829188
0.98619228702251 307002 850512
0.9858806360971217 312221 871419
0.9857504932663789 307276 887274
0.9856854099222421 291871 908135
0.9853363384597282 300209 929060
0.9850370576640815 304626 949732
0.9846465814567914 316115 970977
0.9843219162483289 326504 987805
0.984061964592275 338270 997831
0.983886504381698 337997 1012813
0.9838095519159673 322550 1034711
0.9834060614256029 335821 1055265
0.9830154659306587 343080 1080750
0.9826554677190191 350038 1103971
0.9822638463502487 365103 1121736
0.9820052426446875 375232 1133286
0.9819283736803147 364837 1150125
0.9816986733733685 359165 1175053
0.9812674127171042 370831 1199540
0.980864721454023 377748 1226381
0.9805490028196261 380989 1249607
0.9805234752616253 367188 1265548
0.9803623892133805 363009 1283231
0.9802144844509258 356310 1302329
0.9800474340199705 346566 1326077
0.979815228672286 340085 1352024
0.9792301943009798 361971 1379182
0.9789991699010718 376021 1384499
0.9789739167046757 339748 1422889
0.9788438573752909 338250 1435290
0.9787203230805913 326954 1456942
0.9785733606906049 315026 1481190
0.9783544797738954 305497 1509068
0.9780364231014761 307211 1534017
0.9774956563786472 330555 1556006
0.9772680913207114 332473 1573165
0.9769958291787432 341659 1586803
0.9769845207091241 321567 1607843
0.9768448825811061 309146 1631970
0.9765203008740015 308676 1659650
0.976215330057249 309114 1684778
0.9759607344168693 308634 1706601
0.9758582305356068 313947 1709881
0.9756814820183642 311702 1726943
0.9755444920762698 293688 1756441
0.9754341152098296 298923 1760459
0.9752881906224349 264905 1806710
0.9749422206389304 272289 1828329
0.974843486247541 260371 1848524
0.9746482600726615 259654 1865607
0.9744999855184788 259657 1878034
0.9743797674205662 254503 1893266
0.974297614013112 241593 1913063
0.9741856386921054 228491 1935552
0.973999120515983 81408 2098271
0.9738215847002227 223178 1971384
0.9736685267111063 233143 1974250
0.9734595585984617 228877 1996034
0.9734506358819268 228450 1997209
0.9733710948740998 207136 2025191
0.9732793626680125 194811 2045206
0.9731304081742008 188897 2063607
0.9729749525032347 184599 2080937
0.9728457043298985 181879 2094492
0.9727427352267847 181464 2103539
0.9726631703614268 177309 2114364
0.9726077016022193 179792 2116531
0.972539373633888 157079 2144972
0.9724290802688057 150850 2160447
0.9723106514857063 147493 2173732
0.9722009426301296 145309 2185113
0.97212359651514 143914 2192992
0.9720658851480334 139704 2202040
0.972004666723893 133319 2213557
0.9719344062955634 125837 2226929
0.971819914005053 123320 2239044
0.9717024753094835 122594 2249615
0.9715945199824236 122310 2258949
0.9715090861644787 123473 2264948
0.9714363922680033 122459 2272056
0.9713769393011452 118697 2280802
0.9713081818972586 114506 2290757
0.9711796613786131 115794 2300243
0.971048063238489 125676 2301393
0.9709354914792113 119394 2317112
0.970843985919667 121115 2323062
