114 16
143 16
180 16
246 16
466 16
653 17
781 18
1022 18
1156 20
1437 20
1880 28
2050 28
3622 53
4530 55
5738 57
7188 84
9166 91
12194 133
15163 157
19601 247
21896 317
24513 360
28667 389
29586 3400
33570 3753
37998 5940
43871 7000
48781 8914
52351 9744
52740 14145
54933 16875
58252 19620
61247 23547
65309 25850
68248 27844
69839 30284
72864 30510
69566 38097
64647 48649
63167 55014
65491 56680
64772 60136
64532 63322
62578 67494
59865 71494
58349 76404
56646 81052
53931 87466
53483 89859
52598 92586
50703 96362
48058 100233
45969 104679
44254 108875
39439 115560
40836 115677
39794 117976
38132 120626
36198 123714
34672 126867
32886 130123
30441 133636
29155 135812
28198 137466
26459 139693
24914 142093
20987 147175
20338 149092
21378 149210
20475 150849
19910 151969
19298 153278
18233 154938
17537 156561
16294 158184
15739 159494
15214 160538
14396 161973
13507 163044
14016 163762
13363 165110
12731 166290
12418 167292
12009 167977
11764 168564
11092 169508
10861 170339
10276 171248
10366 171830
10173 172749
9751 173438
9518 173892
9407 174187
8707 175172
8066 176055
7928 176544
7786 177138
7819 177631
7841 177909
7858 178251
7641 178865
7140 179382
6958 179733
6908 180318
6504 180763
6628 180890
6183 181499
6590 181662
6154 182450
7095 182722
7440 182859
7166 183504
7637 183635
7726 184042
7741 184739
7521 185350
7667 185704
7922 186114
7972 186486
8068 186625
8296 186746
8328 187090
7798 188095
7564 188806
7470 189310
7178 190020
6781 190742
6882 191182
6650 191693
6500 192199
6216 192785
6241 193091
6373 193336
6434 193485
6006 194174
6278 194178
5810 195080
5963 195487
6057 195988
6135 196291
6243 196492
6161 197164
6397 197320
6546 197730
6631 198250
6807 198816
7235 199043
7488 199179
7673 199439
7865 199842
8132 200414
8840 200695
9260 201139
9215 201790
9158 202062
9363 202748
9492 203336
10366 203747
10577 204462
11066 205130
11152 205751
11303 205985
11923 206585
11985 207555
12655 208204
13410 208871
14121 209670
14497 209991
14585 210422
15215 211485
15202 212918
16003 213703
16670 214622
17107 215922
16983 216878
17234 217260
18193 217929
17969 219614
18034 220976
18372 222199
18650 223476
18746 224089
18722 224583
18704 226098
18305 227710
18185 229226
17993 230847
18154 232129
18159 232899
18183 233545
18591 235035
18242 236715
18307 238126
18521 239628
19038 240697
19512 241305
19842 241895
19849 243373
20535 244479
20873 245996
21235 247813
22207 249040
23034 249898
23383 250582
23514 252046
23314 254098
23896 255129
24144 257202
25097 258615
25463 259563
26009 260330
26470 262161
25776 264695
26557 266356
27810 267729
29134 269240
29580 270447
30038 271535
29495 275178
29814 277313
31833 279304
34387 281554
37178 283317
38909 284554
39700 286609
44819 288031
47099 290215
51115 293372
56231 295876
61002 298800
63750 300914
65426 303245
70554 306514
75966 309625
83838 314084
85135 318739
95025 322325
101649 326159
107632 330066
115115 335143
125601 337818
132639 346982
147613 350741
155424 362312
164897 366893
170288 374058
186430 383168
193023 384108
213650 394961
225446 405726
236943 417049
243324 424790
250101 432523
234117 455029
257510 458183
265596 472498
276408 486424
284776 500317
288226 511507
284659 518287
282380 535146
293272 550485
299822 567662
306902 584623
312420 601698
312938 615052
306581 625786
301987 644835
299290 663902
314296 681583
316653 701177
317425 721224
317709 734785
308588 747103
303999 765913
308121 786557
310730 807223
312356 829188
307002 850512
312221 871419
307276 887274
291871 908135
300209 929060
304626 949732
316115 970977
326504 987805
338270 997831
337997 1012813
322550 1034711
335821 1055265
343080 1080750
350038 1103971
365103 1121736
375232 1133286
364837 1150125
359165 1175053
370831 1199540
377748 1226381
380989 1249607
367188 1265548
363009 1283231
356310 1302329
346566 1326077
340085 1352024
361971 1379182
376021 1384499
339748 1422889
338250 1435290
326954 1456942
315026 1481190
305497 1509068
307211 1534017
330555 1556006
332473 1573165
341659 1586803
321567 1607843
309146 1631970
308676 1659650
309114 1684778
308634 1706601
313947 1709881
311702 1726943
293688 1756441
298923 1760459
264905 1806710
272289 1828329
260371 1848524
259654 1865607
259657 1878034
254503 1893266
241593 1913063
228491 1935552
81408 2098271
223178 1971384
233143 1974250
228877 1996034
228450 1997209
207136 2025191
194811 2045206
188897 2063607
184599 2080937
181879 2094492
181464 2103539
177309 2114364
179792 2116531
157079 2144972
150850 2160447
147493 2173732
145309 2185113
143914 2192992
139704 2202040
133319 2213557
125837 2226929
123320 2239044
122594 2249615
122310 2258949
123473 2264948
122459 2272056
118697 2280802
114506 2290757
115794 2300243
125676 2301393
119394 2317112
121115 2323062
