0.9999993278237931 7 0
0.9999993278237931 7 0
0.9999993278237931 7 0
0.9999991357734482 9 0
0.9999970232196549 31 0
0.999995678867241 45 0
0.9999955828420686 46 0
0.9999929901624132 73 0
0.9999929901624132 73 0
0.9999914537596544 89 0
0.9999904935079301 98 1
0.9999904935079301 98 1
0.9999817552172396 189 1
0.9999781062606876 217 11
0.999968215667928 319 12
0.999968215667928 319 12
0.9999628382582724 374 13
0.9999598614779273 405 13
0.9999598614779273 404 14
0.9999524675396507 470 25
0.9999491066586159 498 32
0.9999400802924082 590 34
0.9999332625051661 659 36
0.9999286532968898 694 49
0.9999211633334408 763 58
0.9999143455461988 830 62
0.9999072396834395 886 80
0.9998981172920595 977 84
0.9998889949006793 1066 90
0.9998836174910236 1117 95
0.9998738229234364 1213 101
0.9998641243810218 1313 102
0.9998517371337792 1430 114
0.999845111396882 1472 141
0.9998393498865367 1527 146
0.9998333963258464 1584 151
0.999831475822398 1407 348
0.9998240818841214 1482 350
0.9998190885751554 1532 352
0.9998122707879135 1599 356
0.9998068933782578 1650 361
0.9998001716161882 1719 362
0.9997970027854982 1747 367
0.9997940260051531 1777 368
0.9997916253758425 1800 370
0.9997895128220492 1821 371
0.9997880724444629 1833 374
0.9997864400165317 1847 377
0.999785383739635 1856 379
0.999785383739635 1853 382
0.9997844234879109 1860 385
0.9997694435610128 1703 698
0.9997687713848059 1710 698
0.9997634900003226 1761 702
0.9997608973206672 1783 707
0.9997593609179085 1799 707
0.9997583046410118 1806 711
0.9997566722130806 1821 713
0.9997535994075631 1851 715
0.9997526391558389 1860 716
0.9997511987782526 1077 1514
0.9997491822496316 1098 1514
0.9997484140482522 1103 1517
0.9997478378972178 1108 1518
0.9997472617461832 1112 1520
0.999746301494459 1122 1520
0.9997442849658381 1142 1521
0.9997428445882517 1156 1522
0.9997415962610102 1167 1524
0.9997397717827342 1185 1525
0.9997391956316997 1191 1525
0.9997382353799754 1201 1525
0.9997365069268719 1218 1526
0.9997349705241131 1231 1529
0.9997340102723888 1240 1530
0.999730169265492 1276 1534
0.9997293050389401 1283 1536
0.9997278646613538 1297 1537
0.9997276726110089 1297 1539
0.9997272885103192 1301 1539
0.999726328258595 1310 1540
0.9997260401830778 1311 1542
0.9997240236544569 1331 1543
0.999723831604112 1331 1545
0.9997236395537672 1333 1545
0.9997232554530775 1336 1546
0.9997222952013533 1345 1547
0.9997212389244566 1356 1547
0.9997209508489393 1357 1549
0.9997206627734221 1360 1549
0.9997200866223875 1366 1549
0.9997198945720427 1368 1549
0.9997197985468703 1365 1553
0.9997179740685942 1384 1553
0.9997179740685942 1384 1553
0.9997165336910079 1398 1554
0.9997150933134216 1413 1554
0.9997138449861801 1426 1554
0.9997122125582488 1443 1554
0.9997072192492829 1493 1556
0.9997063550227311 1501 1557
0.9997053947710068 1511 1557
0.9997034742675583 1531 1557
0.99970155376411 1551 1557
0.9997011696634203 1555 1557
0.9997003054368685 1564 1557
0.9996990571096269 1576 1558
0.999697712757213 1589 1559
0.9996924313727298 1642 1561
0.9996901267685916 1665 1562
0.9996891665168673 1674 1563
0.9996873420385913 1692 1564
0.9996863817868671 1702 1564
0.9996843652582462 1723 1564
0.9996829248806599 1738 1564
0.9996821566792805 1746 1564
0.9996811004023839 1756 1565
0.9996789878485906 1778 1565
0.9996767792696248 1801 1565
0.9996758190179006 1811 1565
0.9996744746654868 1825 1565
0.9996726501872106 1843 1566
0.9996704416082449 1866 1566
0.999667944953762 1892 1566
0.9996652562489341 1920 1566
0.9996628556196235 1945 1566
0.9996620874182441 1953 1566
0.9996579583358299 1996 1566
0.9996553656561745 2022 1567
0.9996521968254847 2055 1567
0.9996473955668634 2105 1567
0.9996416340565181 2165 1567
0.9996377930496212 2205 1567
0.9996348162692761 2236 1567
0.9996326076903104 2259 1567
0.9996271342554822 2316 1567
0.9996245415758268 2343 1567
0.9996217568458265 2372 1567
0.999619356216516 2396 1568
0.99961753173824 2415 1568
0.9996152271341019 2439 1568
0.9996147470082397 2443 1569
0.9996112901020325 2477 1571
0.9996085053720323 2503 1574
0.9996053365413423 2535 1575
0.9996029359120318 2560 1575
0.9995999591316866 2591 1575
0.9995973664520312 2617 1576
0.9995941015961688 2651 1576
0.9995891082872028 2702 1577
0.9995836348523748 2759 1577
0.9995773932161672 2824 1577
0.9995700953030632 2897 1580
0.9995595325340966 3007 1580
0.9995523306461649 3080 1582
0.9995451287582332 3154 1583
0.9995337977878873 842 4013
0.9995223707923689 960 4014
0.999508063041678 1109 4014
0.9994939473413319 1256 4014
0.999479447540296 1406 4015
0.9994600504554666 1607 4016
0.9994479512837413 1732 4017
0.9994294184254637 1924 4018
0.9994068525099443 2157 4020
0.9993872633747701 2356 4025
0.999363161056492 2605 4027
0.9993414593675244 2828 4030
0.9993206219051087 3043 4032
0.9993065062047626 3188 4034
0.9992824999116569 3436 4036
0.9992621425751033 3645 4039
0.9992381362819975 3895 4039
0.9992185471468232 4096 4042
0.9991952130299245 4337 4044
0.9991680379061288 4618 4046
0.9991531540044033 4773 4046
0.9991370217754363 4940 4047
0.9991088863999165 5228 4052
0.9990847840816383 5473 4058
0.9990589533102565 5737 4063
0.9990419568547377 5913 4064
0.9990268809026673 6068 4066
0.999009308296114 6247 4070
0.9989894310854225 3767 6757
0.9989670572202479 3998 6759
0.9989439151536941 4234 6764
0.9989245180688646 4435 6765
0.998906657386794 4620 6766
0.9988934059129997 4754 6770
0.9988800584140329 4888 6775
0.9988638301598934 4280 7552
0.9988400159171326 4525 7555
0.9988042945529912 4893 7559
0.998777215454368 5172 7562
0.9987482158522963 5472 7564
0.9987286267171221 5673 7567
0.998711342186086 5848 7572
0.9986815743826349 4571 9159
0.9986517105540115 4879 9162
0.9986172375171117 5229 9171
0.9985847810088327 5565 9173
0.9985617349674513 5801 9177
0.998545986839174 5958 9184
0.9985024874360664 6405 9190
0.9984705110536497 5135 10793
0.9984361340419223 5488 10798
0.9984033894581261 5820 10807
0.9983759262588132 6103 10810
0.9983456783295 6411 10817
0.9983249368922567 6624 10820
0.9982996822719095 6883 10824
0.9982597358001816 6049 12074
0.9982259349394887 6398 12077
0.998186468593623 6807 12079
0.9981422970143086 7262 12084
0.9981166582932717 7522 12091
0.9980946685287868 7747 12095
0.99806586097706 8039 12103
0.9980275469332632 6922 13619
0.9979885607132596 7324 13623
0.9979468857884282 7752 13629
0.9979093399460108 8142 13630
0.9978799562432494 8443 13635
0.9978530691949711 8710 13648
0.9978248377942788 8997 13655
0.9977856595239303 6161 16899
0.9977438885739264 6589 16906
0.9977004851959912 7028 16919
0.9976521845342625 7523 16927
0.9976059004011547 7995 16937
0.9975638413756336 8424 16946
0.9975223585011469 8845 16957
0.9974583097111409 6192 20277
0.9973752479369952 7051 20283
0.9972905537349183 7918 20298
0.9972097965649107 8749 20308
0.9971200130286954 9679 20313
0.9970441531424814 10459 20323
0.9969755911693715 11166 20330
0.9968549835528084 12410 20342
0.9967064326110704 10622 23677
0.9965901461272664 11821 23689
0.9964282476865616 13502 23694
0.9962309159572327 15551 23700
0.9960697857179073 17220 23709
0.9959592607444486 18364 23716
0.9957512702209808 20517 23729
0.99549718761475 23145 23747
0.9952172742371376 26031 23776
0.994982300640219 28465 23789
0.9947369563246787 30986 23823
0.9945555647739721 32840 23858
0.9944125832922346 34288 23899
0.9941837553063511 36630 23940
0.9939195900570159 39338 23983
0.9936011705852619 42604 24033
0.9933094461114415 45604 24071
0.9930372147476229 48401 24109
0.9928744520803662 50025 24180
0.9926633887513808 52164 24239
0.9924308157837728 54523 24302
0.992122671005468 57672 24362
0.9918127977740597 60840 24421
0.9915678375592091 63319 24493
0.9913461154360849 65520 24601
0.9912022697277956 66915 24704
0.9910690828136451 68218 24788
0.9908644531712121 70248 24889
0.9906579030253306 72312 24976
0.9904641242273815 74231 25075
0.9902738983608119 76111 25176
0.9901061423845893 77737 25297
0.9899915843538889 78832 25395
0.9898913340738794 79791 25480
0.9896801747197217 81879 25591
0.9894703597179779 83975 25680
0.9892896403434782 85757 25780
0.9891313908593254 16617 96568
0.9889985880458647 17902 96666
0.9889118773151669 18704 96767
0.9887918458496384 19865 96856
0.9886647085213506 21087 96958
0.9885038663575424 22667 97053
0.9883566597682183 24119 97134
0.9882227046526885 25412 97236
0.9881080505968156 26538 97304
0.9880416011774991 27145 97389
0.9879802410923209 27722 97451
0.9878651069105859 28823 97549
0.987751317081265 29923 97634
0.9876406000574615 30998 97712
0.987556674056764 31776 97808
0.987470155376411 32619 97866
0.9874137886001988 33136 97936
0.9873633753846769 33576 98021
0.9872833864160486 34326 98104
0.9871936028798334 35199 98166
0.9871100609798255 36014 98221
0.9870508134484406 36581 98271
0.9870256548532659 36797 98317
0.9869928142442973 37086 98370
0.9869472022873964 37495 98436
0.9868468559822146 38482 98494
0.9867564002697923 39366 98552
0.9866669048090942 40248 98602
0.9866095777811579 40802 98645
0.986584419185983 41024 98685
0.9865469693687382 41378 98721
0.9865059666201137 41751 98775
0.9864169512852777 42638 98815
0.9863387867949256 43404 98863
0.9862898139569899 43867 98910
0.9862209639083628 44535 98959
0.986144239795597 45302 98991
0.9861015085938688 45711 99027
0.9860591614928303 46113 99066
0.9859784043228228 46927 99093
0.9859142595076443 47570 99118
0.9858571245300528 48132 99151
0.9858017180055648 48675 99185
0.9857527451676292 49165 99205
0.985729987201765 49374 99233
0.9856994511969346 49673 99252
0.9856478856793435 50180 99282
0.9855988168162355 50664 99309
0.9855502280789895 51145 99334
0.985496261932088 51679 99362
0.9854381667027722 52260 99386
0.9854060942951829 52570 99410
0.9853646114206963 52977 99435
0.9852864469303441 53770 99456
0.9852041533575777 54595 99488
0.9851356874096403 55290 99506
0.9850509932075634 56150 99528
0.9849746531954873 56930 99543
0.9849281770120346 57397 99560
0.9848765154692711 57902 99593
0.984759268733743 59101 99615
0.9846488397854567 60224 99642
0.9845461888761368 61268 99667
0.9844336473740573 62421 99686
0.9843274435333577 63498 99715
0.9842570570819716 64210 99736
0.9841966572485178 64814 99761
0.9840533876912629 66286 99781
0.9839110783857323 67751 99798
0.983784037082617 69052 99820
0.9836522905460529 70403 99841
0.9835349477853522 71599 99867
0.9834713791212083 72238 99890
0.983404545601202 72908 99916
0.983300742389813 73960 99945
0.9832283394098063 74701 99958
0.9830939041684144 76074 99985
0.9829561080459877 77481 100013
0.9828193682004576 78882 100036
0.9827344819480358 79741 100061
0.982650940048028 80587 100085
0.9824482309090434 82676 100107
0.9822654950059229 84551 100135
0.982094282123493 86295 100174
0.9819279665248567 87998 100203
0.9817714454938076 89599 100232
