7 0
7 0
7 0
9 0
31 0
45 0
46 0
73 0
73 0
89 0
98 1
98 1
189 1
217 11
319 12
319 12
374 13
405 13
404 14
470 25
498 32
590 34
659 36
694 49
763 58
830 62
886 80
977 84
1066 90
1117 95
1213 101
1313 102
1430 114
1472 141
1527 146
1584 151
1407 348
1482 350
1532 352
1599 356
1650 361
1719 362
1747 367
1777 368
1800 370
1821 371
1833 374
1847 377
1856 379
1853 382
1860 385
1703 698
1710 698
1761 702
1783 707
1799 707
1806 711
1821 713
1851 715
1860 716
1077 1514
1098 1514
1103 1517
1108 1518
1112 1520
1122 1520
1142 1521
1156 1522
1167 1524
1185 1525
1191 1525
1201 1525
1218 1526
1231 1529
1240 1530
1276 1534
1283 1536
1297 1537
1297 1539
1301 1539
1310 1540
1311 1542
1331 1543
1331 1545
1333 1545
1336 1546
1345 1547
1356 1547
1357 1549
1360 1549
1366 1549
1368 1549
1365 1553
1384 1553
1384 1553
1398 1554
1413 1554
1426 1554
1443 1554
1493 1556
1501 1557
1511 1557
1531 1557
1551 1557
1555 1557
1564 1557
1576 1558
1589 1559
1642 1561
1665 1562
1674 1563
1692 1564
1702 1564
1723 1564
1738 1564
1746 1564
1756 1565
1778 1565
1801 1565
1811 1565
1825 1565
1843 1566
1866 1566
1892 1566
1920 1566
1945 1566
1953 1566
1996 1566
2022 1567
2055 1567
2105 1567
2165 1567
2205 1567
2236 1567
2259 1567
2316 1567
2343 1567
2372 1567
2396 1568
2415 1568
2439 1568
2443 1569
2477 1571
2503 1574
2535 1575
2560 1575
2591 1575
2617 1576
2651 1576
2702 1577
2759 1577
2824 1577
2897 1580
3007 1580
3080 1582
3154 1583
842 4013
960 4014
1109 4014
1256 4014
1406 4015
1607 4016
1732 4017
1924 4018
2157 4020
2356 4025
2605 4027
2828 4030
3043 4032
3188 4034
3436 4036
3645 4039
3895 4039
4096 4042
4337 4044
4618 4046
4773 4046
4940 4047
5228 4052
5473 4058
5737 4063
5913 4064
6068 4066
6247 4070
3767 6757
3998 6759
4234 6764
4435 6765
4620 6766
4754 6770
4888 6775
4280 7552
4525 7555
4893 7559
5172 7562
5472 7564
5673 7567
5848 7572
4571 9159
4879 9162
5229 9171
5565 9173
5801 9177
5958 9184
6405 9190
5135 10793
5488 10798
5820 10807
6103 10810
6411 10817
6624 10820
6883 10824
6049 12074
6398 12077
6807 12079
7262 12084
7522 12091
7747 12095
8039 12103
6922 13619
7324 13623
7752 13629
8142 13630
8443 13635
8710 13648
8997 13655
6161 16899
6589 16906
7028 16919
7523 16927
7995 16937
8424 16946
8845 16957
6192 20277
7051 20283
7918 20298
8749 20308
9679 20313
10459 20323
11166 20330
12410 20342
10622 23677
11821 23689
13502 23694
15551 23700
17220 23709
18364 23716
20517 23729
23145 23747
26031 23776
28465 23789
30986 23823
32840 23858
34288 23899
36630 23940
39338 23983
42604 24033
45604 24071
48401 24109
50025 24180
52164 24239
54523 24302
57672 24362
60840 24421
63319 24493
65520 24601
66915 24704
68218 24788
70248 24889
72312 24976
74231 25075
76111 25176
77737 25297
78832 25395
79791 25480
81879 25591
83975 25680
85757 25780
16617 96568
17902 96666
18704 96767
19865 96856
21087 96958
22667 97053
24119 97134
25412 97236
26538 97304
27145 97389
27722 97451
28823 97549
29923 97634
30998 97712
31776 97808
32619 97866
33136 97936
33576 98021
34326 98104
35199 98166
36014 98221
36581 98271
36797 98317
37086 98370
37495 98436
38482 98494
39366 98552
40248 98602
40802 98645
41024 98685
41378 98721
41751 98775
42638 98815
43404 98863
43867 98910
44535 98959
45302 98991
45711 99027
46113 99066
46927 99093
47570 99118
48132 99151
48675 99185
49165 99205
49374 99233
49673 99252
50180 99282
50664 99309
51145 99334
51679 99362
52260 99386
52570 99410
52977 99435
53770 99456
54595 99488
55290 99506
56150 99528
56930 99543
57397 99560
57902 99593
59101 99615
60224 99642
61268 99667
62421 99686
63498 99715
64210 99736
64814 99761
66286 99781
67751 99798
69052 99820
70403 99841
71599 99867
72238 99890
72908 99916
73960 99945
74701 99958
76074 99985
77481 100013
78882 100036
79741 100061
80587 100085
82676 100107
84551 100135
86295 100174
87998 100203
89599 100232
