0 0
0 0
0 0
0 0
0 0
0 0
0 0
0 0
0 0
0 0
0 0
0 0
0 0
1 0
1 0
1 1
5 1
5 1
8 1
11 1
16 1
18 1
19 1
20 1
19 5
20 5
23 5
23 11
23 11
25 11
25 13
26 13
34 13
37 13
44 17
44 17
52 18
57 20
67 20
75 20
106 20
115 22
131 24
132 24
143 24
156 24
172 24
186 28
207 28
229 28
261 28
263 31
284 32
343 41
389 41
415 58
436 64
466 64
466 64
479 78
517 82
556 88
599 89
614 89
632 98
665 98
691 107
719 113
775 125
839 128
916 136
977 137
1052 147
1192 150
1360 158
1478 165
1592 171
1592 171
1739 173
1935 198
2061 204
2242 270
2470 273
2755 299
3108 316
3427 333
3602 352
3584 561
3703 645
3869 738
3931 808
4244 843
4425 911
4639 947
4688 1072
5017 1137
5216 1269
5429 1363
5542 1513
5912 1590
6164 1702
6401 1820
6660 1901
6929 2053
7320 2171
7575 2270
7907 2365
8192 2514
8619 2632
9129 2739
9607 2902
9683 3072
9903 3242
10404 3365
11061 3479
11288 3531
12047 3572
12128 3700
12568 3829
13051 3879
13493 3916
14129 3967
14963 4048
15950 4122
17098 4195
18251 4250
18919 4329
19562 4410
20208 4579
20640 4771
21769 4889
22456 5163
23353 5245
23922 5433
24177 5565
25117 5755
26100 5974
26728 6211
27377 6432
13228 24814
13827 24850
11998 27041
12013 28216
11806 29329
11704 30488
11464 31819
11748 32744
11707 33346
11093 34216
11175 35276
11282 36323
11330 37496
11049 38740
11147 39832
10895 40411
10183 41359
10043 42322
10238 43271
10150 44189
9967 45303
9920 46269
9796 46809
9176 47811
9291 48675
9428 49661
9683 50601
9732 51696
9775 52538
9491 53071
9025 53919
9058 54789
9052 55829
9126 56857
9095 57846
8999 58857
8816 59372
8187 60346
9130 60521
9269 61445
9530 62326
9678 63243
9788 63891
9491 64421
9246 64828
9180 65713
9166 66478
9155 67203
9186 67854
9041 68440
8700 68983
8382 69446
8369 70352
8417 71205
8461 71845
8377 72632
8306 73352
8025 73884
7848 74324
7717 74967
7353 75571
7368 76296
7520 76824
7550 77602
7466 77978
7385 78296
7617 79006
7829 79613
7638 80295
7942 80936
8205 81497
8165 81927
7962 82301
8076 82892
8244 83502
8348 84061
8357 84733
8423 85325
8216 85747
8052 86130
8080 86790
8333 87371
8395 88085
8236 88699
8133 89411
7749 89966
7423 90403
7226 91154
7248 91846
7381 92384
7459 92972
7512 93516
7220 94140
7026 94573
7069 95150
6699 95716
6927 96245
6967 96935
7143 97489
6926 97861
6713 98181
6700 98871
6886 99434
6899 99891
6873 100466
6921 101018
6610 101494
6610 101494
6077 102406
6228 102919
6330 103519
6389 104113
6431 104619
6306 104956
6059 105301
6157 105972
6323 106488
6511 107032
6558 107565
6665 108054
6515 108370
6308 108724
6428 109302
6665 109716
6711 110355
6965 110792
7102 111315
7140 111489
6811 111911
6912 112437
7028 112961
7246 113439
7372 113760
7428 114370
7217 114754
6947 115115
7022 115752
7088 116372
7125 116928
7308 117497
7243 118109
6985 118565
6703 118971
6781 119692
6885 120242
6999 120787
7152 121389
7079 122020
6936 122346
6743 122662
6813 123269
7030 123798
7136 124299
7216 124846
7256 125339
7115 125650
6842 126025
6947 126654
7079 127177
7180 127714
6978 128102
6515 128656
6274 129035
6064 129377
6345 129942
6733 130433
7171 130841
6810 131426
6426 131890
6192 132283
6024 132632
6205 133214
6351 133851
6604 134470
7102 134962
7579 135548
7201 136042
7201 136042
7928 137054
8362 137624
8704 138233
9166 138394
9590 139008
9290 139598
9044 140102
9370 140907
9737 141587
10026 142369
10444 142512
10723 143167
10287 143925
9848 144582
9665 145794
9503 146994
9732 147863
9689 148647
9629 149489
9266 150238
8794 150838
8571 151728
8515 152451
8394 153271
8346 153949
8166 154771
7911 155226
7580 155667
7494 156499
7438 157308
7299 158233
7306 158977
7363 159708
7025 160254
6787 160596
6734 161369
6796 162084
6807 162803
6857 163418
6888 164043
6687 164483
6482 164807
6551 165521
6582 166182
6761 166381
6890 166924
6832 167503
