1.0 0 0
1.0 0 0
1.0 0 0
1.0 0 0
1.0 0 0
1.0 0 0
1.0 0 0
1.0 0 0
1.0 0 0
1.0 0 0
1.0 0 0
1.0 0 0
1.0 0 0
0.9999999443559766 1 0
0.9999999443559766 1 0
0.9999998887119532 1 1
0.9999996661358598 5 1
0.9999996661358598 5 1
0.9999994992037897 8 1
0.9999993322717196 11 1
0.9999990540516027 16 1
0.9999989427635559 18 1
0.9999988871195326 19 1
0.9999988314755093 20 1
0.9999986645434391 19 5
0.9999986088994157 20 5
0.9999984419673457 23 5
0.9999981081032054 23 11
0.9999981081032054 23 11
0.9999979968151587 25 11
0.9999978855271119 25 13
0.9999978298830886 26 13
0.9999973847309016 34 13
0.9999972177988316 37 13
0.9999966057145744 44 17
0.9999966057145744 44 17
0.9999961049183641 52 18
0.9999957154102005 57 20
0.9999951589699668 67 20
0.9999947138177798 75 20
0.9999929888530553 106 20
0.9999923767687983 115 22
0.9999913751763776 131 24
0.9999913195323543 132 24
0.9999907074480971 143 24
0.9999899840757934 156 24
0.9999890937714194 172 24
0.9999880921789988 186 28
0.999986923654508 207 28
0.9999856994859939 229 28
0.999983918877246 261 28
0.9999836406571292 263 31
0.9999824164886151 284 32
0.9999786326950258 343 41
0.9999760730699508 389 41
0.999973680376946 415 58
0.999972177988315 436 64
0.9999705086676138 466 64
0.9999705086676138 466 64
0.9999690062789829 479 78
0.9999666692300013 517 82
0.9999641652489497 556 88
0.9999617169119214 599 89
0.9999608822515709 614 89
0.9999593798629398 632 98
0.9999575436101686 665 98
0.9999555960693507 691 107
0.9999537041725561 719 113
0.9999499203789669 775 125
0.9999461922294012 839 128
0.9999414624874147 916 136
0.9999380125579658 977 137
0.9999332828159793 1052 147
0.9999253257206374 1192 150
0.9999155323725243 1360 158
0.999908576869603 1478 165
0.9999018995867986 1592 171
0.9999018995867986 1592 171
0.9998936086273165 1739 173
0.9998813112981517 1935 198
0.9998739662870668 2061 204
0.9998602222132944 2242 270
0.999847368443896 2470 273
0.9998300631526279 2755 299
0.999809474863981 3108 316
0.9997907784721286 3427 333
0.9997799835315948 3602 352
0.9997693555231312 3584 561
0.9997580597863871 3703 645
0.9997436479843342 3869 738
0.9997363029732493 3931 808
0.9997169388531166 4244 843
0.9997030834912974 4425 911
0.999689172485455 4639 947
0.9996794904253885 4688 1072
0.9996575666801808 5017 1137
0.9996391485084453 5216 1269
0.9996220657932706 5429 1363
0.9996074314151243 5542 1513
0.9995825585366779 5912 1590
0.9995623041121712 6164 1702
0.9995425504838749 6401 1820
0.999523631515929 6660 1901
0.9995002053820903 6929 2053
0.999471882574195 7320 2171
0.9994521845899219 7575 2270
0.9994284245919429 7907 2365
0.9994042750858003 8192 2514
0.9993739490930637 8619 2632
0.9993396167306443 9129 2739
0.9993039489116641 9607 2902
0.999290260481915 9683 3072
0.9992685593128008 9903 3242
0.9992338374422178 10404 3365
0.9991909359001996 11061 3479
0.9991754112176793 11288 3531
0.9991308959989833 12047 3572
0.9991192663980989 12128 3700
0.9990876049488013 12568 3829
0.9990579466843451 13051 3879
0.9990312931971509 13493 3916
0.9989930657530957 14129 3967
0.9989421514717121 14963 4048
0.9988831131629164 15950 4122
0.9988151718103816 17098 4195
0.9987479538301506 18251 4250
0.9987063877446932 18919 4329
0.9986661014717733 19562 4410
0.9986207515927267 20208 4579
0.9985860297221438 20640 4771
0.9985166416250013 21769 4889
0.9984631677185427 22456 5163
0.9984086922196634 23353 5245
0.9983665696939723 23922 5433
0.9983450354569281 24177 5565
0.99828215771052 25117 5755
0.9982152735944292 26100 5974
0.9981671415142142 26728 6211
0.9981187312138822 27377 6432
0.9978831900629568 13228 24814
0.9978478561081168 13827 24850
0.9978277129716568 11998 27041
0.9977614965838465 12013 28216
0.9977110830986732 11806 29329
0.9976522673659711 11704 30488
0.9975915597364744 11464 31819
0.99752428611222 11748 32744
0.9974930698151093 11707 33346
0.9974788249451266 11093 34216
0.9974152794704381 11175 35276
0.997351066267469 11282 36323
0.9972831249149342 11330 37496
0.9972295397204288 11049 38740
0.9971633233326185 11147 39832
0.9971451277369765 10895 40411
0.9971319957474611 10183 41359
0.9970862007162277 10043 42322
0.9970225439534923 10238 43271
0.9969763594140951 10150 44189
0.9969245548283376 9967 45303
0.9968734179708606 9920 46269
0.9968502700571387 9796 46809
0.9968290140402113 9176 47811
0.996774538541332 9291 48675
0.9967120503030874 9428 49661
0.9966455556951602 9683 50601
0.9965818989324249 9732 51696
0.9965326539717424 9775 52538
0.9965187986099233 9491 53071
0.9964975425929959 9025 53919
0.9964472960398928 9058 54789
0.9963897601197281 9052 55829
0.9963284404059743 9126 56857
0.9962751334315858 9095 57846
0.9962242191502022 8999 58857
0.9962057453344434 8816 59372
0.9961865481463807 8187 60346
0.9961243381282531 9130 60521
0.9960651885314107 9269 61445
0.9960016430567221 9530 62326
0.995942382171833 9678 63243
0.9959002040021184 9788 63891
0.9958872389446732 9491 64421
0.9958782246128873 9246 64828
0.9958326521577473 9180 65713
0.9957908634961964 9166 66478
0.9957511336635101 9155 67203
0.9957131844395718 9186 67854
0.9956886454252656 9041 68440
0.9956774053325448 8700 68983
0.9956693369491562 8382 69446
0.9956196468362867 8369 70352
0.9955695115712303 8417 71205
0.9955314510592452 8461 71845
0.9954923333108161 8377 72632
0.9954562203396489 8306 73352
0.995442253689783 8025 73884
0.9954276193116367 7848 74324
0.9953991295716712 7717 74967
0.9953857750060624 7353 75571
0.9953445984287685 7368 76296
0.9953067604928769 7520 76824
0.995261800121994 7550 77602
0.9952455520671699 7466 77978
0.9952323644336312 7385 78296
0.9951799477636166 7617 79006
0.9951343753084766 7829 79613
0.9951070540930018 7638 80295
0.9950544704909172 7942 80936
0.9950086198156602 8205 81497
0.994986918646546 8165 81927
0.9949774035185497 7962 82301
0.9949381744820738 8076 82892
0.9948948834318919 8244 83502
0.9948579914443976 8348 84061
0.9948200978644826 8357 84733
0.994783484097105 8423 85325
0.9947715206320805 8216 85747
0.9947593345909624 8052 86130
0.9947210515028838 8080 86790
0.9946746443873933 8333 87371
0.9946314646252581 8395 88085
0.9946061465946248 8236 88699
0.9945722593843923 8133 89411
0.9945627442563961 7749 89966
0.9945565677698021 7423 90403
0.994525740980855 7226 91154
0.9944860111481688 7248 91846
0.9944486740084875 7381 92384
0.9944116150889231 7459 92972
0.9943783956069712 7512 93516
0.9943599217912122 7220 94140
0.9943466228696268 7026 94573
0.9943121235751374 7069 95150
0.9943012173465569 6699 95716
0.9942590948208657 6927 96245
0.9942184746838056 6967 96935
0.9941778545467455 7143 97489
0.9941692297231232 6926 97861
0.9941632758126225 6713 98181
0.994125604808801 6700 98871
0.9940839274352968 6886 99434
0.9940577747443129 6899 99891
0.9940272261754828 6873 100466
0.9939938397614607 6921 101018
0.9939846584976046 6610 101494
0.9939846584976046 6610 101494
0.9939635694127474 6077 102406
0.9939266217812297 6228 102919
0.993887559676824 6330 103519
0.9938512241295633 6389 104113
0.9938207312047566 6431 104619
0.9938089346718021 6306 104956
0.9938034815575119 6059 105301
0.9937606913035403 6157 105972
0.9937227420796019 6323 106488
0.993682010654495 6511 107032
0.9936497371209404 6558 107565
0.9936165732830119 6665 108054
0.9936073363751324 6515 108370
0.993599156703697 6308 108724
0.9935603171753847 6428 109302
0.9935240929161708 6665 109716
0.9934859767601624 6711 110355
0.9934475267400137 6965 110792
0.9934108016845894 7102 111315
0.9933990051516349 7140 111489
0.9933938302574615 6811 111911
0.9933589414548085 6912 112437
0.9933233292798517 7028 112961
0.9932846010395862 7246 113439
0.9932597281611397 7372 113760
0.9932226692415753 7428 114370
0.9932130428255322 7217 114754
0.9932079792194056 6947 115115
0.9931683606747661 7022 115752
0.9931301888747343 7088 116372
0.9930971919688758 7125 116928
0.9930553476633016 7308 117497
0.9930249103825182 7243 118109
0.9930138928658909 6985 118565
0.993006993006993 6703 118971
0.9929625334323203 6781 119692
0.9929261422410364 6885 120242
0.9928894728296355 6999 120787
0.9928474615919911 7152 121389
0.9928164122269506 7079 122020
0.9928062293706739 6936 122346
0.9927993851557994 6743 122662
0.9927617141519779 6813 123269
0.9927202037105438 7030 123798
0.9926864277883581 7136 124299
0.9926515389857051 7216 124846
0.9926218807212489 7256 125339
0.992612421237276 7115 125650
0.9926067455468923 6842 126025
0.9925659028337387 6947 126654
0.9925294559984312 7079 127177
0.9924939551115212 7180 127714
0.9924836053231744 6978 128102
0.9924785417170477 6515 128656
0.9924708628418226 6274 129035
0.9924635178307378 6064 129377
0.9924164429869667 6345 129942
0.9923675318904245 6733 130433
0.9923204570466534 7171 130841
0.9923079927854185 6810 131426
0.9923035412635489 6426 131890
0.9922946938638331 6192 132283
0.9922846222956031 6024 132632
0.9922421659057717 6205 133214
0.992198596635473 6351 133851
0.9921500750470943 6604 134470
0.992094987463958 7102 134962
0.9920358378671156 7579 135548
0.9920293831604047 7201 136042
0.9920293831604047 7201 136042
0.9919326182037642 7928 137054
0.9918767516043007 8362 137624
0.9918238341380757 8704 138233
0.9917891679115162 9166 138394
0.9917314094152581 9590 139008
0.9917152726484808 9290 139598
0.9917009164904513 9044 140102
0.9916379831000198 9370 140907
0.9915797238075513 9737 141587
0.991520129058522 10026 142369
0.9914889127614115 10444 142512
0.9914369412435838 10723 143167
0.9914190238680587 10287 143925
0.991406893470964 9848 144582
0.9913496357709163 9665 145794
0.9912918772746582 9503 146994
0.9912307801369978 9732 147863
0.9911895479156806 9689 148647
0.9911460342894053 9629 149489
0.9911245556963844 9266 150238
0.991117433261393 8794 150838
0.9910803186978052 8571 151728
0.9910432041342174 8515 152451
0.9910043089618817 8394 153271
0.9909692532271586 8346 153949
0.990933529764155 8166 154771
0.990922400959481 7911 155226
0.9909162801169104 7580 155667
0.9908747696754763 7494 156499
0.9908328697258786 7438 157308
0.9907891335235097 7299 158233
0.9907473448619588 7306 158977
0.9907034973715433 7363 159708
0.9906919234146823 7025 160254
0.9906861364362518 6787 160596
0.9906460727394254 6734 161369
0.9906028373332668 6796 162084
0.9905622171962067 6807 162803
0.9905252139206656 6857 163418
0.9904887114413349 6888 164043
0.9904754125197495 6687 164483
0.9904687908809684 6482 164807
0.9904252216106697 6551 165521
0.9903867159464976 6582 166182
0.9903656825056637 6761 166381
0.9903282897219591 6890 166924
0.9902992991857833 6832 167503
