1.0 0 0
1.0 0 0
1.0 0 0
1.0 0 0
1.0 0 0
1.0 0 0
1.0 0 0
1.0 0 0
1.0 0 0
1.0 0 0
0.9999997986171645 2 0
0.9999997986171645 2 0
0.9999997986171645 2 0
0.9999997986171645 2 0
0.9999996979257467 3 0
0.9999993958514934 6 0
0.9999991944686579 8 0
0.9999990937772402 9 0
0.9999987917029869 12 0
0.9999975834059738 24 0
0.9999975834059738 24 0
0.9999973820231383 26 0
0.9999969792574672 30 0
0.9999969792574672 30 0
0.9999963751089607 36 0
0.9999947640462765 51 1
0.9999931529835925 67 1
0.999990434315313 91 4
0.9999889239440466 104 6
0.9999860038929316 129 10
0.9999858025100961 131 10
0.9999826810761455 159 13
0.999977948579511 202 17
0.9999776465052577 204 18
0.9999734174657118 246 18
0.9999730147000407 240 28
0.9999699939575081 270 28
0.9999692891175838 277 28
0.9999685842776594 284 28
0.9999654628437089 314 29
0.9999615358784163 352 30
0.9999605289642387 361 31
0.999960428272821 361 32
0.9999600255071499 365 32
0.9999590185929723 374 33
0.9999578102959593 379 40
0.999957105456035 382 44
0.9999554943933509 391 51
0.9999539840220845 401 56
0.9999524736508181 411 61
0.9999519701937293 406 71
0.9999502584396274 419 75
0.9999486473769432 434 76
0.9999477411541834 441 78
0.9999404913721048 478 113
0.9999368664810655 503 124
0.9999368664810655 503 124
0.9999334429728618 521 140
0.9999293146247337 559 143
0.9999256897336943 599 139
0.9999223669169084 621 150
0.9999190441001223 617 187
0.9998983016680641 818 192
0.999893770554265 855 200
0.9998813855098807 973 205
0.999872121899447 1055 215
0.9998528898386551 1230 231
0.9998303349610772 1426 259
0.99982167549915 1472 299
0.9998157347055022 1527 303
0.9998014365241806 1661 311
0.9997885480227076 1778 322
0.9997905618510627 1748 332
0.999772940852955 1895 360
0.9997665972936363 1932 386
0.9997522991123146 2062 398
0.99974172651345 2149 416
0.9997335705086114 2185 461
0.9997182654131123 2312 486
0.9997024568605242 2459 496
0.9997024568605242 2459 496
0.9996773846975023 2651 553
0.9996498959404543 2871 606
0.9996498959404543 2871 606
0.9996022688998546 3302 648
0.9995782036510104 3534 655
0.9995568570704456 3720 681
0.9995327918216014 3940 700
0.9995215143828124 4037 715
0.9995215143828124 4037 715
0.9994870779179391 4357 737
0.9994762032448212 4453 749
0.9994600926179799 4596 766
0.9994434785340498 4739 788
0.9994270658329552 4839 851
0.9994079344635811 4989 891
0.999398771544565 5046 925
0.9993802443236975 5208 947
0.9993629253998431 5357 970
0.9993505403554588 5448 1002
0.9993017050178461 5877 1058
0.9992589111652987 6261 1099
0.9992277975172115 6538 1131
0.9991811773907894 6982 1150
0.9991486540628534 7251 1204
0.9991080754214968 7579 1279
0.9990758541678141 7831 1347
0.9990277236701256 8251 1405
0.9989629790885071 8847 1452
0.9989186748646934 9217 1522
0.9988664160188768 9695 1563
0.9987608914130661 10673 1633
0.998714271286644 11113 1656
0.9986551654244199 11599 1757
0.9985960595621958 12077 1866
0.9985328253518435 12608 1963
0.9984527756747257 13340 2026
0.9983895414643734 13845 2149
0.9982875410581842 14761 2246
0.9981792977840941 15728 2354
0.9981051889006239 16372 2446
0.9980306772514828 17001 2557
0.9979597904933809 17597 2665
0.9978733972569442 18339 2781
0.997773108604857 19261 2855
0.9976920520135615 19905 3016
0.9975891453846125 20814 3129
0.997516446180991 21424 3241
0.9974396186292415 22114 3314
0.9973842383494743 22563 3415
0.9973433576338645 22901 3483
0.9972759950753841 23453 3600
0.9972226286239723 23911 3672
0.9971715780751688 24359 3731
0.9971223399718849 24667 3912
0.9970692755947264 25012 4094
0.996975632576211 25832 4204
0.9968919580080539 26612 4255
0.9968035509432621 27323 4422
0.9966980263374514 28241 4552
0.9965931058801472 29134 4701
0.9965149693399667 29771 4840
0.9964410618393321 30213 5132
0.9963648384360891 30781 5321
0.9962842853018824 31443 5459
0.9962181310404152 31891 5668
0.9961296232842056 32627 5811
0.9960452438761241 33238 6038
0.9959984223668665 33536 6205
0.9959260252374983 34143 6317
0.9958772905913033 34404 6540
0.9958287573279437 34671 6755
0.9957695507743018 35123 6891
0.995701986832986 35623 7062
0.9956504328270938 36026 7171
0.995590320050692 36556 7238
0.9955394708847242 36978 7321
0.9954590184419352 37559 7539
0.995392864180468 38084 7671
0.9953314424156354 38545 7820
0.9952702220336384 39069 7904
0.9952217894616966 39362 8092
0.9951797004490737 39717 8155
0.995126233306244 40083 8320
0.9951006576861334 40179 8478
0.9950618914902964 40468 8574
0.9950190976377491 40791 8676
0.9949675436318569 41157 8822
0.9949148820203693 41588 8914
0.9948652411514144 41962 9033
0.9947972744444276 42416 9254
0.9947340402340753 42823 9475
0.9946815800054233 43118 9701
0.994624991428643 43478 9903
0.9945643751951525 43891 10092
0.9945112101265762 44325 10186
0.9944137408341861 45240 10239
0.9943736656499182 45050 10827
0.9942959318754089 45733 10916
0.9941932266292954 46280 11389
0.9940783377216331 46907 11903
0.9939942603878049 47647 11998
0.9939409946278108 48074 12100
0.9938564138368938 48745 12269
0.9937803918164863 49451 12318
0.9937041684132433 49455 13071
0.99364053143722 49586 13572
0.9935760889298546 49467 14331
0.9935203058844165 49231 15121
0.9934788210203 49339 15425
0.9934737864494122 48963 15851
0.9934331071166378 48911 16307
0.9933949450693074 48489 17108
0.9933743033286669 48176 17626
0.9933494325484806 47378 18671
0.9932399809773773 47311 19825
0.9931742294815812 47837 19952
0.993090554913424 48046 20574
0.993090554913424 48046 20574
0.9929858358389554 47575 22085
0.9929395177867866 47321 22799
0.9928900783006672 47316 23295
0.9928365104664197 47167 23976
0.9927888834258201 47367 24249
0.992742666065069 47260 24815
0.9927194063475668 46870 25436
0.992682251214414 46431 26244
0.9926300930600153 46364 26829
0.9925649457127256 45841 27999
0.9924936561889527 46172 28376
0.9924936561889527 46172 28376
0.9923940723767897 46279 29258
0.9923375844914273 46392 29706
0.9922568299743851 46625 30275
0.9921865473647898 46701 30897
0.9921189834234739 46905 31364
0.9920667245776574 47202 31586
0.9919820430953227 47902 31727
0.9919426727509791 47819 32201
0.9918780288607784 48084 32578
0.9918423840988919 47960 33056
0.9917763305288424 48106 33566
0.991687722081215 48324 34228
0.9916279113790666 48711 34435
0.9915337649034626 49557 34524
0.9915003353527668 49678 34735
0.991456131820371 49552 35300
0.9913951128212094 49935 35523
0.9913315765366039 49438 36651
0.9912709603031133 49589 37102
0.9911800359528776 50369 37225
0.9910963613847205 50893 37532
0.9910001003893435 51407 37974
0.9909144119928311 51720 38512
0.9908292270534076 52141 38937
0.9907858290523538 51773 39736
0.9907858290523538 51773 39736
0.9906634889797774 52241 40483
0.9906141501850758 52595 40619
0.9905384302389216 52797 41169
0.9904722759774544 53151 41472
0.9904142777208256 53421 41778
0.9903185201825374 53685 42465
0.9902442099162317 54090 42798
0.9902442099162317 54090 42798
0.9901108944791198 54850 43362
0.9900914610354924 54601 43804
0.9900629653642669 54134 44554
0.9900190639061242 54241 44883
0.9899966097199641 54037 45310
0.9899735513852974 54226 45350
0.9899267298760398 54481 45560
0.9899267298760398 54481 45560
0.9898731620417923 54631 45942
0.9898499023242902 54517 46287
0.9898131499568085 54515 46654
0.9897830432228987 54596 46872
0.9897215207666483 55023 47056
0.9896735916517954 55182 47373
0.9896185134462816 55501 47601
0.9896047187220487 55485 47754
0.9895796465590269 55567 47921
0.9895796465590269 55567 47921
0.9895796465590269 55567 47921
0.9895733029997081 54873 48678
0.9894842917864097 55370 49065
0.9894842917864097 55370 49065
0.9894061552462293 55726 49485
0.9894061552462293 55726 49485
0.989315029513158 56222 49894
0.9892581388621245 56435 50246
0.98921252564988 56659 50475
0.9891743636025496 56970 50543
0.9891366043208902 57299 50589
0.9890998519534084 57262 50991
0.9890998519534084 57262 50991
0.9890101359001858 57337 51807
0.9889481099868467 57869 51891
0.9889481099868467 57869 51891
0.988927971703295 57923 52037
0.988820936726218 58621 52402
0.988820936726218 58621 52402
0.9887520637964712 58976 52731
0.9886428136082035 58943 53849
0.9886010266698337 59291 53916
0.9885505802695368 59493 54215
0.9885168486445878 59659 54384
0.9884850301565762 59906 54453
0.9884565344853505 59965 54677
0.9884262263686053 59550 55393
0.9883885677783637 59359 55958
0.9883727592257756 58954 56520
0.9882984489594699 59187 57025
0.9882984489594699 59187 57025
0.9882168889110857 59728 57294
0.9881999727529024 59852 57338
0.9881598975686345 60096 57492
0.9881147878134788 60176 57860
0.9881147878134788 60176 57860
0.9880520570602154 60011 58648
0.9880079542192373 60328 58769
0.9880079542192373 60328 58769
0.9879459283058981 60688 59025
0.9878251992960059 61221 59691
0.9878251992960059 61221 59691
0.987733066648757 62003 59824
0.9876175735925882 62878 60096
0.9876004560515693 62623 60521
0.9875778004825737 62841 60528
0.9875748804314587 62869 60529
0.9875321872703292 63288 60534
0.9874237426134035 64359 60540
0.9874016911929144 64570 60548
0.9873574876605185 63796 61761
0.9872179293555055 64891 62052
0.9871170365549116 65884 62061
0.9870409138430863 66115 62586
0.9869297505178811 67122 62683
0.9868085180509001 68042 62967
0.9867124584383586 68665 63298
0.9866672479917852 69012 63400
0.9865569908893398 70103 63404
0.9864961732730138 70625 63486
0.9864129014705276 71405 63533
0.9862991201684608 72477 63591
0.9862155462917214 73275 63623
0.9861001539269704 74230 63814
0.9859855670935613 75333 63849
0.9858792369564086 76349 63889
0.9858096591867376 77013 63916
0.9857034297410026 78045 63939
0.985613210230691 78797 64083
0.9854997310028775 79826 64181
0.9854005499563855 80708 64284
0.9852879769513317 81714 64396
0.985188292447751 82649 64451
0.9851134787243565 83360 64483
0.9851134787243565 83360 64483
0.9850019126334804 84358 64593
0.9847852247024644 86157 64946
0.9846722489317395 87100 65125
0.984568738154284 87972 65281
0.9845030873499055 88410 65495
0.9844363289399318 89030 65538
0.9843188220554079 90057 65678
0.9842311198305403 90849 65757
0.9841443238284326 91542 65926
0.9840550105408811 91526 66829
0.9839876479824008 92023 67001
0.9839107197392334 92761 67027
0.9838721549262319 93135 67036
0.9837903934950122 93744 67239
0.9837154790802 94343 67384
0.9836291865351812 95033 67551
0.9835565880229774 95419 67886
0.9834788542484679 95934 68143
0.983436765235845 95897 68598
0.98337635038519 96421 68674
0.9833117064949891 96932 68805
0.9832301464466049 97616 68931
0.9831347916739878 98430 69064
0.9830593738020867 98719 69524
0.9829921119350242 98921 69990
0.982907229069854 99166 70588
