0 0
0 0
0 0
0 0
0 0
0 0
0 0
0 0
0 0
0 0
2 0
2 0
2 0
2 0
3 0
6 0
8 0
9 0
12 0
24 0
24 0
26 0
30 0
30 0
36 0
51 1
67 1
91 4
104 6
129 10
131 10
159 13
202 17
204 18
246 18
240 28
270 28
277 28
284 28
314 29
352 30
361 31
361 32
365 32
374 33
379 40
382 44
391 51
401 56
411 61
406 71
419 75
434 76
441 78
478 113
503 124
503 124
521 140
559 143
599 139
621 150
617 187
818 192
855 200
973 205
1055 215
1230 231
1426 259
1472 299
1527 303
1661 311
1778 322
1748 332
1895 360
1932 386
2062 398
2149 416
2185 461
2312 486
2459 496
2459 496
2651 553
2871 606
2871 606
3302 648
3534 655
3720 681
3940 700
4037 715
4037 715
4357 737
4453 749
4596 766
4739 788
4839 851
4989 891
5046 925
5208 947
5357 970
5448 1002
5877 1058
6261 1099
6538 1131
6982 1150
7251 1204
7579 1279
7831 1347
8251 1405
8847 1452
9217 1522
9695 1563
10673 1633
11113 1656
11599 1757
12077 1866
12608 1963
13340 2026
13845 2149
14761 2246
15728 2354
16372 2446
17001 2557
17597 2665
18339 2781
19261 2855
19905 3016
20814 3129
21424 3241
22114 3314
22563 3415
22901 3483
23453 3600
23911 3672
24359 3731
24667 3912
25012 4094
25832 4204
26612 4255
27323 4422
28241 4552
29134 4701
29771 4840
30213 5132
30781 5321
31443 5459
31891 5668
32627 5811
33238 6038
33536 6205
34143 6317
34404 6540
34671 6755
35123 6891
35623 7062
36026 7171
36556 7238
36978 7321
37559 7539
38084 7671
38545 7820
39069 7904
39362 8092
39717 8155
40083 8320
40179 8478
40468 8574
40791 8676
41157 8822
41588 8914
41962 9033
42416 9254
42823 9475
43118 9701
43478 9903
43891 10092
44325 10186
45240 10239
45050 10827
45733 10916
46280 11389
46907 11903
47647 11998
48074 12100
48745 12269
49451 12318
49455 13071
49586 13572
49467 14331
49231 15121
49339 15425
48963 15851
48911 16307
48489 17108
48176 17626
47378 18671
47311 19825
47837 19952
48046 20574
48046 20574
47575 22085
47321 22799
47316 23295
47167 23976
47367 24249
47260 24815
46870 25436
46431 26244
46364 26829
45841 27999
46172 28376
46172 28376
46279 29258
46392 29706
46625 30275
46701 30897
46905 31364
47202 31586
47902 31727
47819 32201
48084 32578
47960 33056
48106 33566
48324 34228
48711 34435
49557 34524
49678 34735
49552 35300
49935 35523
49438 36651
49589 37102
50369 37225
50893 37532
51407 37974
51720 38512
52141 38937
51773 39736
51773 39736
52241 40483
52595 40619
52797 41169
53151 41472
53421 41778
53685 42465
54090 42798
54090 42798
54850 43362
54601 43804
54134 44554
54241 44883
54037 45310
54226 45350
54481 45560
54481 45560
54631 45942
54517 46287
54515 46654
54596 46872
55023 47056
55182 47373
55501 47601
55485 47754
55567 47921
55567 47921
55567 47921
54873 48678
55370 49065
55370 49065
55726 49485
55726 49485
56222 49894
56435 50246
56659 50475
56970 50543
57299 50589
57262 50991
57262 50991
57337 51807
57869 51891
57869 51891
57923 52037
58621 52402
58621 52402
58976 52731
58943 53849
59291 53916
59493 54215
59659 54384
59906 54453
59965 54677
59550 55393
59359 55958
58954 56520
59187 57025
59187 57025
59728 57294
59852 57338
60096 57492
60176 57860
60176 57860
60011 58648
60328 58769
60328 58769
60688 59025
61221 59691
61221 59691
62003 59824
62878 60096
62623 60521
62841 60528
62869 60529
63288 60534
64359 60540
64570 60548
63796 61761
64891 62052
65884 62061
66115 62586
67122 62683
68042 62967
68665 63298
69012 63400
70103 63404
70625 63486
71405 63533
72477 63591
73275 63623
74230 63814
75333 63849
76349 63889
77013 63916
78045 63939
78797 64083
79826 64181
80708 64284
81714 64396
82649 64451
83360 64483
83360 64483
84358 64593
86157 64946
87100 65125
87972 65281
88410 65495
89030 65538
90057 65678
90849 65757
91542 65926
91526 66829
92023 67001
92761 67027
93135 67036
93744 67239
94343 67384
95033 67551
95419 67886
95934 68143
95897 68598
96421 68674
96932 68805
97616 68931
98430 69064
98719 69524
98921 69990
99166 70588
