0 0
0 0
0 0
2 0
2 0
2 0
4 0
7 0
9 0
9 0
13 0
13 0
19 0
29 1
30 2
37 2
47 3
55 3
70 3
80 5
92 11
109 22
144 23
157 30
195 31
223 38
256 44
298 45
361 47
398 49
439 53
465 60
522 63
554 69
588 90
633 100
639 105
699 118
743 152
818 162
1001 189
1110 200
1193 217
1229 229
1268 244
1253 326
1311 341
1400 363
1431 403
1477 439
1518 466
1598 500
1648 520
1655 629
1723 720
1723 720
1743 757
1805 778
1842 807
1891 836
1882 893
1931 932
1982 960
2029 969
2054 981
1993 1072
1979 1132
1966 1184
1921 1257
1904 1309
1917 1346
1905 1379
1881 1432
1809 1532
1775 1605
1688 1729
1654 1819
1662 1847
1673 1862
1677 1879
1674 1924
1659 1982
1615 2063
1576 2137
1565 2176
1554 2202
1436 2335
1432 2361
1311 2505
1300 2541
1201 2666
1203 2673
1209 2683
1229 2692
1207 2724
1210 2744
1183 2787
1166 2824
1183 2825
1182 2832
1143 2874
1121 2906
1095 2944
1051 3002
1029 3035
1025 3044
1028 3048
996 3081
964 3114
947 3132
932 3149
931 3155
935 3159
940 3162
934 3173
920 3194
906 3217
886 3241
879 3259
876 3266
875 3270
878 3277
857 3300
858 3308
832 3340
801 3373
783 3400
740 3449
742 3463
736 3474
742 3478
689 3534
660 3569
603 3631
579 3668
557 3701
542 3721
528 3751
478 3815
497 3818
514 3819
511 3828
494 3853
487 3879
484 3896
490 3908
504 3920
510 3925
523 3925
529 3927
530 3935
542 3942
556 3949
565 3961
549 3986
534 4010
540 4013
534 4030
534 4063
555 4066
560 4093
595 4101
601 4130
614 4132
634 4134
645 4168
656 4197
664 4213
685 4231
708 4238
730 4240
728 4274
759 4287
806 4292
830 4303
847 4308
883 4308
885 4330
940 4348
1008 4371
1138 4373
1296 4373
1588 4373
1763 4376
1820 4437
2100 4522
2373 4550
2817 4565
3316 4576
3805 4582
4377 4586
4706 4598
5103 4612
5571 4620
6264 4645
7134 4691
7603 4706
8394 4759
9103 4776
9653 4807
10280 4890
11202 4909
11863 5057
12916 5074
13779 5087
14246 5253
15104 5346
15673 5527
16464 5663
17248 5829
18137 5877
18815 5901
19637 5930
19806 6655
20410 6899
21484 7147
22081 7636
22283 8292
22482 8998
22722 9576
23088 10026
23961 10085
25107 10115
25980 10616
25862 11802
26832 12005
27113 12749
27595 13187
28052 13680
28806 14219
30127 14689
31060 15230
32283 15485
32909 15848
34016 16164
35653 16559
37271 17007
38701 17397
41580 17667
43600 17963
45461 18181
47257 18676
49024 19103
51761 19652
54539 20782
57302 21897
60415 22365
63940 22829
67693 23295
69946 24970
74162 25463
77739 27204
82108 27508
86124 28654
88737 30181
91358 31505
94704 32086
99202 32685
102607 34116
106265 34696
110256 37200
115193 37466
118723 38226
121644 39817
124259 41642
125789 44509
127903 46715
130722 47230
133853 48028
137553 48134
138202 53845
141950 56490
146171 58537
151218 60309
148439 68683
151294 69779
154179 71030
159487 72357
164018 74038
167479 76102
172728 77550
173881 80267
174966 81401
177038 82550
181190 83813
185878 85322
189694 86553
192683 87717
194194 89676
195411 90352
197246 91321
197057 94492
198438 97539
198785 101237
197447 105542
193886 111244
189230 117138
185015 123247
182296 129258
181342 132822
179929 135433
176593 139467
173164 143505
169914 147657
165880 153663
162875 159639
158548 166730
152504 174184
149730 178265
144804 184047
143065 186656
142029 189739
144970 189866
140854 196889
136733 203726
133653 208584
128959 214697
123647 220705
119309 226401
116266 231370
112951 236198
111998 238589
111872 239956
110853 241850
109841 243435
109405 244847
108673 246989
107800 249173
106533 251784
106134 253440
105302 255116
104083 256794
103087 258794
102156 261294
97752 267157
94261 272018
92094 275492
91872 276838
87829 281459
85313 285023
84848 287140
84870 288694
84150 290975
83642 292853
82661 294994
82203 296531
81644 298369
81297 300578
80672 303063
78577 307178
77583 309879
77039 311760
77012 312610
77250 313920
78625 315398
80282 316834
81179 318932
82103 320920
82649 322997
81976 325298
82127 328002
84061 330453
86488 332694
89537 334593
