1.0 0 0
1.0 0 0
1.0 0 0
0.9999997928745318 2 0
0.9999997928745318 2 0
0.9999997928745318 2 0
0.9999995857490636 4 0
0.9999992750608613 7 0
0.9999990679353931 9 0
0.9999990679353931 9 0
0.9999986536844566 13 0
0.9999986536844566 13 0
0.999998032308052 19 0
0.9999968931179767 29 1
0.9999966859925085 30 2
0.9999959610533697 37 2
0.9999948218632945 47 3
0.9999939933614216 55 3
0.99999243992041 70 3
0.9999911971676007 80 5
0.9999893330383867 92 11
0.9999864332818316 109 22
0.9999827050234036 144 23
0.9999806337687214 157 30
0.9999765948220911 195 31
0.9999729701263973 223 38
0.999968931179767 256 44
0.9999644779822002 298 45
0.9999577464044831 361 47
0.9999537074578528 398 49
0.9999490471348179 439 53
0.9999456295645922 465 60
0.9999394158005457 522 63
0.9999354804166495 554 69
0.9999297844662735 588 90
0.9999240885158973 633 100
0.9999229493258222 639 105
0.9999153892462321 699 118
0.9999073113529715 743 152
0.9998985085205722 818 162
0.999876760346409 1001 189
0.9998643328183159 1110 200
0.9998539765449048 1193 217
0.9998490055336676 1229 229
0.9998434131460257 1268 244
0.9998364744428403 1253 326
0.9998289143632503 1311 341
0.999817418899764 1400 363
0.9998100659456421 1431 403
0.9998015738014452 1477 439
0.9997945315355257 1518 466
0.9997827253838372 1598 500
0.9997754759924494 1648 520
0.9997634627152927 1655 629
0.9997469962405692 1723 720
0.9997469962405692 1723 720
0.9997410931647249 1743 757
0.9997324974577938 1805 778
0.9997256623173425 1842 807
0.999717584424082 1891 836
0.9997126134128447 1882 893
0.9997034998922429 1931 932
0.9996953184362483 1982 960
0.9996895189231381 2029 969
0.999685687101976 2054 981
0.9996825802199527 1993 1072
0.9996778163341837 1979 1132
0.9996737773875534 1966 1184
0.9996708776309983 1921 1257
0.9996672529353045 1904 1309
0.9996620747985989 1917 1346
0.9996598999811827 1905 1379
0.9996568966618935 1881 1432
0.9996539969053384 1809 1532
0.999649957958708 1775 1605
0.999646126137546 1688 1729
0.9996403266244358 1654 1819
0.9996365983660079 1662 1847
0.9996339057349211 1673 1862
0.9996317309175047 1677 1879
0.9996273812826721 1674 1924
0.9996229280851053 1659 1982
0.9996190962639433 1615 2063
0.9996154715682495 1576 2137
0.9996125718116944 1565 2176
0.9996110183706827 1554 2202
0.9996094649296711 1436 2335
0.9996071865495206 1432 2361
0.9996048046066361 1311 2505
0.9996022155382833 1300 2541
0.9995995229071964 1201 2666
0.9995985908425895 1203 2673
0.9995969338388437 1209 2683
0.9995939305195546 1229 2692
0.9995928948922135 1207 2724
0.9995905129493289 1210 2744
0.9995888559455832 1183 2787
0.999586784690901 1166 2824
0.999584920561687 1183 2825
0.9995842991852824 1182 2832
0.99958398849708 1143 2874
0.9995829528697389 1121 2906
0.9995817101169295 1095 2944
0.999580260238652 1051 3002
0.9995791210485768 1029 3035
0.9995786032349063 1025 3044
0.9995778782957675 1028 3048
0.9995777747330334 996 3081
0.9995776711702993 964 3114
0.9995775676075652 947 3132
0.999577360482097 932 3149
0.9995768426684264 931 3155
0.9995760141665535 935 3159
0.9995751856646806 940 3162
0.9995746678510101 934 3173
0.9995739429118713 920 3194
0.9995730108472644 906 3217
0.9995725965963279 886 3241
0.9995714574062526 879 3259
0.9995710431553162 876 3266
0.9995707324671139 875 3270
0.9995696968397728 878 3277
0.9995694897143046 857 3300
0.9995685576496977 858 3308
0.999567936273293 832 3340
0.9995677291478248 801 3373
0.9995667970832177 783 3400
0.999566175706813 740 3449
0.9995645187030673 742 3463
0.9995640008893968 736 3474
0.9995629652620557 742 3478
0.9995626545738533 689 3534
0.9995620331974486 660 3569
0.9995615153837781 603 3631
0.9995601690682346 579 3668
0.9995590298781595 557 3701
0.999558512064489 542 3721
0.9995568550607432 528 3751
0.9995554051824657 478 3815
0.9995531268023152 497 3818
0.9995512626731012 514 3819
0.9995506412966966 511 3828
0.9995498127948237 494 3853
0.9995478451028756 487 3879
0.9995463952245981 484 3896
0.9995445310953841 490 3908
0.9995418384642972 504 3920
0.999540699274222 510 3925
0.9995393529586786 523 3925
0.9995385244568057 529 3927
0.9995375923921987 530 3935
0.9995356247002506 542 3942
0.9995334498828343 556 3949
0.999531275065418 565 3961
0.999530343000811 549 3986
0.999529410936204 534 4010
0.999528478871597 540 4013
0.9995273396815219 534 4030
0.9995239221112961 534 4063
0.9995214366056775 555 4066
0.9995181225981861 560 4093
0.9995136694006193 595 4101
0.9995100447049254 601 4130
0.9995084912639138 614 4132
0.9995062128837634 634 4134
0.9995015525607284 645 4168
0.999497410051364 656 4197
0.9994949245457454 664 4213
0.999490885599115 685 4231
0.9994877787170918 708 4238
0.9994852932114732 730 4240
0.9994819792039816 728 4274
0.9994774224436808 759 4287
0.999472037181507 806 4292
0.9994684124858132 830 4303
0.9994661341056628 847 4308
0.9994624058472348 883 4308
0.9994599203416161 885 4330
0.9994523602620261 940 4348
0.9994429360532221 1008 4371
0.9994292657723196 1138 4373
0.9994129028603302 1296 4373
0.9993826625419701 1588 4373
0.9993642283752985 1763 4376
0.9993520079726735 1820 4437
0.9993142075747233 2100 4522
0.9992830351917562 2373 4550
0.9992354998967997 2817 4565
0.9991826829024036 3316 4576
0.9991314193490192 3805 4582
0.9990717672141718 4377 4586
0.9990364523218402 4706 4598
0.9989938880381211 5103 4612
0.9989445921766846 5571 4620
0.9988702341335937 6264 4645
0.9987753706691489 7134 4691
0.9987252463058396 7603 4706
0.9986378393582508 8394 4759
0.9985626528132868 9103 4776
0.998502482864769 9653 4807
0.9984289533235507 10280 4890
0.9983315007907533 11202 4909
0.9982477185388582 11863 5057
0.9981369064133605 12916 5074
0.9980461854582802 13779 5087
0.9979806302475884 14246 5253
0.9978821420874499 15104 5346
0.9978044700368673 15673 5527
0.9977084673823473 16464 5663
0.9976100827849428 17248 5829
0.9975130445030816 18137 5877
0.9974403434637364 18815 5901
0.9973522115770088 19637 5930
0.9972596264927144 19806 6655
0.9971718052941891 20410 6899
0.9970348953596957 21484 7147
0.9969224262304521 22081 7636
0.9968335694045858 22283 8292
0.9967398451302162 22482 8998
0.9966551308137142 22722 9576
0.9965706236226803 23088 10026
0.9964741031544898 23961 10085
0.9963523133791764 25107 10115
0.9962100181825092 25980 10616
0.9960994131824797 25862 11802
0.9959779340953686 26832 12005
0.9958717822929058 27113 12749
0.9957765045775246 27595 13187
0.9956781199801201 28052 13680
0.9955442133649158 28806 14219
0.9953587325081248 30127 14689
0.9952060810380465 31060 15230
0.9950530153170319 32283 15485
0.9949505917729972 32909 15848
0.9948032220023585 34016 16164
0.994592782526647 35653 16559
0.9943788219179757 37271 17007
0.9941903377418954 38701 17397
0.9938642186921829 41580 17667
0.993624367399984 43600 17963
0.9934090604757693 45461 18181
0.9931717982519231 47257 18676
0.9929445816132858 49024 19103
0.9926042744690002 51761 19652
0.9921995513040982 54539 20782
0.9917979350212195 57302 21897
0.9914270768703715 60415 22365
0.9910139651240065 63940 22829
0.9905770339487963 67693 23295
0.9901702395292121 69946 24970
0.989682562614288 74162 25463
0.9891318159942908 77739 27204
0.9886478673377946 82108 27508
0.9881132765043186 86124 28654
0.9876845267851031 88737 30181
0.987275971799039 91358 31505
0.986869280942189 94704 32086
0.98634142168643 99202 32685
0.9858405923042739 102607 34116
0.9854016934371156 106265 34696
0.9847290534790709 110256 37200
0.9841902165734965 115193 37466
0.9837459324441644 118723 38226
0.9832786573878599 121644 39817
0.9828188388484114 124259 41642
0.9823634735065295 125789 44509
0.9819160824951743 127903 46715
0.9815708043396514 130722 47230
0.9811639063573331 133853 48028
0.9807697465913103 137553 48134
0.9801110876023704 138202 53845
0.979449011043205 141950 56490
0.9787998798258033 146171 58537
0.978093685541907 151218 60309
0.9775142520445614 148439 68683
0.9771050756820926 151294 69779
0.9766767402138136 154179 71030
0.9759896014729935 159487 72357
0.975346269768702 164018 74038
0.974774085662744 167479 76102
0.9740805260324091 172728 77550
0.9736797382514033 173881 80267
0.9734499325444131 174966 81401
0.9731163569778447 177038 82550
0.9725555647726389 181190 83813
0.971913786509359 185878 85322
0.9713911053903057 189694 86553
0.9709610093555467 192683 87717
0.9706016466681849 194194 89676
0.9704056024125146 195411 90352
0.97011521250607 197246 91321
0.969806388432954 197057 94492
0.9693478126463148 198438 97539
0.9689289013868396 198785 101237
0.9686216307547352 197447 105542
0.9683999029410056 193886 111244
0.9682716922761774 189230 117138
0.968075544457773 185015 123247
0.9677346159370828 182296 129258
0.9674643172010555 181342 132822
0.9673402490455917 179929 135433
0.9672679622571829 176593 139467
0.96720489255211 173164 143505
0.9671114789659426 169914 147657
0.9669072532542777 165880 153663
0.9665995683712367 162875 159639
0.9663133209741567 158548 166730
0.9661672975190615 152504 174184
0.9660319410255797 149730 178265
0.9659432913251815 144804 184047
0.9658531917465057 143065 186656
0.9656411988297825 142029 189739
0.9653234683615329 144970 189866
0.9650224114934751 140854 196889
0.9647411351076323 136733 203726
0.9645570005663846 133653 208584
0.9644100450466825 128959 214697
0.9643379653837418 123647 220705
0.9641973271908204 119309 226401
0.9639978653649245 116266 231370
0.9638411749482161 112951 236198
0.9636922517365658 111998 238589
0.9635637303835353 111872 239956
0.963473112991189 110853 241850
0.9634137715445439 109841 243435
0.9633126943160526 109405 244847
0.9631666708609574 108673 246989
0.9630309001165391 107800 249173
0.9628917118018953 106533 251784
0.9627615334451189 106134 253440
0.96267412649753 105302 255116
0.9626265912025735 104083 256794
0.962522614217527 103087 258794
0.9623601242877085 102156 261294
0.9622090262586419 97752 267157
0.9620671453129112 94261 272018
0.9619317888194293 92094 275492
0.9618153843062897 91872 276838
0.9617555250459741 87829 281459
0.9616469913006268 85313 285023
0.961475905663877 84848 287140
0.9613126907949195 84870 288694
0.9611510293669738 84150 290975
0.9610091484212431 83642 292853
0.9608890156496754 82661 294994
0.9607772714595707 82203 296531
0.960644814722644 81644 298369
0.9604519809117311 81297 300578
0.9602593542262864 80672 303063
0.9600501575033842 78577 307178
0.9598733759162583 77583 309879
0.9597349125407533 77039 311760
0.9596496804105806 77012 312610
0.9594893652981783 77250 313920
0.9591939008177625 78625 315398
0.9588735812811601 80282 316834
0.9585634108925005 81179 318932
0.9582618362107721 82103 320920
0.9579901911592015 82649 322997
0.9578215910280704 81976 325298
0.9575259194221862 82127 328002
0.9570717968331137 84061 330453
0.9565883659902881 86488 332694
0.9560759375819117 89537 334593
