0 3
2 3
2 3
25 3
27 3
28 3
31 3
36 3
40 3
52 4
57 5
68 5
76 6
96 6
98 15
104 15
125 17
139 17
175 19
219 25
303 27
362 34
462 37
486 50
602 55
662 65
794 93
879 108
902 122
1117 134
1239 158
1792 206
2280 263
2303 264
2767 315
3260 328
4267 511
4740 571
5232 684
5879 846
6578 1020
7189 1257
7794 1411
8914 1539
9735 1752
10485 1837
11214 2216
11825 2527
12738 2984
14202 3413
14674 3865
15460 4620
16319 5051
17344 5733
18252 6278
19519 6764
20486 7404
21375 8076
22569 8755
23546 9516
24641 10222
26027 11230
27557 12142
29339 13166
32024 14413
33565 15835
35871 17116
37686 18665
39823 19872
41406 21402
43980 23181
45925 24843
47457 26835
49104 28951
51379 30618
52773 33011
53553 37095
55878 39820
57939 42389
60864 45611
63172 48856
66089 52137
69244 55550
73170 58253
76820 61716
80072 64878
82172 68621
85803 72283
89755 75631
85884 87607
89706 92121
93349 97260
97008 101362
101077 106114
106665 110159
111900 114813
116302 119882
120981 125641
126431 131055
129360 136568
133726 142420
143297 143308
141842 155693
145779 163214
149348 171574
153106 179318
153178 189913
155227 198838
160384 206562
163248 217284
168269 226779
169469 240982
174387 250895
178014 262201
183022 273161
186514 286591
189463 300938
197387 311566
203051 325808
210120 338198
215125 351715
220169 365312
226947 377694
227439 398105
235433 412882
244814 428351
253287 444126
259571 460093
264944 477473
269789 497507
276685 517117
283407 537509
292231 557291
301609 576645
311565 595187
319840 616341
331175 637682
342473 661359
359060 680024
373542 704239
390622 727584
402678 752660
411296 781782
426330 812468
440298 847810
456234 880790
468002 917633
485277 950339
495499 984574
509447 1022222
527273 1054690
543680 1091066
565103 1130885
567730 1182993
579357 1224338
586298 1269447
586244 1322010
595501 1369035
607384 1419690
619088 1469523
628747 1524263
634945 1580129
639929 1628746
643948 1685690
653622 1743015
661595 1799595
667950 1857972
677714 1912238
676900 1970763
673213 2029468
676549 2090704
686395 2150530
692030 2213795
697330 2278371
707668 2337272
710771 2395577
704348 2462975
706851 2517696
725991 2584243
742023 2645477
752424 2711548
765302 2777431
781975 2839270
785996 2905170
801282 2968241
815538 3037868
831124 3105623
846395 3176784
862320 3251491
882542 3322071
883697 3396725
897394 3472734
919018 3546845
943480 3618934
958316 3701668
973175 3781181
986598 3859829
990061 3940175
995933 4024426
1009976 4108277
1017754 4196923
1013964 4294050
1010824 4389795
1003299 4484281
975861 4586802
968377 4677633
966382 4766136
970116 4848454
960969 4942963
956402 5036130
962640 5112062
947576 5197715
940441 5285322
940705 5371879
942217 5451851
944996 5528548
937625 5611748
934427 5689388
919023 5766059
907883 5849248
902425 5933230
893592 6012559
883185 6096238
867496 6186310
861853 6258685
838729 6337151
826876 6412513
812390 6494707
804528 6565940
795087 6637593
783311 6711240
772055 6778218
748538 6848525
740090 6911017
715812 6991134
695509 7065803
680680 7134002
668154 7196657
653717 7256242
625857 7320572
610803 7379519
603687 7436516
594386 7494465
582649 7554470
570458 7613624
561908 7667405
541405 7726218
533787 7780089
527962 7836124
520773 7890951
516632 7945448
512665 7995089
509673 8043984
505265 8086465
494657 8141354
489294 8194622
484547 8244248
480719 8292760
479216 8335363
465478 8379649
453401 8420889
446805 8466102
443303 8515180
443794 8560571
439747 8610850
440962 8654844
443486 8696379
438667 8739173
444746 8777470
452344 8814361
455555 8854232
454940 8896169
453956 8938963
446952 8984739
435603 9027206
428644 9070769
422943 9112021
416082 9155477
409689 9198522
403248 9240974
396729 9280474
383866 9319904
378909 9356941
372293 9395078
363750 9432994
359819 9466956
356546 9500483
352586 9531514
339820 9566345
332002 9600545
322366 9634191
313831 9665616
308751 9695848
305344 9725879
303639 9751921
292518 9782598
289240 9809826
283849 9839929
281919 9864926
281667 9887451
278690 9909160
277301 9930570
268581 9955722
262272 9982580
257656 10009018
257656 10009018
254254 10032455
247220 10076745
243953 10096516
231036 10125808
227546 10147386
228083 10167195
225449 10187968
225449 10187968
223335 10226949
222526 10244069
216558 10262621
214507 10280640
213603 10298490
213027 10314656
211033 10331808
208826 10349159
208012 10363761
200514 10381309
197180 10398459
192308 10418575
188694 10436734
185662 10454022
184408 10470125
184182 10483554
177266 10499572
176498 10513029
173740 10527453
171686 10548362
169837 10563293
168791 10577383
168235 10589375
163353 10602892
160057 10617227
155025 10635158
151460 10651131
148590 10665714
148766 10677597
148609 10689585
143625 10703679
141511 10716860
142562 10728732
135926 10744677
136571 10756175
137567 10767373
139637 10776952
136872 10788838
136549 10800771
137342 10812859
139542 10823852
143127 10834260
145634 10846017
150055 10855795
147306 10869128
146907 10883269
151708 10895206
155986 10907505
159590 10920389
164511 10932220
