0.9999999978297749 0 3
0.9999999963829581 2 3
0.9999999963829581 2 3
0.9999999797445658 25 3
0.999999978297749 27 3
0.9999999775743407 28 3
0.9999999754041156 31 3
0.9999999717870737 36 3
0.9999999688934402 40 3
0.9999999594891315 52 4
0.9999999551486812 57 5
0.9999999471911892 68 5
0.9999999406805139 76 6
0.9999999262123466 96 6
0.9999999182548546 98 15
0.9999999139144043 104 15
0.9999998972760119 125 17
0.9999998871482948 139 17
0.9999998596587769 175 19
0.9999998234883586 219 25
0.999999761275239 303 27
0.9999997135302868 362 34
0.9999996390192251 462 37
0.9999996122531155 486 50
0.9999995247207032 602 55
0.9999994740821175 662 65
0.9999993583367789 794 93
0.9999992859959422 879 108
0.9999992592298326 902 122
0.9999990950161334 1117 134
0.9999989893985118 1239 158
0.9999985546300836 1792 206
0.9999981603725238 2280 263
0.999998143010723 2303 264
0.9999977704554142 2767 315
0.9999974044107807 3260 328
0.9999965435548245 4267 511
0.9999961579781651 4740 571
0.9999957203161033 5232 684
0.9999951350787347 5879 846
0.9999945035432307 6578 1020
0.9999938900929358 7189 1257
0.9999933410259856 7794 1411
0.9999924382123441 8914 1539
0.999991690208093 9735 1752
0.9999910861621069 10485 1837
0.9999902846256368 11214 2216
0.9999896176431228 11825 2527
0.9999886265736605 12738 2984
0.9999872571616225 14202 3413
0.9999865887322918 14674 3865
0.9999854739599989 15460 4620
0.999984540763206 16319 5051
0.9999833059051243 17344 5733
0.9999822547927676 18252 6278
0.999980986657901 19519 6764
0.9999798241406559 20486 7404
0.9999786949001956 21375 8076
0.999977339956325 22569 8755
0.9999760826725839 23546 9516
0.9999747798141156 24641 10222
0.999973047974486 26027 11230
0.9999712814112548 27557 12142
0.9999692515273783 29339 13166
0.9999664070856807 32024 14413
0.9999642636266906 33565 15835
0.9999616687608797 35871 17116
0.9999592352151344 37686 18665
0.9999568161375566 39823 19872
0.9999545641673114 41406 21402
0.9999514151706916 43980 23181
0.9999488058367133 45925 24843
0.9999462565456295 47457 26835
0.999943534359946 49104 28951
0.9999406826841649 51379 30618
0.9999379431366807 52773 33011
0.9999344244783855 53553 37095
0.9999307712661343 55878 39820
0.9999274218853971 57939 42389
0.9999229750941676 60864 45611
0.999918958007508 63172 48856
0.9999144743224518 66089 52137
0.9999097229763001 69244 55550
0.999904927502238 73170 58253
0.9998997818985265 76820 61716
0.9998951419572631 80072 64878
0.9998909150821772 82172 68621
0.9998856392649597 85803 72283
0.9998803583838836 89755 75631
0.9998744951590723 85884 87607
0.9998684648269285 89706 92121
0.9998621118546531 93349 97260
0.9998564974823201 97008 101362
0.9998501162971184 101077 106114
0.999843147704323 106665 110159
0.9998359939189859 111900 114813
0.9998291425183459 116302 119882
0.9998215915818155 120981 125641
0.9998137324733208 126431 131055
0.9998076254598901 129360 136568
0.9998002336732004 133726 142420
0.9997926675450942 143297 143308
0.9997847606916475 141842 155693
0.9997764718785831 145779 163214
0.999767842340178 149348 171574
0.9997595216971455 153106 179318
0.9997518051000992 153178 189913
0.9997438664166842 155227 198838
0.9997345481935143 160384 206562
0.9997247199674457 163248 217284
0.9997142189715964 168269 226779
0.9997030763125259 169469 240982
0.9996923474430409 174387 250895
0.9996815447859028 178014 262201
0.9996699934011051 183022 273161
0.9996577518847256 186514 286591
0.9996452398136172 189463 300938
0.9996318191416003 197387 311566
0.999617418974655 203051 325808
0.9996033421712495 210120 338198
0.9995899432014835 215125 351715
0.9995764581461221 220169 365312
0.9995625976418182 226947 377694
0.9995474762367315 227439 398105
0.9995310035048158 235433 412882
0.9995130268069061 244814 428351
0.9994954856008331 253287 444126
0.9994793890412682 259571 460093
0.9994629293307032 264944 477473
0.999444931653951 269789 497507
0.9994257569917862 276685 517117
0.9994061424973345 283407 537509
0.9993854486775999 292231 557291
0.9993646637084111 301609 576645
0.9993440480167801 311565 595187
0.9993227588319599 319840 616341
0.9992991207401732 331175 637682
0.9992738195325518 342473 661359
0.9992483179408129 359060 680024
0.999220324207251 373542 704239
0.9991910804240317 390622 727584
0.9991642188245636 402678 752660
0.9991369173928086 411296 781782
0.9991038431622883 426330 812468
0.9990681718957318 440298 847810
0.9990327856520718 456234 880790
0.9989976200479637 468002 917633
0.9989614633743933 485277 950339
0.9989293028086399 495499 984574
0.9988919778305574 509447 1022222
0.9988555947301683 527273 1054690
0.9988174110663547 543680 1091066
0.9987731080911681 565103 1130885
0.9987335123342229 567730 1182993
0.9986951919462281 579357 1224338
0.9986575385407472 586298 1269447
0.9986195530908261 586244 1322010
0.9985788382211378 595501 1369035
0.9985335977087082 607384 1419690
0.9984890813280535 619088 1469523
0.9984424945526537 628747 1524263
0.9983975969357898 634945 1580129
0.9983588215239323 639929 1628746
0.99831472037968 643948 1685690
0.998266252742527 653622 1743015
0.9982195545622387 661595 1799595
0.9981727268918528 667950 1857972
0.9981264070541401 677714 1912238
0.998084658433896 676900 1970763
0.9980448579523832 673213 2029468
0.9979981460273358 676549 2090704
0.997947744719619 686395 2150530
0.9978979018831611 692030 2213795
0.9978473530001375 697330 2278371
0.9977972649282433 707668 2337272
0.9977528418672679 710771 2395577
0.9977087320421152 704348 2462975
0.9976673357217456 706851 2517696
0.9976053490290379 725991 2584243
0.9975494541581851 742023 2645477
0.9974941336735754 752424 2711548
0.9974371573072146 765302 2777431
0.9973803610695371 781975 2839270
0.997329779633137 785996 2905170
0.9972730955237563 801282 2968241
0.9972124138597418 815538 3037868
0.9971521242830621 831124 3105623
0.9970895986511212 846395 3176784
0.9970240347040407 862320 3251491
0.9969583477775378 882542 3322071
0.9969035069126752 883697 3396725
0.996838612841742 897394 3472734
0.9967693573417667 919018 3546845
0.9966995115405645 943480 3618934
0.9966289285862365 958316 3701668
0.9965606590918649 973175 3781181
0.9964940541601448 986598 3859829
0.9964334260283495 990061 3940175
0.9963682302961275 995933 4024426
0.9962974129574889 1009976 4108277
0.996227659029149 1017754 4196923
0.9961601382624369 1013964 4294050
0.996093147030649 1010824 4389795
0.9960302387156822 1003299 4484281
0.9959759230452937 975861 4586802
0.9959156291281638 968377 4677633
0.995853048517187 966382 4766136
0.9957907977804255 970116 4848454
0.9957290461954368 960969 4942963
0.9956649522141572 956402 5036130
0.9956055097486747 962640 5112062
0.9955544450754856 947576 5197715
0.9954962309574096 940441 5285322
0.9954334239196141 940705 5371879
0.995374477712271 942217 5451851
0.9953169841089282 944996 5528548
0.9952621287758983 937625 5611748
0.9952082768102727 934427 5689388
0.995163955749877 919023 5766059
0.9951118349004727 907883 5849248
0.9950550299818949 902425 5933230
0.9950040325856839 893592 6012559
0.9949510270078473 883185 6096238
0.9948972177233154 867496 6186310
0.9948489432361963 861853 6258685
0.9948089083703726 838729 6337151
0.994762965428419 826876 6412513
0.9947139848947342 812390 6494707
0.9946681417831351 804528 6565940
0.994623137101833 795087 6637593
0.9945783791027839 783311 6711240
0.9945380693417809 772055 6778218
0.9945042210643082 748538 6848525
0.9944651251825444 740090 6911017
0.9944247307827625 715812 6991134
0.9943854019635047 695509 7065803
0.9943467936589799 680680 7134002
0.9943105299209712 668154 7196657
0.9942778694800365 653717 7256242
0.9942514867769071 625857 7320572
0.9942197342134724 610803 7379519
0.9941836498807387 603687 7436516
0.9941484575105209 594386 7494465
0.9941135400354826 582649 7554470
0.9940795666083625 570458 7613624
0.9940468461245334 561908 7667405
0.9940191323500094 541405 7726218
0.9939856725428297 533787 7780089
0.9939493502087433 527962 7836124
0.9939148884809758 520773 7890951
0.9938784605292679 516632 7945448
0.9938454195755324 512665 7995089
0.993812212961281 509673 8043984
0.9937846706345399 505265 8086465
0.993752637388659 494657 8141354
0.9937179825108576 489294 8194622
0.9936855166667735 484547 8244248
0.9936531918873209 480719 8292760
0.9936234598034542 479216 8335363
0.9936013611246717 465478 8379649
0.993580264366477 453401 8420889
0.9935523285055844 446805 8466102
0.9935193584458688 443303 8515180
0.993486167023193 443794 8560571
0.993452722407589 439747 8610850
0.9934200178387439 440962 8654844
0.9933881451895205 443486 8696379
0.9933606737567993 438667 8739173
0.9933285717871236 444746 8777470
0.9932963880723025 452344 8814361
0.9932652221930532 455555 8854232
0.993235329512529 454940 8896169
0.9932050838087221 453956 8938963
0.9931770358195328 446952 8984739
0.9931545247979813 435603 9027206
0.9931280451581307 428644 9070769
0.9931023272672901 422943 9112021
0.9930758541381148 416082 9155477
0.9930493397746627 409689 9198522
0.9930232891159735 403248 9240974
0.9929994303846351 396729 9280474
0.99298021159456 383866 9319904
0.9929570046541598 378909 9356941
0.9929342020990366 372293 9395078
0.9929129534250849 363750 9432994
0.992891228748428 359819 9466956
0.9928693427517051 356546 9500483
0.9928497593638133 352586 9531514
0.9928337973582045 339820 9566345
0.9928147123986772 332002 9600545
0.9927973433637954 322366 9634191
0.9927807845462843 313831 9665616
0.9927625893790478 308751 9695848
0.9927433293546958 305344 9725879
0.9927257237652782 303639 9751921
0.9927115767912612 292518 9782598
0.9926942511608814 289240 9809826
0.9926763742933263 283849 9839929
0.9926596874325343 281919 9864926
0.9926435749579853 281667 9887451
0.9926300240724624 278690 9909160
0.9926155407135548 277301 9930570
0.9926036536672751 268581 9955722
0.9925887883487501 262272 9982580
0.9925730021313744 257656 10009018
0.9925730021313744 257656 10009018
0.9925585086447499 254254 10032455
0.9925315573426443 247220 10076745
0.9925196182109621 243953 10096516
0.9925077723989593 231036 10125808
0.9924946873884244 227546 10147386
0.9924799689217978 228083 10167195
0.9924668470174363 225449 10187968
0.9924668470174363 225449 10187968
0.9924401771211854 223335 10226949
0.992428377607318 222526 10244069
0.9924192742364328 216558 10262621
0.9924077228516351 214507 10280640
0.9923954639734549 213603 10298490
0.9923841860370198 213027 10314656
0.9923732206129992 211033 10331808
0.9923622653166955 208826 10349159
0.992352290962137 208012 10363761
0.9923450207080527 200514 10381309
0.99233502609806 197180 10398459
0.9923239984609198 192308 10418575
0.9923134764862277 188694 10436734
0.9923031635765537 185662 10454022
0.9922924216857182 184408 10470125
0.9922828705250542 184182 10483554
0.9922762860621015 177266 10499572
0.9922671067333378 176498 10513029
0.9922586674513333 173740 10527453
0.9922450275865813 171686 10548362
0.9922355639583296 169837 10563293
0.9922261278195957 168791 10577383
0.9922178549215155 168235 10589375
0.99221160829027 163353 10602892
0.9922036225853113 160057 10617227
0.9921942913407906 155025 10635158
0.992185315289778 151460 10651131
0.9921768420075802 148590 10665714
0.9921681184260875 148766 10677597
0.9921595597817024 148609 10689585
0.9921529695314828 143625 10703679
0.9921449635710897 141511 10716860
0.9921356149647683 142562 10728732
0.9921288807562838 135926 10744677
0.9921200964084883 136571 10756175
0.9921112751668661 137567 10767373
0.9921028481828038 139637 10776952
0.9920962499750922 136872 10788838
0.992087851203956 136549 10800771
0.9920785329807861 137342 10812859
0.9920689890542057 139542 10823852
0.992058866400932 143127 10834260
0.992048547703991 145634 10846017
0.9920382760285938 150055 10855795
0.9920306194744418 147306 10869128
0.9920206783966682 146907 10883269
0.9920085699874283 151708 10895206
0.9919965780469354 155986 10907505
0.9919846504897871 159590 10920389
0.99197253195283 164511 10932220
