0 0
2 0
2 0
2 0
2 0
4 0
4 0
6 0
19 0
25 2
31 3
31 3
63 6
83 13
104 13
121 13
159 13
197 30
275 36
322 47
397 53
437 77
501 78
601 85
701 89
780 113
913 133
994 161
1107 178
1217 197
1311 217
1417 260
1508 282
1671 315
1751 341
1911 362
2090 401
2313 425
2494 462
2761 532
2924 588
3229 613
3509 732
3778 779
3954 885
4221 915
4472 1044
4796 1127
5082 1166
5307 1268
5423 1337
5677 1458
5870 1548
6168 1607
6520 1691
6845 1762
7032 1850
7180 1916
7484 2027
7596 2175
7804 2314
8160 2391
8347 2496
8471 2721
8769 2818
9002 3069
9226 3212
9465 3311
9675 3437
10079 3566
10361 3671
10393 3872
10679 4070
11123 4315
11445 4561
11617 4879
12025 5000
12237 5277
12495 5515
12808 5688
13372 5817
14046 6116
14413 6383
15145 6600
15497 6774
15717 7033
15870 7295
16321 7530
16802 7736
17204 8012
17185 8588
17552 8921
17662 9278
17951 9598
18129 10104
18205 10613
18308 11213
18806 11708
18837 12349
19246 12787
19739 13337
20228 14088
20659 14636
21145 15261
21553 15867
21612 16665
21973 17321
22466 17934
22912 18519
23625 19137
24081 19722
24717 20312
25022 20869
25610 21235
26120 21776
26778 22231
27118 23069
27411 24016
28183 24629
28320 25690
28487 26605
28703 27682
29241 28529
29740 29654
30091 30604
30834 31308
31473 32276
31798 33160
32132 34094
33135 34944
34668 36068
35349 36998
35764 38254
36455 39244
36636 40345
37226 41346
37247 42847
37450 44218
37339 45791
37598 47284
36977 49544
36998 51216
37083 52786
37037 54714
36917 56740
36808 58610
37218 60068
37342 61436
37292 63011
36611 65440
37319 67113
36986 69350
37338 71038
36824 73112
37244 74211
37595 75539
37618 77438
37530 79341
37587 81166
38076 83150
38539 84964
38721 86675
39082 88001
39242 89534
39017 91701
39290 93526
39484 95639
40076 97392
40296 99253
40705 100665
40460 102583
39942 105003
40119 107092
39917 109491
39706 111792
39355 114180
37593 117819
38134 119725
37812 122353
37245 125639
37818 128069
39132 130063
40525 131528
41420 133376
42009 135562
43059 137587
44463 139805
45524 142013
46324 144341
47509 146600
48207 148782
48847 151188
49806 153536
51237 155966
52179 158761
53638 161108
54649 163733
54277 167246
55000 170030
55792 173201
56720 175908
56409 180110
56889 183798
57796 186880
58378 190474
58788 194135
59453 197935
60064 201958
60431 206414
61628 209711
61813 213400
61379 217343
61686 221038
61321 225687
61839 229343
63187 232312
63399 236107
63894 239604
63274 243846
63365 247811
63951 251763
64924 255640
65314 259344
65706 263246
66578 266871
66262 270454
65299 275323
64742 280007
63231 285929
63570 289891
63739 294023
64032 297835
63380 301860
62455 306387
62743 310366
63576 313965
63733 318177
63556 322424
62649 327063
61851 331083
60694 335760
61078 339405
60569 343479
58868 348077
58418 351670
56899 355885
55792 359610
54732 363643
54190 367541
54306 371490
54427 375147
54879 378957
54804 382912
53614 386955
53846 390502
54300 393818
55274 397017
57604 400131
59765 403242
59911 407202
59909 410739
60426 414029
60870 417850
61306 422212
62080 426230
63579 429729
63596 434072
63722 438388
64878 441424
65804 446032
66752 450001
68604 453977
69370 458629
71658 462608
71420 467463
72015 471960
73429 476079
77969 479908
80023 483657
81669 488038
83285 492511
84481 497069
85345 501497
87284 505616
88622 510311
89846 515397
91602 520029
93165 524655
93396 529913
93662 535767
94922 541232
97139 546369
98688 551509
102029 555919
103239 561691
104809 566969
105146 572979
106528 579111
108269 584569
108946 591151
109150 597687
108452 604913
107789 611430
108636 618486
109439 625685
109963 633235
111005 640265
110400 648073
110679 654671
110089 662014
110693 668855
112593 675809
114766 682957
117704 690636
120928 697458
122873 705153
123636 713082
126313 720452
129628 728415
133149 736451
138238 744180
143517 753125
145482 762447
144798 772217
146842 780538
149388 790560
151658 799993
156683 808600
158751 818723
162617 826645
161636 837620
163526 848824
164113 860185
166540 871453
170017 881778
174083 892230
175095 903219
175349 913959
172576 927111
175236 936435
174798 948307
176672 958182
176433 970577
176291 981546
171288 994791
169351 1005428
168416 1015139
166492 1025498
165086 1036773
161731 1048972
159012 1058456
158498 1065432
160689 1073270
162182 1081464
160494 1092191
160142 1103157
158197 1113156
157088 1121565
157148 1131685
158604 1140004
158162 1147979
157705 1156929
158408 1164458
157039 1172035
