1.0 0 0
0.9999999927013054 2 0
0.9999999927013054 2 0
0.9999999927013054 2 0
0.9999999927013054 2 0
0.9999999854026108 4 0
0.9999999854026108 4 0
0.9999999781039162 6 0
0.9999999306624013 19 0
0.999999901467623 25 2
0.9999998759221919 31 3
0.9999998759221919 31 3
0.9999997481950365 63 6
0.9999996496626594 83 13
0.9999995730263662 104 13
0.9999995109874621 121 13
0.9999993723122649 159 13
0.9999991715981634 197 30
0.9999988650529905 275 36
0.9999986533908473 322 47
0.9999983577937162 397 53
0.9999981242354891 437 77
0.9999978870279148 501 78
0.9999974965477539 601 85
0.999997117015635 701 89
0.9999967411328634 780 113
0.9999961827827268 913 133
0.9999957850038714 994 161
0.9999953105887228 1107 178
0.9999948398229214 1217 197
0.9999944237973295 1311 217
0.9999938800445822 1417 260
0.9999934676683375 1508 282
0.9999927523962673 1671 315
0.9999923655654538 1751 341
0.9999917050335929 1911 362
0.9999909094758821 2090 401
0.9999900080870996 2313 425
0.9999892125293888 2494 462
0.9999879826993495 2761 532
0.9999871834922913 2924 588
0.9999859792076832 3229 613
0.9999845231181115 3509 732
0.9999833699243655 3778 779
0.9999823408084276 3954 885
0.9999812569522804 4221 915
0.9999798702003073 4472 1044
0.9999783849159573 4796 1127
0.9999771988780856 5082 1166
0.9999760055415192 5307 1268
0.9999753304122693 5423 1337
0.9999739619070327 5677 1458
0.9999729291417475 5870 1548
0.9999716263247623 6168 1607
0.9999700352093407 6520 1691
0.9999685900678108 6845 1762
0.9999675864973041 7032 1850
0.9999668055369824 7180 1916
0.9999652910578539 7484 2027
0.9999643422275566 7596 2175
0.9999630759040444 7804 2314
0.9999614957366646 8160 2391
0.9999604301272538 8347 2496
0.999959156505047 8471 2721
0.9999577150128645 8769 2818
0.9999559487287725 9002 3069
0.9999546094183144 9226 3212
0.9999533759389277 9465 3311
0.9999521497582359 9675 3437
0.9999502046561263 10079 3566
0.9999487923587222 10361 3671
0.9999479420608018 10393 3872
0.99994617577671 10679 4070
0.999943661376422 11123 4315
0.999941588547157 11445 4561
0.9999398003669813 11617 4879
0.999937869862261 12025 5000
0.9999360853314325 12237 5277
0.999934275255173 12495 5515
0.9999325016723863 12808 5688
0.9999299726747093 13372 5817
0.9999264218597889 14046 6116
0.9999241081736022 14413 6383
0.999920644943017 15145 6600
0.9999187253863385 15497 6774
0.999916977348983 15717 7033
0.9999154628698546 15870 7295
0.9999129594176085 16321 7530
0.9999104523160152 16802 7736
0.9999079780585475 17204 8012
0.9999059453721029 17185 8588
0.9999033908289946 17552 8921
0.9999016865838067 17662 9278
0.9998994641313026 17951 9598
0.9998969679777511 18129 10104
0.9998948331095822 18205 10613
0.999892267618432 18308 11213
0.9998886438165656 18806 11708
0.9998861914551818 18837 12349
0.9998831004580209 19246 12787
0.9998792941887896 19739 13337
0.9998747689981408 20228 14088
0.9998711962871365 20659 14636
0.9998671418622891 21145 15261
0.9998634414241294 21553 15867
0.9998603139334955 21612 16665
0.999856602547294 21973 17321
0.9998525663691831 22466 17934
0.9998488038921194 22912 18519
0.9998439466108665 23625 19137
0.9998401476403298 24081 19722
0.9998356735405431 24717 20312
0.9998325278031728 25022 20869
0.999829046325851 25610 21235
0.9998252108618414 26120 21776
0.9998211491382993 26778 22231
0.9998168502071829 27118 23069
0.999812325016534 27411 24016
0.9998072706705271 28183 24629
0.9998028987524648 28320 25690
0.9997989501586889 28487 26605
0.9997942315526334 28703 27682
0.9997891772066264 29241 28529
0.9997832506666153 29740 29654
0.9997785028657813 30091 30604
0.9997732222602419 30834 31308
0.999767357759135 31473 32276
0.9997629456982523 31798 33160
0.9997583183258791 32132 34094
0.999751556085337 33135 34944
0.9997418597695676 34668 36068
0.9997359806710715 35349 36998
0.9997298826117375 35764 38254
0.9997237480589304 36455 39244
0.9997190695956951 36636 40345
0.9997132634841448 37226 41346
0.9997077091775581 37247 42847
0.9997019651049119 37450 44218
0.9996966297591631 37339 45791
0.9996902361026979 37598 47284
0.9996842548224775 36977 49544
0.9996780764775028 36998 51216
0.9996720368077255 37083 52786
0.9996651687361118 37037 54714
0.9996582130801628 36917 56740
0.999651786579572 36808 58610
0.9996449695988204 37218 60068
0.9996395247726526 37342 61436
0.999633959518024 37292 63011
0.9996275804589481 36611 65440
0.9996188913630328 37319 67113
0.9996119430057785 36986 69350
0.9996044983372917 37338 71038
0.9995988053555077 36824 73112
0.9995932619969629 37244 74211
0.9995871347428504 37595 75539
0.9995801206973447 37618 77438
0.9995734971319998 37530 79341
0.9995666290603861 37587 81166
0.9995576042245194 38076 83150
0.9995492946607232 38539 84964
0.9995423864462891 38721 86675
0.9995362299973983 39082 88001
0.9995300516524237 39242 89534
0.999522964619972 39017 91701
0.999515308289342 39290 93526
0.9995068892451269 39484 95639
0.9994983315257143 40076 97392
0.9994907372339883 40296 99253
0.9994840917725597 40705 100665
0.999477986414531 40460 102583
0.9994710453559713 39942 105003
0.9994627759349952 40119 107092
0.9994547583189828 39917 109491
0.9994471311831311 39706 111792
0.9994396974626862 39355 114180
0.9994328476378089 37593 117819
0.9994239176849721 38134 119725
0.9994155022901041 37812 122353
0.9994055797148024 37245 125639
0.9993946207248681 37818 128069
0.9993825486840081 39132 130063
0.999372118849432 40525 131528
0.9993621086897951 41420 133376
0.9993519817510447 42009 135562
0.999340760008105 43059 137587
0.9993275420721937 44463 139805
0.9993156123558783 45524 142013
0.9993041971975319 46324 144341
0.9992916288454395 47509 146600
0.9992811187252228 48207 148782
0.9992700028133549 48847 151188
0.9992579344218422 49806 153536
0.9992438442919267 51237 155966
0.9992302066810761 52179 158761
0.999216317265262 53638 161108
0.9992030482384885 54649 163733
0.9991915856386272 54277 167246
0.9991787873776551 55000 170030
0.9991643250143153 55792 173201
0.9991510596368891 56720 175908
0.9991368600265547 56409 180110
0.9991216495470189 56889 183798
0.9991070923006494 57796 186880
0.9990918526263353 58378 190474
0.9990769961334873 58788 194135
0.9990607017978043 59453 197935
0.9990437907224279 60064 201958
0.9990261899204123 60431 206414
0.9990097897536575 61628 209711
0.9989956521822272 61813 213400
0.9989828466225604 61379 217343
0.998968241934676 61686 221038
0.9989526081308538 61321 225687
0.9989373757552342 61839 229343
0.9989216215229512 63187 232312
0.9989069985883303 63399 236107
0.9988924303939188 63894 239604
0.9988792124580075 63274 243846
0.998864410705369 63365 247811
0.9988478499673332 63951 251763
0.9988301506329406 64924 255640
0.9988152102051049 65314 259344
0.9987995399078096 65706 263246
0.998783128793013 66578 266871
0.9987712063753922 66262 270454
0.9987569520248484 65299 275323
0.9987418911685518 64742 280007
0.9987257938976227 63231 285929
0.9987100980548964 63570 289891
0.9986944022121701 63739 294023
0.998679421641514 64032 297835
0.9986671123930798 63380 301860
0.9986539674441144 62455 306387
0.9986383956791961 62743 310366
0.9986222217719739 63576 313965
0.9986062777736313 63733 318177
0.9985914249301306 63556 322424
0.9985778055660166 62649 327063
0.9985660473690242 61851 331083
0.9985532016665372 60694 335760
0.9985384984462758 61078 339405
0.9985254885231604 60569 343479
0.9985149163640397 58868 348077
0.9985034464654838 58418 351670
0.9984936078251698 56899 355885
0.9984840538339451 55792 359610
0.9984732043244299 54732 363643
0.9984609571148996 54190 367541
0.9984461225181355 54306 371490
0.9984323352840457 54427 375147
0.998416781765864 54879 378957
0.9984026222983499 54804 382912
0.9983922107105102 53614 386955
0.9983784198270732 53846 390502
0.9983646617877618 54300 393818
0.9983494330614896 55274 397017
0.9983295660148023 57604 400131
0.9983103266558501 59765 403242
0.9982953424358467 59911 407202
0.9982824419931503 59909 410739
0.9982685489279889 60426 414029
0.9982529844617652 60870 417850
0.9982354748934321 61306 422212
0.9982179872211827 62080 426230
0.99819974778339 63579 429729
0.9981838366291732 63596 434072
0.998167626228478 63722 438388
0.9981523281646071 64878 441424
0.998132132676663 65804 446032
0.9981141888360014 66752 450001
0.9980929204399519 68604 453977
0.9980731482762943 69370 458629
0.9980502778167812 71658 462608
0.9980334287803089 71420 467463
0.9980148463038703 72015 471960
0.9979946544652735 73429 476079
0.9979641130777411 77969 479908
0.9979429359153741 80023 483657
0.9979209412992123 81669 488038
0.9978987204235181 83285 492511
0.9978777220791686 84481 497069
0.9978584097332706 85345 501497
0.9978363019873425 87284 505616
0.9978142854750971 88622 510311
0.9977912580936502 89846 515397
0.997767946063114 91602 520029
0.9977453602526901 93165 524655
0.9977253289853745 93396 529913
0.9977029949799141 93662 535767
0.9976784531193387 94922 541232
0.9976516158193133 97139 546369
0.9976272053352406 98688 551509
0.9975989192443381 102029 555919
0.9975734395015073 103239 561691
0.9975484487712144 104809 566969
0.9975252863639175 105146 572979
0.9974978651683245 106528 579111
0.9974715935171301 108269 584569
0.9974451029050979 108946 591151
0.9974205063043131 109150 597687
0.9973966833651554 108452 604913
0.9973753200860761 107789 611430
0.9973464792943844 108636 618486
0.9973172772173102 109439 625685
0.9972878123872306 109963 633235
0.9972583548558456 111005 640265
0.9972320686072621 110400 648073
0.9972069720458975 110679 654671
0.9971823280035979 110089 662014
0.9971551586129683 110693 668855
0.9971228472919967 112593 675809
0.9970888317258372 114766 682957
0.9970500866055801 117704 690636
0.99701342526263 120928 697458
0.9969782455546826 122873 705153
0.9969465254279732 123636 713082
0.9969098604356758 126313 720452
0.996868703096855 129628 728415
0.9968265275901385 133149 736451
0.9967797502564798 138238 744180
0.9967278419405209 143517 753125
0.9966866517575745 145482 762447
0.9966534937880299 144798 772217
0.9966156683032918 146842 780538
0.9965698033064575 149388 790560
0.9965270949950356 151658 799993
0.9964773470926767 156683 808600
0.9964328578997734 158751 818723
0.9963898393938312 162617 826645
0.9963533678169404 161636 837620
0.9963055832634277 163526 848824
0.9962619808619178 164113 860185
0.9962120030506791 166540 871453
0.9961616347592798 170017 881778
0.9961086535352154 174083 892230
0.9960648577182988 175095 903219
0.9960247367941106 175349 913959
0.9959868602185104 172576 927111
0.9959431264404978 175236 936435
0.9959013998034987 174798 948307
0.995858523622101 176672 958182
0.9958141621563532 176433 970577
0.9957746506731637 176291 981546
0.9957445727527381 171288 994791
0.9957128234312503 169351 1005428
0.9956807967593679 168416 1015139
0.995650014514914 166492 1025498
0.9956139991064354 165086 1036773
0.9955817242789368 161731 1048972
0.9955570364444696 159012 1058456
0.9955334543622334 158498 1065432
0.9954968550581873 160689 1073270
0.9954615038309169 162182 1081464
0.9954285173806953 160494 1092191
0.9953897832084802 160142 1103157
0.9953603913653465 158197 1113156
0.9953337511300752 157088 1121565
0.9952966007745871 157148 1131685
0.9952609284047546 158604 1140004
0.9952334378715628 158162 1147979
0.9952024439649656 157705 1156929
0.995172402538013 158408 1164458
0.9951497473899905 157039 1172035
