0.9999883816146345 749 229
0.9999821685108042 1144 357
0.9999722489282069 1968 368
0.9999652874007794 2278 644
0.9999582664746537 2667 846
0.9999436068759411 3710 1037
0.9999308242760911 4009 1814
0.9999219976295405 4238 2328
0.9999149291844562 4530 2631
0.9999044631338356 5020 3022
0.999893082343263 5687 3313
0.9998803116231527 6687 3388
0.99986499863876 7891 3473
0.9998487827941549 9159 3570
0.9998344201889332 8624 5314
0.999821910823095 9548 5443
0.999807916489802 9792 6377
0.9997937558401543 10837 6524
0.9997813296324934 11413 6994
0.9997666343945619 11466 8178
0.9997551585660722 11419 9191
0.9997429461937248 12022 9616
0.9997261838810965 13306 9743
0.9997052517798553 13964 10847
0.999679045074215 15315 11702
0.9996506643762212 16715 12691
0.999615904258042 18821 13511
0.9995793621789172 21212 14196
0.9995448990542289 23278 15031
0.9995070502037441 24827 16668
0.9994701042134716 27051 17554
0.9994346075514349 29084 18509
0.9994004532999773 30597 19871
0.9993681998068615 31954 21229
0.9993377876733897 32555 23188
0.9993082902798699 34887 23339
0.9992812757519344 32525 27975
0.9992564589758317 31678 30911
0.9992327351357757 30781 33805
0.9992133236412082 29801 36419
0.9991898967946431 28495 39697
0.9991680737129292 23725 46304
0.9991483889843499 23318 48368
0.9991291794453561 22735 50568
0.9991104807351667 22065 52812
0.999092518568835 21679 54710
0.9990734397069772 20897 57098
0.9990556319772607 20472 59022
0.9990393092149988 19850 61018
0.9990233547246657 20070 62141
0.9990079823415748 19023 64482
0.998992574319265 18540 66262
0.998978389910138 17492 68504
0.9989661537783114 16702 70324
0.9989522782424148 16021 72173
0.998938806617666 15485 73843
0.998925109277864 15114 75367
0.9989133364558833 14733 76739
0.9989001261854065 14268 78316
0.9988873792247754 13909 79748
0.9988757014407118 13509 81131
0.9988637504226366 13237 82409
0.9988542228714473 12942 83506
0.9988426282455612 12799 84625
0.9988280993239846 12991 85656
0.9988123824284443 13155 86815
0.9987924244658534 13645 88005
0.9987747830524918 13905 89230
0.9987562981776159 14313 90378
0.9987381340557102 14567 91653
0.9987217043757917 14820 92783
0.9987017107739817 15179 94107
0.9986841168795787 15677 95090
0.9986608563493686 16514 96211
0.9986393777801041 17140 97393
0.9986144065673862 17897 98738
0.9985935338648432 18308 100084
0.998572079055058 18746 101452
0.9985448269323296 19774 102718
0.9985197488019549 20311 104292
0.9984918789327656 20958 105991
0.9984634625955527 21528 107813
0.9984360085172506 22076 109576
0.9984138052838682 22090 111431
0.9983879074514586 22483 113218
0.998363874738172 22560 115164
0.9983426456434399 22566 116945
0.9983179357849941 22851 118740
0.9982911113328926 23234 120615
0.9982576223468547 24060 122608
0.998230512781002 24389 124561
0.9982006233560742 24821 126645
0.9981652336116943 25563 128882
0.9981282044632444 26543 131019
0.9980909733592206 27478 133218
0.9980485151697563 28714 135556
0.9980142302411626 29281 137875
0.9979872751119253 29178 140247
0.9979591914074223 29159 142630
0.997934921099343 29121 144711
0.9979100330448025 29045 146882
0.9978861428883916 28842 149096
0.9978597936258758 28909 151247
0.9978316505226746 29217 153308
0.9978027827553557 29477 155478
0.997773416038972 29916 157511
0.9977443225565998 30336 159540
0.997713874783909 30699 161740
0.997682844903976 31054 163997
0.9976520050998772 31384 166263
0.9976209395807253 31678 168584
0.9975933548252871 31693 170891
0.9975652236018256 31738 173214
0.9975346570317385 31356 176169
0.9975056110683249 30947 179023
0.9974755434473025 30409 182092
0.9974447155229433 29863 185233
0.9974134955671762 29633 188091
0.9973843189266266 29155 191025
0.9973547502546689 28851 193818
0.9973246232349484 28355 196850
0.9972954347146592 28087 199575
0.9972651532583233 27766 202445
0.9972336481888048 27659 205204
0.9972031647768951 27723 207706
0.997174071294523 27521 210357
0.9971436591610511 27537 212901
0.9971126174013785 27237 215814
0.9970812905279545 26757 218931
0.9970493221485901 26832 221547
0.9970246241698839 25977 224481
0.996997752198824 25258 227462
0.996969276462913 24816 230301
0.9969433073520656 24481 232822
0.9969154018436572 24081 235571
0.9968854530200312 23692 238481
0.996857084201777 23590 240971
0.9968273848526833 22845 244216
0.9967991229520858 22776 246664
0.9967733914360312 22327 249279
0.9967474698441422 21812 251976
0.9967187921526575 21710 254492
0.9966876078361091 21842 256985
0.9966568868294067 21720 259693
0.9966257500318169 21730 262304
0.9965961813598593 22022 264501
0.996568667882859 22036 266803
0.9965409524502848 22259 268913
0.9965120371640073 22550 271056
0.9964803538983942 23107 273166
0.9964490389047098 23450 275459
0.9964179021071201 23761 277769
0.9963861356833296 23919 280285
0.9963558661067333 23940 282812
0.9963239690058068 24145 285292
0.9962931054422287 24402 287633
0.996260424278486 24634 290152
0.9962283846206839 24749 292734
0.9961970933864789 24678 295439
0.9961679880243671 24711 297856
0.9961427435776375 24306 300386
0.9961187465035699 23914 302798
0.9960934188986629 23586 305258
0.996065560909213 23769 307420
0.996035742762723 24467 309232
0.9960045584461747 25104 311220
0.9959748472173414 25683 313142
0.9959481772018554 25948 315122
0.9959228377172087 26078 317125
0.9958961439422434 26489 318961
0.9958678107632081 26982 320853
0.9958387766795341 27626 322653
0.9958117027529004 28058 324500
0.9957854960472602 28522 326242
0.9957614039352755 28588 328204
0.9957363020454215 28798 330107
0.9957096320299355 29009 332141
0.9956833421661178 29404 333959
0.995656695910111 29716 335890
0.9956306792803049 30021 337775
0.9956055536309717 30392 339519
0.9955829227269624 30610 341206
0.9955620856636384 30687 342883
0.9955425791311536 30408 344804
0.9955225974090834 30098 346796
0.995500524852837 30154 348598
0.9954768366519999 30225 350521
0.9954527682994945 30420 352352
0.9954302680726211 30381 354285
0.9954066036312634 30465 356193
0.9953810384315636 30828 357982
0.9953536912709182 31156 359956
0.9953262134331368 31645 361780
0.9953017055302648 31848 363640
0.9952742276924833 32349 365452
0.9952488169293988 32395 367545
0.9952240001532962 32630 369399
0.9951928871151857 33322 371326
0.9951607524194663 33916 373437
0.9951253389156072 34683 375651
0.9950918974485278 35493 377656
0.9950556761223731 36741 379457
0.9950218782631046 37293 381750
0.9949850867094474 38269 383871
0.9949453964993187 39480 386001
0.9949012989057845 40800 388393
0.9948584724443915 42112 390686
0.994816643881128 43475 392844
0.9947743163687999 44818 395064
0.9947362536830014 45641 397445
0.9946963139983404 46689 399759
0.9946545923527336 47650 402310
0.9946109105500867 48924 404713
0.9945683573227053 50094 407125
0.9945229173185921 51296 409748
0.9944807204833999 52765 411831
0.9944388681606572 53698 414421
0.9943954714717615 54849 416923
0.9943491167276962 56189 419485
0.9942998039284612 57606 422219
0.9942520592548583 59077 424767
0.9941998834383706 61048 427188
0.9941506775567923 62901 429477
0.9941046435656972 64010 432243
0.9940592392008029 65142 434933
0.9940092730158877 66344 437937
0.9939604710454572 67479 440910
0.9939030919030083 69039 444180
0.9938482550248418 70176 447659
0.9937941784500122 71607 450780
0.9937454358782797 72446 454044
0.99369922369109 72605 457775
0.9936487229178912 72559 462072
0.9935888609098581 73960 465710
0.9935221442920542 75231 470055
0.9934571502364977 76433 474324
0.9933842799135616 78221 478670
0.9933152111073095 79494 483211
0.9932416636392141 81226 487670
0.9931708603909748 82653 492203
0.9930880823651811 84914 496910
0.9930070150218951 87017 501631
0.9929084963410818 90230 506711
0.9928133277468462 93174 511778
0.9927204281828813 95978 516794
0.9926287284726198 98502 521989
0.992530257310765 101795 526985
0.9924241474763233 106079 531633
0.9923237399169076 109185 536979
0.9922195308408079 112664 542272
0.9921142288286616 116439 547361
0.9920019652890877 120265 552985
0.9918922440137963 123866 558620
0.9917679462979696 128559 564390
0.991645121669858 133392 569896
0.9915051783369289 139299 575769
0.9913683593755244 144898 581687
0.9912289268713996 151098 587224
0.9910958381482413 155744 593781
0.9909468305739688 161757 600311
0.9907917643324812 168443 606678
0.990633146048842 175238 613235
0.9904737080631678 181970 619924
0.9903166222659417 187996 627121
0.9901590969183492 195456 632921
0.9900054800050974 200845 640463
0.9898504137636097 206114 648247
0.9897023922077272 211160 655661
0.9895393903001617 217089 663453
0.9893749390643605 222572 671813
0.989209086019282 228382 679964
0.9890421637976363 235237 687160
0.9888829515270152 239482 696317
0.9887291088987102 242583 706166
0.9885708588869998 245673 716397
0.9884059562210924 249360 726591
0.9882441422874907 252528 737044
0.9880787525522581 254831 748663
0.9879202649457549 259034 757801
0.9877759142294202 259262 769724
0.9876385725594717 259439 781108
0.9875099506184171 257825 793549
0.9873790002483934 257256 805141
0.9872575536700798 255769 816851
0.9871339687386315 253360 829663
0.9870224892618736 252827 839580
0.9869225687717831 248016 852802
0.9868340528317444 243803 864466
0.9867449429047239 240092 875678
0.986653421390557 237528 885946
0.9865630997300935 233764 897313
0.9864745600305757 228922 909608
0.9863899644046173 226904 918747
0.9863136845964052 222681 929391
0.9862386996798137 219705 938679
0.9861656274013038 216353 948182
0.9860918779776344 212742 958001
0.9860174989277644 208654 968350
0.9859441058962842 204189 978993
0.9858725779839271 201027 988176
0.9858041506836155 197841 997122
0.9857387883561303 193912 1006553
0.9856686028543522 190808 1015565
0.9855960414046466 188127 1024354
0.9855215316776406 184944 1033809
0.9854456320210969 181086 1044056
0.9853709440979963 180522 1050907
0.9852991310718879 177710 1059764
0.9852283278236487 174876 1068558
0.9851561821648305 173120 1076387
0.9850835613164267 170844 1084776
0.9850089209122846 165552 1096351
0.9849333657681905 161777 1106486
0.9848591055157168 159842 1114672
0.9847887299381045 156872 1123566
0.9847178316519483 155348 1131058
0.9846440822282789 154616 1137998
0.9845679568566822 154197 1144825
0.9844929125413924 154494 1150845
0.9844160387461985 153673 1158137
0.9843389986346497 154663 1163632
0.9842665322228612 154454 1169941
0.9841950637092023 154471 1175940
0.9841260899408673 153832 1182385
0.9840557975214325 153278 1188856
0.9839823569709938 153447 1194869
0.9839086550662831 152821 1201699
0.9838334325548987 151951 1208901
0.9837600157639393 151263 1215769
0.9836893907117947 150800 1222177
0.983614441434422 150735 1228551
0.9835381735059496 150779 1234927
0.9834596721864254 151200 1241114
0.9833821331258117 151130 1247711
0.9833040475971747 151233 1254181
0.983229003281885 150949 1260782
0.9831545410738375 149989 1268010
0.9830761704314492 150253 1274343
0.9829951506071218 150109 1281307
0.9829135367958125 150706 1287580
0.9828299034287649 151489 1293837
0.9827461037453623 152724 1299656
0.9826630643652966 153584 1305786
0.982579134004758 154412 1312023
0.9824921624308722 155175 1318581
0.9824014012200422 156253 1325143
0.9823112933948921 158008 1330973
0.9822225042208418 158847 1337608
0.9821358058809677 159930 1343823
0.982051222134749 160264 1350609
0.9819634308588283 161295 1356968
0.9818712440792418 162665 1363358
0.9817760754850061 164096 1369938
0.9816805386188417 165280 1376796
0.9815847166389261 166647 1383495
0.9814894767662526 167656 1390503
0.9813953654688448 168795 1397286
0.9813011472537801 169738 1404274
0.9812029849651559 171313 1410962
0.981104026733976 172401 1418204
0.9810057812871743 173886 1424989
0.9809082961437094 174943 1432138
0.9808120346134271 175363 1439821
0.9807172936898185 176645 1446514
