749 229
1144 357
1968 368
2278 644
2667 846
3710 1037
4009 1814
4238 2328
4530 2631
5020 3022
5687 3313
6687 3388
7891 3473
9159 3570
8624 5314
9548 5443
9792 6377
10837 6524
11413 6994
11466 8178
11419 9191
12022 9616
13306 9743
13964 10847
15315 11702
16715 12691
18821 13511
21212 14196
23278 15031
24827 16668
27051 17554
29084 18509
30597 19871
31954 21229
32555 23188
34887 23339
32525 27975
31678 30911
30781 33805
29801 36419
28495 39697
23725 46304
23318 48368
22735 50568
22065 52812
21679 54710
20897 57098
20472 59022
19850 61018
20070 62141
19023 64482
18540 66262
17492 68504
16702 70324
16021 72173
15485 73843
15114 75367
14733 76739
14268 78316
13909 79748
13509 81131
13237 82409
12942 83506
12799 84625
12991 85656
13155 86815
13645 88005
13905 89230
14313 90378
14567 91653
14820 92783
15179 94107
15677 95090
16514 96211
17140 97393
17897 98738
18308 100084
18746 101452
19774 102718
20311 104292
20958 105991
21528 107813
22076 109576
22090 111431
22483 113218
22560 115164
22566 116945
22851 118740
23234 120615
24060 122608
24389 124561
24821 126645
25563 128882
26543 131019
27478 133218
28714 135556
29281 137875
29178 140247
29159 142630
29121 144711
29045 146882
28842 149096
28909 151247
29217 153308
29477 155478
29916 157511
30336 159540
30699 161740
31054 163997
31384 166263
31678 168584
31693 170891
31738 173214
31356 176169
30947 179023
30409 182092
29863 185233
29633 188091
29155 191025
28851 193818
28355 196850
28087 199575
27766 202445
27659 205204
27723 207706
27521 210357
27537 212901
27237 215814
26757 218931
26832 221547
25977 224481
25258 227462
24816 230301
24481 232822
24081 235571
23692 238481
23590 240971
22845 244216
22776 246664
22327 249279
21812 251976
21710 254492
21842 256985
21720 259693
21730 262304
22022 264501
22036 266803
22259 268913
22550 271056
23107 273166
23450 275459
23761 277769
23919 280285
23940 282812
24145 285292
24402 287633
24634 290152
24749 292734
24678 295439
24711 297856
24306 300386
23914 302798
23586 305258
23769 307420
24467 309232
25104 311220
25683 313142
25948 315122
26078 317125
26489 318961
26982 320853
27626 322653
28058 324500
28522 326242
28588 328204
28798 330107
29009 332141
29404 333959
29716 335890
30021 337775
30392 339519
30610 341206
30687 342883
30408 344804
30098 346796
30154 348598
30225 350521
30420 352352
30381 354285
30465 356193
30828 357982
31156 359956
31645 361780
31848 363640
32349 365452
32395 367545
32630 369399
33322 371326
33916 373437
34683 375651
35493 377656
36741 379457
37293 381750
38269 383871
39480 386001
40800 388393
42112 390686
43475 392844
44818 395064
45641 397445
46689 399759
47650 402310
48924 404713
50094 407125
51296 409748
52765 411831
53698 414421
54849 416923
56189 419485
57606 422219
59077 424767
61048 427188
62901 429477
64010 432243
65142 434933
66344 437937
67479 440910
69039 444180
70176 447659
71607 450780
72446 454044
72605 457775
72559 462072
73960 465710
75231 470055
76433 474324
78221 478670
79494 483211
81226 487670
82653 492203
84914 496910
87017 501631
90230 506711
93174 511778
95978 516794
98502 521989
101795 526985
106079 531633
109185 536979
112664 542272
116439 547361
120265 552985
123866 558620
128559 564390
133392 569896
139299 575769
144898 581687
151098 587224
155744 593781
161757 600311
168443 606678
175238 613235
181970 619924
187996 627121
195456 632921
200845 640463
206114 648247
211160 655661
217089 663453
222572 671813
228382 679964
235237 687160
239482 696317
242583 706166
245673 716397
249360 726591
252528 737044
254831 748663
259034 757801
259262 769724
259439 781108
257825 793549
257256 805141
255769 816851
253360 829663
252827 839580
248016 852802
243803 864466
240092 875678
237528 885946
233764 897313
228922 909608
226904 918747
222681 929391
219705 938679
216353 948182
212742 958001
208654 968350
204189 978993
201027 988176
197841 997122
193912 1006553
190808 1015565
188127 1024354
184944 1033809
181086 1044056
180522 1050907
177710 1059764
174876 1068558
173120 1076387
170844 1084776
165552 1096351
161777 1106486
159842 1114672
156872 1123566
155348 1131058
154616 1137998
154197 1144825
154494 1150845
153673 1158137
154663 1163632
154454 1169941
154471 1175940
153832 1182385
153278 1188856
153447 1194869
152821 1201699
151951 1208901
151263 1215769
150800 1222177
150735 1228551
150779 1234927
151200 1241114
151130 1247711
151233 1254181
150949 1260782
149989 1268010
150253 1274343
150109 1281307
150706 1287580
151489 1293837
152724 1299656
153584 1305786
154412 1312023
155175 1318581
156253 1325143
158008 1330973
158847 1337608
159930 1343823
160264 1350609
161295 1356968
162665 1363358
164096 1369938
165280 1376796
166647 1383495
167656 1390503
168795 1397286
169738 1404274
171313 1410962
172401 1418204
173886 1424989
174943 1432138
175363 1439821
176645 1446514
