0.9999995293857833 19 0
0.9999993560015982 26 0
0.9999992073865824 32 0
0.9999991330790745 33 2
0.9999991330790745 33 2
0.999999009233228 37 3
0.9999986624648578 50 4
0.9999985138498421 54 6
0.9999985138498421 51 9
0.9999982413889797 61 10
0.9999982413889797 49 22
0.9999982413889797 48 23
0.9999974983139007 68 33
0.9999972753913771 74 36
0.9999971267763612 80 36
0.9999969286230068 88 36
0.9999961855479278 111 43
0.9999959378562349 109 55
0.9999952443194945 136 56
0.9999948480127856 142 66
0.9999946993977699 146 68
0.9999942287835532 156 77
0.9999934114009663 186 80
0.9999921729425013 214 102
0.9999914298674223 214 132
0.9999905381773275 241 141
0.9999886557204607 296 162
0.9999874668003343 333 173
0.999986451264393 362 185
0.9999843954233412 432 198
0.9999828101965059 474 220
0.9999819680447498 494 234
0.9999808782013005 516 256
0.9999796892811742 540 280
0.9999782526693548 563 315
0.999976196828303 621 340
0.999974462986452 623 408
0.9999722089920456 684 438
0.9999702274585017 681 521
0.9999694843834227 667 565
0.9999683202324656 659 620
0.9999673542348629 645 673
0.9999665120831067 636 716
0.9999658680847049 583 795
0.9999653231629804 556 844
0.9999649516254409 524 891
0.9999644810112241 498 936
0.9999632920910977 495 987
0.9999625242468494 478 1035
0.9999618802484477 448 1091
0.9999610133275222 449 1125
0.9999603197907818 423 1179
0.9999596014848721 402 1229
0.9999584621030843 423 1254
0.999957694258836 418 1290
0.9999563319545245 453 1310
0.9999549201118744 470 1350
0.9999542513443033 473 1374
0.9999522450415901 519 1409
0.9999503873538925 565 1438
0.99994835628201 617 1468
0.9999466719784976 645 1508
0.9999450372133238 651 1568
0.9999431299872877 709 1587
0.9999418915288227 704 1642
0.9999397861494322 758 1673
0.9999385724601365 776 1704
0.9999370120024706 815 1728
0.9999355258523127 838 1765
0.9999336433954459 870 1809
0.9999314637085476 924 1843
0.9999302004809132 918 1900
0.9999278474098298 898 2015
0.999924899878683 951 2081
0.9999221505008908 1000 2143
0.9999209120424258 987 2206
0.9999192525080828 1013 2247
0.9999156857477036 1063 2341
0.9999119703723086 1117 2437
0.9999105585296585 1114 2497
0.9999077596135276 1152 2572
0.9999039699306248 1254 2623
0.9999018150128957 1285 2679
0.9998941861087514 1535 2737
0.9998893065823993 1571 2898
0.9998852692078034 1658 2974
0.9998799190672347 1827 3021
0.9998728103156457 2056 3079
0.9998648346431311 2307 3150
0.9998545306687024 2644 3229
0.9998469513028967 2874 3305
0.9998405113188787 3078 3361
0.9998298853452492 3378 3490
0.9998170301463826 3644 3743
0.9997976854251595 3817 4351
0.99978104054339 4231 4609
0.9997561227590744 4988 4858
0.9997251117591112 5876 5222
0.999693704452439 6834 5532
0.9996660868286698 7539 5942
0.9996465934924308 8045 6223
0.9996182080244133 8774 6640
0.9995869741019263 9650 7025
0.9995598518615431 10406 7364
0.9995306242417693 10886 8064
0.9994994398576209 11481 8728
0.9994720451563753 11392 9923
0.9994377398568951 12126 10574
0.9993992485678033 12711 11543
0.9993630112731177 13528 12189
0.9993225136813126 14222 13130
0.999276195334722 14998 14224
0.9992354252820546 15833 15035
0.9991906426239606 16724 15952
0.9991454141208193 17498 17004
0.9990909219483597 18558 18144
0.9990305594827762 19651 19488
0.9989796836090344 20775 20418
0.9989284361977532 21664 21598
0.9988754301754517 22524 22878
0.9988321088983464 22338 24813
0.9987836108648575 22406 26703
0.9987237933209985 23207 28317
0.9986696974552477 23636 30072
0.9986124311358267 24158 31862
0.998554619894681 24909 33445
0.998501985409919 24989 35490
0.9984574999818566 24967 37308
0.9983974099771353 25764 38937
0.9983295176840846 26784 40658
0.9982757685867042 27228 42384
0.9982052259925384 28120 44340
0.9981375070836728 29060 46134
0.9980802407642517 29632 47874
0.9980250302858825 29487 50248
0.9979749470255583 27630 54127
0.9979226840783358 27814 56053
0.9978661856031631 28310 57838
0.9978160775736696 28060 60111
0.9977653255457744 28037 62183
0.997708108764692 28221 64309
0.9976545330514965 27988 66705
0.9975934522800033 28259 68900
0.9975264269078781 28676 71189
0.9974679468991613 28699 73527
0.9974063955134513 29231 75480
0.9973355061509154 29972 77601
0.9972745987636072 30453 79579
0.997211363074385 30983 81602
0.9971433221663185 29735 85597
0.9970698072718368 30236 88064
0.9969964162232016 31046 90217
0.9969135385827245 32434 92175
0.9968616471730415 32624 94080
0.996801037015765 32397 96754
0.99673329333773 32841 99045
0.9966630479735958 33602 101120
0.9965928521478004 34020 103536
0.9965173804889439 34417 106186
0.9964316543939974 35631 108433
0.9963492969060757 36575 110814
0.9962817761505645 36948 113167
0.996195480364724 38345 115254
0.996111364265782 39362 117633
0.9960261335542215 40307 120129
0.9959309951749411 41428 122849
0.995831596498541 42452 125838
0.9957252624547371 44098 128485
0.9956175661066217 45697 131234
0.9955382552265238 45234 134899
0.9954249115078081 46833 137876
0.9953235312978641 48312 140490
0.9952245784665115 49389 143408
0.995118368268554 50356 146729
0.9950201585122804 51304 149746
0.9949386431761149 51504 152837
0.9948483843231866 51077 156908
0.9947502488744209 51590 160357
0.9946552095718176 51901 163883
0.9945647773347042 51686 167749
0.994461316514539 51924 171688
0.9943663515194436 51535 175911
0.9942739377487861 51338 179839
0.9941808799797269 51290 183644
0.9940965657274305 50742 187596
0.9939988265853736 50878 191406
0.9938810491853531 52007 195032
0.9937563116487595 53348 198727
0.9936412836265314 54038 202681
0.9935508513894179 54298 206072
0.9934439971930586 54236 210448
0.9933227768785056 55597 213981
0.9932176812931667 56096 217725
0.9931038174218956 56787 221631
0.9929984493756944 57395 225277
0.9928967471665494 57554 229224
0.9928092872297519 57590 232719
0.9927060245629412 57260 237218
0.9926013995918189 57190 241512
0.9924934803211798 57570 245489
0.9923863288947891 57953 249432
0.9922796976209535 57977 253713
0.9921829244764993 57567 258030
0.9920977680724467 56889 262146
0.9920031250765522 56156 266700
0.9918861155207801 57141 270439
0.9917609073699697 58893 273742
0.9916501644140304 59546 277560
0.9915363996194366 59566 282133
0.9914306352665265 60116 285853
0.991344413788194 59787 289663
0.9912424638873562 59730 293836
0.991125454331584 60356 297934
0.9910092621583988 61603 301378
0.9908979742807349 62361 305113
0.9907794538056355 63157 309102
0.9906885014159668 62919 313012
0.9906089923825144 62260 316881
0.9905146713858209 61327 321622
0.9904113344115022 61219 325902
0.9903141649603392 61656 329388
0.9902269279460655 61068 333498
0.990147319835936 59948 337832
0.9900892609030972 58004 342120
0.9900346201156219 56321 346009
0.9899576623066076 55475 349962
0.9898605423937832 55180 354178
0.989765007707794 55798 357417
0.9896761606975156 55964 360838
0.9895894438357972 56199 364104
0.9895096623414826 56035 367489
0.9894326302249603 55903 370731
0.989332463704312 56829 373849
0.9892353685606569 58098 376500
0.9891445400168346 58837 379428
0.9890479650257348 59873 382291
0.9889542137199352 60248 385701
0.9888748533014987 60376 388777
0.988811592843107 59735 391972
0.9887201698392216 60134 395264
0.9886084608856797 61103 398805
0.9885083191342007 62171 401780
0.9884140972141843 62554 405201
0.9883428115449395 62530 408103
0.9882933475138479 62065 410565
0.9882275110618491 61540 413748
0.988142973887029 61907 416794
0.9880539287233963 62472 419824
0.9879654037123189 57507 428363
0.9878737330167404 58190 431381
0.9877853566206788 58629 434510
0.9877140214130955 58810 437209
0.987651355414767 58294 440255
0.9875724903797166 58120 443613
0.9874838910611313 59213 446097
0.9874046792577106 60369 448139
0.98732299053736 61046 450760
0.9872563614719435 61060 453436
0.9871964448514075 61066 455849
0.9871410362196839 60443 458709
0.9870818379050573 60265 461277
0.9870084963947607 59726 464777
0.9869503136160755 59881 466971
0.9868915116081579 59902 469324
0.9868285236106286 59492 472277
0.9867842858742591 58590 474965
0.9867405435212757 57911 477410
0.9866876365756514 57807 479650
0.9866308656396163 57934 481815
0.9865704784048636 58047 484140
0.9865089765574921 58169 486501
0.9864459390216243 58751 488464
0.9864061597357289 58084 490737
0.986366182296479 57308 493127
0.9863138202725793 57617 494932
0.9862588822550724 57891 496876
0.9862103099140755 58075 498653
0.9861598055778733 58543 500224
0.9861138587688222 58463 502159
0.9860668468854912 58452 504068
0.9860252346810676 58201 505999
0.9859802786387885 57830 508185
0.9859276936923651 57597 510541
0.98588471918363 57526 512347
0.9858505377299963 56760 514493
0.9858171736589495 56154 516446
0.9857918595679251 55388 518234
0.9857667931685937 54609 520025
0.9857336520200707 53895 522077
0.9856991981055747 53110 524253
0.9856607315856522 52875 526041
0.9856227604491156 52478 527971
0.9855890248405292 52050 529761
0.9855566515362545 51433 531685
0.9855312135993836 50479 533666
0.9855014905962238 49998 535347
0.9854728078981747 49434 537069
0.9854437536625861 49147 538529
0.9854158388087852 48718 540085
0.9853876019557836 48316 541627
0.9853668949302489 47750 543029
0.9853466337497617 47014 544583
0.9853235736531436 46423 546105
0.9852984824846429 45940 547601
0.9852761654631038 45286 549156
0.9852551364383684 44637 550654
0.9852327946476599 43552 552641
0.9852119885454481 42458 554575
0.985193634590997 41220 556554
0.9851788969352636 39996 558373
0.9851601466741037 38813 560313
0.9851393653410612 37754 562211
0.9851197976973144 36759 563996
0.9851032271230528 35522 565902
0.9850807614864979 34460 567871
0.985065726600733 33301 569637
0.9850458864961238 32056 571683
0.985025823468991 31055 573494
0.9850043485992082 29926 575490
0.9849852763388472 28905 577281
0.984965337157561 28170 578821
0.9849505747326583 26754 580833
0.98493459861846 25859 582373
0.984914857590528 24878 584151
0.9848944725641943 23879 585973
0.9848759947638966 22710 587888
0.9848559565059332 21705 589702
0.9848389896249629 20816 591276
0.9848197192112476 20044 592826
0.9847976003430629 19228 594535
0.9847774630084222 18449 596127
0.9847575485963052 17618 597762
0.9847357764964907 16914 599345
0.984712419169841 15918 601284
0.9846890123048527 15571 602576
0.9846698161986454 15024 603898
0.9846521310117653 14460 605176
0.9846277581491744 14179 606441
0.9845996451420191 14093 607662
0.9845670241460514 14124 608948
0.9845385396013566 14172 610050
0.9845005436956508 14506 611250
0.9844594268746131 15138 612278
0.9844313386366271 15237 613313
0.9843889090496166 16096 614167
0.9843395193260329 17105 615152
0.9842829960816908 18579 615960
0.9842243179196196 19950 616958
0.9841616519212912 21459 617979
0.9841074074405247 22484 619144
0.984052320808002 23614 620238
0.9839830166723013 25287 621363
0.9839004858001944 26990 622992
0.9838119360199477 29317 624240
0.9837154353363557 31506 625947
0.9836157641990935 33716 627761
0.9835346947079754 34998 629752
0.983455755365417 36156 631781
0.9833600472952426 37761 634040
0.9832564873984003 39334 636648
0.9831498313553955 41517 638771
0.9830489217596682 43293 641069
0.9829415226415843 45155 643543
0.9828537654747552 45860 646381
