19 0
26 0
32 0
33 2
33 2
37 3
50 4
54 6
51 9
61 10
49 22
48 23
68 33
74 36
80 36
88 36
111 43
109 55
136 56
142 66
146 68
156 77
186 80
214 102
214 132
241 141
296 162
333 173
362 185
432 198
474 220
494 234
516 256
540 280
563 315
621 340
623 408
684 438
681 521
667 565
659 620
645 673
636 716
583 795
556 844
524 891
498 936
495 987
478 1035
448 1091
449 1125
423 1179
402 1229
423 1254
418 1290
453 1310
470 1350
473 1374
519 1409
565 1438
617 1468
645 1508
651 1568
709 1587
704 1642
758 1673
776 1704
815 1728
838 1765
870 1809
924 1843
918 1900
898 2015
951 2081
1000 2143
987 2206
1013 2247
1063 2341
1117 2437
1114 2497
1152 2572
1254 2623
1285 2679
1535 2737
1571 2898
1658 2974
1827 3021
2056 3079
2307 3150
2644 3229
2874 3305
3078 3361
3378 3490
3644 3743
3817 4351
4231 4609
4988 4858
5876 5222
6834 5532
7539 5942
8045 6223
8774 6640
9650 7025
10406 7364
10886 8064
11481 8728
11392 9923
12126 10574
12711 11543
13528 12189
14222 13130
14998 14224
15833 15035
16724 15952
17498 17004
18558 18144
19651 19488
20775 20418
21664 21598
22524 22878
22338 24813
22406 26703
23207 28317
23636 30072
24158 31862
24909 33445
24989 35490
24967 37308
25764 38937
26784 40658
27228 42384
28120 44340
29060 46134
29632 47874
29487 50248
27630 54127
27814 56053
28310 57838
28060 60111
28037 62183
28221 64309
27988 66705
28259 68900
28676 71189
28699 73527
29231 75480
29972 77601
30453 79579
30983 81602
29735 85597
30236 88064
31046 90217
32434 92175
32624 94080
32397 96754
32841 99045
33602 101120
34020 103536
34417 106186
35631 108433
36575 110814
36948 113167
38345 115254
39362 117633
40307 120129
41428 122849
42452 125838
44098 128485
45697 131234
45234 134899
46833 137876
48312 140490
49389 143408
50356 146729
51304 149746
51504 152837
51077 156908
51590 160357
51901 163883
51686 167749
51924 171688
51535 175911
51338 179839
51290 183644
50742 187596
50878 191406
52007 195032
53348 198727
54038 202681
54298 206072
54236 210448
55597 213981
56096 217725
56787 221631
57395 225277
57554 229224
57590 232719
57260 237218
57190 241512
57570 245489
57953 249432
57977 253713
57567 258030
56889 262146
56156 266700
57141 270439
58893 273742
59546 277560
59566 282133
60116 285853
59787 289663
59730 293836
60356 297934
61603 301378
62361 305113
63157 309102
62919 313012
62260 316881
61327 321622
61219 325902
61656 329388
61068 333498
59948 337832
58004 342120
56321 346009
55475 349962
55180 354178
55798 357417
55964 360838
56199 364104
56035 367489
55903 370731
56829 373849
58098 376500
58837 379428
59873 382291
60248 385701
60376 388777
59735 391972
60134 395264
61103 398805
62171 401780
62554 405201
62530 408103
62065 410565
61540 413748
61907 416794
62472 419824
57507 428363
58190 431381
58629 434510
58810 437209
58294 440255
58120 443613
59213 446097
60369 448139
61046 450760
61060 453436
61066 455849
60443 458709
60265 461277
59726 464777
59881 466971
59902 469324
59492 472277
58590 474965
57911 477410
57807 479650
57934 481815
58047 484140
58169 486501
58751 488464
58084 490737
57308 493127
57617 494932
57891 496876
58075 498653
58543 500224
58463 502159
58452 504068
58201 505999
57830 508185
57597 510541
57526 512347
56760 514493
56154 516446
55388 518234
54609 520025
53895 522077
53110 524253
52875 526041
52478 527971
52050 529761
51433 531685
50479 533666
49998 535347
49434 537069
49147 538529
48718 540085
48316 541627
47750 543029
47014 544583
46423 546105
45940 547601
45286 549156
44637 550654
43552 552641
42458 554575
41220 556554
39996 558373
38813 560313
37754 562211
36759 563996
35522 565902
34460 567871
33301 569637
32056 571683
31055 573494
29926 575490
28905 577281
28170 578821
26754 580833
25859 582373
24878 584151
23879 585973
22710 587888
21705 589702
20816 591276
20044 592826
19228 594535
18449 596127
17618 597762
16914 599345
15918 601284
15571 602576
15024 603898
14460 605176
14179 606441
14093 607662
14124 608948
14172 610050
14506 611250
15138 612278
15237 613313
16096 614167
17105 615152
18579 615960
19950 616958
21459 617979
22484 619144
23614 620238
25287 621363
26990 622992
29317 624240
31506 625947
33716 627761
34998 629752
36156 631781
37761 634040
39334 636648
41517 638771
43293 641069
45155 643543
45860 646381
