1 0
1 0
2 0
6 0
6 0
18 0
18 0
19 0
21 0
34 0
42 1
42 1
89 1
127 2
127 2
167 2
216 7
285 7
549 8
675 8
777 8
897 9
1114 11
1317 12
1550 14
1795 24
2094 27
2374 41
2564 51
2851 59
3159 76
3357 90
3746 103
4148 125
4442 162
4811 183
5165 199
5474 235
5814 260
6286 288
7777 312
8583 345
9296 359
10257 390
11048 431
12026 521
12708 563
13373 607
14110 648
14564 687
14888 764
6077 9963
6669 10002
7580 10027
7937 10247
8265 10296
8942 10320
9313 10335
9485 10392
5677 14576
5994 14618
6182 14651
6504 14672
6817 14689
7067 14705
7258 14725
3763 18485
3872 18513
4002 18539
4204 18556
4428 18568
4558 18577
4644 18598
2434 20967
2851 20976
2968 20988
3045 21003
3099 21013
3183 21017
3220 21031
1684 22631
1748 22643
1854 22652
1918 22664
1971 22668
2032 22666
2060 22675
1083 23720
1113 23728
1142 23734
1189 23740
1249 23741
1323 23739
1319 23747
754 24357
780 24362
795 24368
807 24376
824 24377
826 24381
826 24389
838 24393
837 24401
847 24403
892 24403
899 24404
917 24404
927 24407
933 24408
943 24412
956 24412
961 24413
966 24413
968 24415
973 24418
306 25090
314 25091
320 25094
339 25098
340 25099
363 25099
373 25100
375 25102
387 25102
394 25104
404 25105
422 25105
426 25105
432 25106
440 25102
458 25107
481 25108
501 25110
518 25110
528 25110
560 25110
571 25112
585 25113
614 25116
633 25117
643 25117
649 25117
685 25117
701 25118
699 25127
718 25127
741 25128
753 25128
764 25128
801 25128
814 25128
900 25127
938 25127
982 25127
1035 25127
1081 25127
1126 25127
1176 25127
1240 25132
1334 25136
1508 25136
1576 25136
1632 25136
1664 25137
1700 25138
1791 25138
1857 25138
2053 25138
2119 25138
2175 25138
2360 25139
2408 25139
2536 25140
2615 25140
2767 25141
2828 25141
2975 25141
3060 25141
3222 25141
3312 25141
3437 25141
3579 25141
3619 25141
3670 25141
3884 25141
3973 25141
4065 25141
4162 25141
4393 25141
4531 25141
4633 25141
4938 25142
5019 25145
5215 25145
5426 25145
5583 25147
5837 25148
6044 25148
6398 25151
6647 25152
6870 25153
7115 25156
7382 25156
7777 25156
7965 25156
8288 25156
8517 25158
8833 25161
9154 25161
9394 25166
9824 25166
10211 25166
10573 25167
10987 25168
11427 25170
11898 25165
12494 25174
12858 25174
13375 25174
13798 25175
14404 25180
14905 25181
15518 25185
16526 25188
17338 25190
18160 25191
18965 25194
20044 25199
21227 25202
22222 25205
23465 25213
24746 25216
25777 25216
27027 25229
28190 25232
29241 25235
30019 25242
30862 25246
31882 25246
32818 25249
33513 25254
34174 25260
35031 25266
35787 25272
36179 25277
36723 25279
37469 25281
37762 25286
38189 25294
38749 25297
39234 25304
39546 25309
40083 25311
40347 25312
40562 25327
40918 25329
41303 25329
41763 25336
42184 25342
42560 25343
43008 25348
43327 25359
43688 25370
44099 25374
44420 25382
44757 25386
45074 25387
45324 25387
45538 25392
45790 25397
46094 25400
46292 25407
46528 25414
46825 25416
47127 25417
47365 25433
47628 25438
47784 25444
48041 25450
48485 25463
48783 25463
49005 25463
49221 25461
49434 25466
49722 25481
50023 25484
50269 25487
50697 25488
50959 25490
51278 25498
51693 25504
52171 25507
52741 25513
53258 25518
54020 25522
54745 25522
55693 25535
56607 25548
57517 25556
58540 25558
59830 25564
60561 25568
61325 25569
62862 25577
64567 25590
66178 25601
67920 25612
71310 25616
76264 25623
82368 25629
87676 25646
95491 25663
101986 25671
110193 25691
115027 25700
121905 25708
126823 25716
129830 25761
133320 25824
137205 25852
140648 25900
143821 25959
146754 25972
148863 25980
150767 26072
153192 26132
155740 26182
158045 26234
159873 26311
161220 26334
162582 26341
163421 26430
164698 26484
166114 26531
167314 26578
168647 26656
169876 26671
170872 26681
171642 26782
172554 26876
173794 26950
174778 26985
175510 27038
176518 27050
177346 27051
177824 27116
178781 27158
179591 27210
180491 27229
181501 27295
182270 27312
183090 27312
183769 27344
184351 27400
185201 27446
185927 27473
186879 27499
187557 27500
188242 27501
188755 27545
189239 27601
189843 27635
190587 27664
191303 27677
