0.9999997978681967 1 0
0.9999997978681967 1 0
0.9999995957363934 2 0
0.9999987872091803 6 0
0.9999987872091803 6 0
0.999996361627541 18 0
0.999996361627541 18 0
0.9999961594957377 19 0
0.9999957552321312 21 0
0.9999931275186886 34 0
0.9999913083324591 42 1
0.9999913083324591 42 1
0.9999818081377051 89 1
0.9999739249973774 127 2
0.9999739249973774 127 2
0.9999658397252463 167 2
0.9999549246078694 216 7
0.9999409775134432 285 7
0.999887412585575 549 8
0.9998619439783621 675 8
0.999841326534428 777 8
0.9998168685862315 897 9
0.999772601721314 1114 11
0.9997313668334457 1317 12
0.9996838658596756 1550 14
0.9996323222498401 1795 24
0.9995712784452507 2094 27
0.9995118516950874 2374 41
0.9994714253344321 2564 51
0.9994117964524656 2851 59
0.9993461036164007 3159 76
0.9993032516741062 3357 90
0.999221994689189 3746 103
0.9991362908045998 4148 125
0.9990693851777153 4442 162
0.9989905537744375 4811 183
0.9989157650072252 5165 199
0.9988460295350948 5474 235
0.998772251426899 5814 260
0.9986711855252607 6286 288
0.9983649558432969 7777 312
0.998195367260348 8583 345
0.998048417439366 9296 359
0.9978479026905158 10257 390
0.9976797290301898 11048 431
0.9974638522642906 12026 521
0.9973175088387184 12708 563
0.9971741973901954 13373 607
0.9970169388472464 14110 648
0.9969172878682311 14564 687
0.9968362330151173 14888 764
0.9967578058754459 6077 9963
0.9966302607075785 6669 10002
0.9964410653397118 7580 10027
0.9963244352892213 7937 10247
0.9962482315993861 8265 10296
0.9961065372052893 8942 10320
0.9960285143292246 9313 10335
0.9959822261462743 9485 10392
0.9959062245882424 5677 14576
0.9958336592708661 5994 14618
0.9957889881423421 6182 14651
0.9957196569338183 6504 14672
0.9956529534387369 6817 14689
0.9955991863790654 7067 14705
0.9955565365685741 7258 14725
0.9955029716407059 3763 18485
0.995475279583657 3872 18513
0.9954437470223458 4002 18539
0.9953994801574283 4204 18556
0.9953517770518551 4428 18568
0.9953236807311997 4558 18577
0.9953020526282491 4644 18598
0.9952699136715282 2434 20967
0.9951838055233324 2851 20976
0.9951577305207098 2968 20988
0.9951391343948083 3045 21003
0.9951261979593986 3099 21013
0.9951084103607103 3183 21017
0.9950981016387431 3220 21031
0.9950851652033335 1684 22631
0.9950698031862845 1748 22643
0.9950465580289076 1854 22652
0.9950311960118586 1918 22664
0.9950196744990719 1971 22668
0.9950077487226786 2032 22666
0.9950002698459574 2060 22675
0.9949865248833346 1083 23720
0.9949788438748101 1113 23728
0.9949717692616954 1142 23734
0.9949610562761217 1189 23740
0.9949487262361218 1249 23741
0.9949341727462859 1323 23739
0.9949333642190729 1319 23747
0.9949242682879255 754 24357
0.9949180022020239 780 24362
0.9949137574341551 795 24368
0.9949097147980895 807 24376
0.9949060764256306 824 24377
0.9949048636348109 826 24381
0.9949032465803846 826 24389
0.9949000124715323 838 24393
0.9948985975489093 837 24401
0.99489617196727 847 24403
0.9948870760361226 892 24403
0.9948854589816963 899 24404
0.9948818206092374 917 24404
0.9948791928957947 927 24407
0.9948777779731719 933 24408
0.994874948127926 943 24412
0.9948723204144834 956 24412
0.9948711076236637 961 24413
0.9948700969646473 966 24413
0.9948692884374343 968 24415
0.994867671383008 973 24418
0.9948666607239917 306 25090
0.9948648415377621 314 25091
0.9948630223515327 320 25094
0.9948583733200573 339 25098
0.9948579690564507 340 25099
0.9948533200249754 363 25099
0.9948510965751394 373 25100
0.9948502880479263 375 25102
0.994847862466287 387 25102
0.9948460432800574 394 25104
0.9948438198302214 404 25105
0.9948401814577624 422 25105
0.9948393729305494 426 25105
0.9948379580079264 432 25106
0.9948371494807133 440 25102
0.9948325004492379 458 25107
0.9948276492859593 481 25108
0.9948232023862872 501 25110
0.9948197661456315 518 25110
0.9948177448275988 528 25110
0.9948112766098939 560 25110
0.9948086488964513 571 25112
0.9948056169194022 585 25113
0.9947991487016973 614 25116
0.9947951060656318 633 25117
0.994793084747599 643 25117
0.9947918719567793 649 25117
0.9947845952118615 685 25117
0.9947811589712057 701 25118
0.9947797440485828 699 25127
0.9947759035443205 718 25127
0.9947710523810419 741 25128
0.9947686267994026 753 25128
0.9947664033495666 764 25128
0.9947589244728453 801 25128
0.9947562967594027 814 25128
0.9947391155561243 900 25127
0.9947314345475997 938 25127
0.9947225407482555 982 25127
0.9947118277626819 1035 25127
0.9947025296997312 1081 25127
0.9946934337685838 1126 25127
0.9946833271784199 1176 25127
0.9946693800839939 1240 25132
0.9946495711672727 1334 25136
0.9946144002335027 1508 25136
0.9946006552708798 1576 25136
0.9945893358898964 1632 25136
0.9945826655403882 1664 25137
0.9945751866636671 1700 25138
0.9945567926695689 1791 25138
0.9945434519705526 1857 25138
0.9945038341371104 2053 25138
0.9944904934380943 2119 25138
0.9944791740571107 2175 25138
0.9944415775417013 2360 25139
0.9944318752151441 2408 25139
0.9944058002125213 2536 25140
0.9943898318000626 2615 25140
0.9943589056341613 2767 25141
0.9943465755941614 2828 25141
0.9943168622190798 2975 25141
0.9942996810158012 3060 25141
0.9942669356636704 3222 25141
0.9942487438013756 3312 25141
0.994223477325966 3437 25141
0.9941947746099008 3579 25141
0.9941866893377698 3619 25141
0.9941763806158026 3670 25141
0.9941331244099014 3884 25141
0.9941151346794098 3973 25141
0.9940965385535084 4065 25141
0.9940769317685906 4162 25141
0.9940302393220337 4393 25141
0.9940023451331816 4531 25141
0.9939817276892474 4633 25141
0.9939198753574449 4938 25142
0.9939028962859696 5019 25145
0.9938632784525274 5215 25145
0.9938206286420361 5426 25145
0.9937884896853152 5583 25147
0.9937369460754797 5837 25148
0.9936951047922015 6044 25148
0.9936229437384317 6398 25151
0.9935724107876126 6647 25152
0.9935271332636787 6870 25153
0.9934770045764661 7115 25156
0.9934230353849913 7382 25156
0.9933431933226972 7777 25156
0.9933051925436812 7965 25156
0.9932399039712229 8288 25156
0.993193211524666 8517 25158
0.9931287314794208 8833 25161
0.9930638471705692 9154 25161
0.9930143248787664 9394 25166
0.9929274082033576 9824 25166
0.9928491831954895 10211 25166
0.9927758093509002 10573 25167
0.9926919246525405 10987 25168
0.9926025823954923 11427 25170
0.9925083889751655 11898 25165
0.9923860992341832 12494 25174
0.9923125232577906 12858 25174
0.9922080211154967 13375 25174
0.9921223172309075 13798 25175
0.9919988146991056 14404 25180
0.9918973445338608 14905 25181
0.9917726292112392 15518 25185
0.9915682739581267 16526 25188
0.9914037386702598 17338 25190
0.9912373841961633 18160 25191
0.9910740616991159 18965 25194
0.9908549508243643 20044 25199
0.9906152225056784 21227 25202
0.9904134949660085 22222 25205
0.9901606280801097 23465 25213
0.9899010908447028 24746 25216
0.9896926929555248 25777 25216
0.9894374004879866 27027 25229
0.9892017148053662 28190 25232
0.988988667884713 29241 25235
0.9888299944191409 30019 25242
0.9886587887817657 30862 25246
0.9884526143424238 31882 25246
0.9882628125791473 32818 25249
0.9881213203168537 33513 25254
0.9879864984040684 34174 25260
0.9878120586578408 35031 25266
0.9876580342237441 35787 25272
0.9875777878978433 36179 25277
0.9874674239332545 36723 25279
0.9873162293444037 37469 25281
0.9872559940670274 37762 25286
0.987168066732602 38189 25294
0.9870542665273574 38749 25297
0.9869548176801454 39234 25304
0.9868907418985068 39546 25309
0.9867817928565408 40083 25311
0.9867282279286725 40347 25312
0.986681737613919 40562 25327
0.986609374428346 40918 25329
0.9865315536840845 41303 25329
0.9864371581319544 41763 25336
0.9863508478519555 42184 25342
0.9862746441621202 42560 25343
0.986183078455236 43008 25348
0.9861163749601548 43327 25359
0.986041181929336 43688 25370
0.9859572972309762 44099 25374
0.9858907958676982 44420 25382
0.985821868922781 44757 25386
0.9857575910093391 45074 25387
0.98570705805852 45324 25387
0.9856627911936024 45538 25392
0.9856108433201604 45790 25397
0.9855487888565545 46094 25400
0.9855073518368829 46292 25407
0.9854582338086867 46528 25414
0.9853977963995071 46825 25416
0.9853365504631143 47127 25417
0.9852852089850821 47365 25433
0.985231037661804 47628 25438
0.9851982923096732 47784 25444
0.9851451316454115 48041 25450
0.9850527574113142 48485 25463
0.9849925221339378 48783 25463
0.9849476488736104 49005 25463
0.9849043926677092 49221 25461
0.984860327934595 49434 25466
0.9847990819982022 49722 25481
0.9847376339300062 50023 25484
0.9846873031109904 50269 25487
0.9846005885673847 50697 25488
0.9845472257713198 50959 25490
0.9844811286716484 51278 25498
0.984396031182469 51693 25504
0.9842988057850931 52171 25507
0.9841823778664058 52741 25513
0.9840768650650955 53258 25518
0.9839220321037858 54020 25522
0.9837754865464103 54745 25522
0.9835812378834617 55693 25535
0.9833938617018244 56607 25548
0.9832083047064167 57517 25556
0.9830011196080584 58540 25558
0.9827391567910121 59830 25564
0.9825905899156039 60561 25568
0.9824359590860975 61325 25569
0.9821236654500354 62862 25577
0.9817764030120064 64567 25590
0.981448545227092 66178 25601
0.9810942081759485 67920 25612
0.9804081728356282 71310 25616
0.9794053969595738 76264 25623
0.9781703716415548 82368 25629
0.9770940197891078 87676 25646
0.9755109235058468 95491 25663
0.9741964603891401 101986 25671
0.9725335220435849 110193 25691
0.971554597720317 115027 25700
0.9701627181229555 121905 25708
0.9691670168600158 126823 25716
0.9685501105964162 129830 25761
0.967831936299375 133320 25824
0.9670409945531543 137205 25852
0.9663353524279162 140648 25900
0.9656820624397269 143821 25959
0.9650865821472745 146754 25972
0.9646586691197382 148863 25980
0.9642552140403985 150767 26072
0.9637529165092565 153192 26132
0.9632277780843443 155740 26182
0.9627513534240217 158045 26234
0.9623662923387801 159873 26311
0.9620893717682915 161220 26334
0.961812653329606 162582 26341
0.9616250750161655 163421 26430
0.9613560375860045 164698 26484
0.9610603187578112 166114 26531
0.9608082603991254 167314 26578
0.9605230524247024 168647 26656
0.9602716004614265 169876 26671
0.9600682558673304 170872 26681
0.9598921990666767 171642 26782
0.9596888544725806 172554 26876
0.9594232532830753 173794 26950
0.9592172809755366 174778 26985
0.9590586075099646 175510 27038
0.9588524330706226 176518 27050
0.9586848658057064 177346 27051
0.9585751082365274 177824 27116
0.9583731785650542 178781 27158
0.95819894095063 179591 27210
0.9580131818234189 180491 27229
0.9577956880030934 181501 27295
0.9576368124057182 182270 27312
0.9574710643270314 183090 27312
0.9573273486149019 183769 27344
0.9571983885244115 184351 27400
0.9570172784286759 185201 27446
0.9568650731808087 185927 27473
0.9566673882772043 186879 27499
0.9565301407827796 187557 27500
0.956391478365732 188242 27501
0.956278890951307 188755 27545
0.9561697397775378 189239 27601
0.9560407796870474 189843 27635
0.9558845318031147 190587 27664
0.9557371777185262 191303 27677
