7 0
12 0
15 0
15 0
21 0
37 0
47 0
56 0
60 0
88 0
60 0
81 0
111 1
137 1
176 1
250 1
292 3
365 6
375 11
614 14
828 15
1060 20
1226 23
1316 35
2426 42
2929 59
3340 81
3804 97
4312 121
4815 164
5486 231
5889 524
6497 635
7019 710
7391 766
7864 876
8188 1003
8437 1131
8635 1271
8854 1395
9050 1557
9238 1714
9486 2018
9596 2346
9664 2677
9690 2962
9628 3320
9541 3705
9551 3986
9411 4402
9245 4867
9102 5292
8913 5706
8833 6062
8653 6490
8445 6857
8094 7291
7670 7843
7341 8331
7064 8690
6747 9149
6390 9622
6226 9843
5916 10180
5678 10471
5380 10801
5162 11084
4962 11345
4774 11566
4706 11653
4484 11904
4227 12200
3992 12458
3825 12664
3595 12916
3462 13061
3377 13151
3206 13337
2946 13624
2827 13765
2713 13894
2563 14061
2437 14206
2391 14257
2258 14403
2147 14536
2097 14636
2073 14700
2031 14819
2108 14855
2097 14895
2117 14962
2124 15055
2187 15113
2253 15144
2352 15187
2436 15230
2483 15261
2567 15317
2700 15363
2826 15410
3001 15475
3126 15541
3254 15597
3363 15637
3445 15691
3549 15785
3794 15840
4015 15890
4247 15960
4509 16008
4634 16042
4749 16100
5025 16169
5384 16261
5801 16331
6227 16421
6552 16560
6899 16611
7131 16764
7731 16921
8376 17062
9246 17164
10237 17319
11065 17430
11806 17510
12465 17682
13407 17874
14622 18049
15727 18271
17020 18503
18212 18720
19184 18916
20073 19265
21426 19632
22709 19953
24220 20319
25648 20830
26757 21326
27759 21772
28258 22289
29522 22912
30883 23557
29006 27478
24180 34294
24263 36041
24754 36662
22853 39605
23028 41478
23492 43139
23955 44630
23957 46415
23945 47789
24003 48356
22112 50955
22002 52865
21965 54631
22088 56198
21886 58077
22357 59370
22466 60015
21032 62373
21297 63812
22103 64829
22542 66012
22838 67359
23214 68371
23378 68964
22173 71237
22612 72448
22916 73793
23028 75321
23127 76709
22997 78332
23026 79014
21826 81179
22373 82532
23430 83431
21495 87319
22033 88852
21982 90735
22157 91470
20876 93852
21584 95322
22705 96453
24396 97955
25176 99836
26510 101125
27141 101999
26858 104459
28629 106076
30591 107603
32985 109205
35114 111237
37198 113128
38682 114363
38445 117775
40799 120226
44259 122305
45957 125181
47512 129011
49939 131924
52254 133418
52277 135974
51307 140810
54698 144440
57892 148371
61353 153144
65462 157425
68880 159889
66412 165771
65320 168022
64302 174031
67978 179433
69769 185373
71114 191086
70115 194678
64708 203022
63298 210153
61394 216781
60524 221816
59329 226766
57072 231986
54096 235878
47965 243655
45466 249323
41913 255212
38065 261177
34121 266733
32031 270323
29877 272888
25747 277940
24842 280362
24166 282231
22099 285470
19903 288698
18255 291195
17151 292545
14973 295330
14507 296680
14380 297694
13767 299030
12929 300512
12518 301603
11919 302430
11016 303991
10859 304936
10933 305708
11047 306363
10743 307237
10518 308153
10027 308856
9866 309551
9640 310496
9967 310844
9609 311965
9198 313212
9210 313961
9062 314401
8697 315391
8893 316068
9126 316664
9106 317479
9108 318247
9196 318933
9152 319399
8872 320444
9163 321112
9453 321679
9662 322549
9793 323503
10109 324219
10251 324657
10140 325793
10638 326553
11111 327278
11827 328141
11805 329601
12043 330058
13168 330658
12621 332285
13685 333112
14298 333987
15248 335023
16045 336352
16400 336869
17560 338226
16991 340185
18084 341422
18832 341798
20791 344251
21940 346035
22722 347430
24222 348664
23554 351206
26274 351985
28164 354323
29996 355026
31833 357845
33337 361054
35470 363194
34231 367239
37509 369776
39988 372410
40992 375592
43615 379647
45244 383266
49505 385294
49642 391900
53911 394262
58931 397208
61551 401897
64583 406465
65008 412349
69493 415941
67741 423578
72365 428708
76363 433700
78453 441607
78868 450946
78012 457037
83842 459657
80667 471022
80895 477354
82884 482745
83503 492339
81277 501592
80172 508856
76918 517043
68167 529236
62086 538983
69426 540230
74870 546720
72737 556158
71272 562719
72396 566393
66128 577307
74452 577794
72892 587086
74845 594029
81129 594489
85014 595842
71368 614215
67880 624221
68273 628255
70499 633220
68512 641217
64826 649986
62149 656597
61203 660643
55260 669120
54628 675665
55453 679122
52134 686495
48241 693693
45484 699029
45484 699029
40675 709368
40008 714990
41610 717962
40401 723355
39731 727995
39356 731424
40027 733308
