0.9999991934105793 7 0
0.9999986172752787 12 0
0.9999982715940984 15 0
0.9999982715940984 15 0
0.9999975802317378 21 0
0.999995736598776 37 0
0.999994584328175 47 0
0.999993547284634 56 0
0.9999930863763936 60 0
0.9999898600187106 88 0
0.9999930863763936 60 0
0.9999906666081313 81 0
0.999987094569268 111 1
0.9999840986657053 137 1
0.9999796048103611 176 1
0.9999710780079131 250 1
0.9999660080172684 292 3
0.9999572507607002 365 6
0.9999555223547987 375 11
0.9999276374062527 614 14
0.9999028635883297 828 15
0.9998755547750843 1060 20
0.9998560814019262 1226 23
0.9998443282417953 1316 35
0.9997156196156556 2426 42
0.9996557015443998 2929 59
0.9996058082273734 3340 81
0.999550499238522 3804 97
0.9994891984425449 4312 121
0.9994262844677264 4815 164
0.9993412468973674 5486 231
0.9992610488635328 5889 524
0.9991782006073158 6497 635
0.9991094100524318 7019 710
0.9990600928707059 7391 766
0.9989929154946634 7864 876
0.9989409480905551 8188 1003
0.9988975074888947 8437 1131
0.9988585607425785 8635 1271
0.9988190378609617 8854 1395
0.9987777865734434 9050 1557
0.9987380332377064 9238 1714
0.9986744279005273 9486 2018
0.9986239584482003 9596 2346
0.9985779828512176 9664 2677
0.9985421472355243 9690 2962
0.9985080400257325 9628 3320
0.9984737023618205 9541 3705
0.9984401712873294 9551 3986
0.9984083686187398 9411 4402
0.9983739157277678 9245 4867
0.9983414216968176 9102 5292
0.9983154956082935 8913 5706
0.9982836929397039 8833 6062
0.9982551166287973 8653 6490
0.9982367955262402 8445 6857
0.9982272316802514 8094 7291
0.9982124826165576 7670 7843
0.9981941615140006 7341 8331
0.9981847128950718 7064 8690
0.9981683506525366 6747 9149
0.9981549843135642 6390 9622
0.998148416371138 6226 9843
0.9981453052405151 5916 10180
0.9981391982063295 5678 10471
0.9981355109404061 5380 10801
0.9981280211814991 5162 11084
0.9981209923308325 4962 11345
0.998117189837849 4774 11566
0.9981150005237069 4706 11653
0.9981116589389639 4484 11904
0.9981071650836197 4227 12200
0.9981045148612372 3992 12458
0.998100021005893 3825 12664
0.9980974860105707 3595 12916
0.9980961032858494 3462 13061
0.9980955271505488 3377 13151
0.9980937987446473 3206 13337
0.9980906876140244 2946 13624
0.998088152618702 2827 13765
0.9980864242128004 2713 13894
0.9980844653527786 2563 14061
0.9980822760386365 2437 14206
0.9980816999033361 2391 14257
0.9980802019515547 2258 14403
0.9980776669562322 2147 14536
0.9980719056032269 2097 14636
0.9980672965208226 2073 14700
0.9980584240371944 2031 14819
0.9980454033794023 2108 14855
0.9980420617946592 2097 14895
0.9980320370404299 2117 14962
0.9980205143344191 2124 15055
0.9980065718601462 2187 15113
0.9979953948353157 2253 15144
0.9979790325927805 2352 15187
0.997964398756147 2436 15230
0.9979554110454586 2483 15261
0.9979392792570436 2567 15317
0.9979186536132844 2700 15363
0.9978987193318859 2826 15410
0.9978710648374601 3001 15475
0.9978490564689797 3126 15541
0.99782785468992 3254 15597
0.997810685857964 3363 15637
0.9977950149777894 3445 15691
0.9977722000198882 3549 15785
0.997737631901856 3794 15840
0.997706405368567 4015 15890
0.9976716067964146 4247 15960
0.9976358864077814 4509 16008
0.9976175653052244 4634 16042
0.9975976310238258 4749 16100
0.9975578776880889 5025 16169
0.9975059102839805 5384 16261
0.9974497947057084 5801 16331
0.997390337542693 6227 16421
0.9973368721868033 6552 16560
0.9972910118168807 6899 16611
0.9972466493987394 7131 16764
0.9971594225142383 7731 16921
0.9970688540449941 8376 17062
0.9969568533425699 9246 17164
0.9968248031316871 10237 17319
0.9967166049222466 11065 17430
0.9966220035058986 11806 17510
0.9965262498189494 12465 17682
0.9963955823327879 13407 17874
0.996235416719239 14622 18049
0.9960825104104768 15727 18271
0.9959067891438134 17020 18503
0.9957444342161224 18212 18720
0.9956098490099172 19184 18916
0.9954671979095046 20073 19265
0.9952690073661202 21426 19632
0.9950841831617084 22709 19953
0.9948679019698873 24220 20319
0.9946444767003395 25648 20830
0.9944595372688675 26757 21326
0.9942926884858323 27759 21772
0.9941756177927634 28258 22289
0.9939581843303412 29522 22912
0.9937270388477663 30883 23557
0.9934915147369072 29006 27478
0.993262212887294 24180 34294
0.9930513473672979 24263 36041
0.9929232148764587 24754 36662
0.9928031482798271 22853 39605
0.9925671632607276 23028 41478
0.9923223057579998 23492 43139
0.9920971520825506 23955 44630
0.991891241326139 23957 46415
0.991734302070273 23945 47789
0.991662285157706 24003 48356
0.9915807043991502 22112 50955
0.9913732956909573 22002 52865
0.9911740681040321 21965 54631
0.990979334372451 22088 56198
0.9907860985926512 21886 58077
0.9905828380586222 22357 59370
0.9904959568553015 22466 60015
0.9903894870517624 21032 62373
0.9901931401413399 21297 63812
0.9899830812107645 22103 64829
0.9897961829192706 22542 66012
0.9896068648595145 22838 67359
0.9894469297000859 23214 68371
0.9893597028155847 23378 68964
0.9892366403153903 22173 71237
0.9890465156662135 22612 72448
0.9888565062440968 22916 73793
0.9886675338655211 23028 75321
0.9884961912271417 23127 76709
0.9883241572264017 22997 78332
0.9882422307866655 23026 79014
0.9881310366736621 21826 81179
0.9879121052594585 22373 82532
0.9876867211298889 23430 83431
0.9874616826814996 21495 87319
0.9872230474400177 22033 88852
0.9870119514659014 21982 90735
0.9869070948412039 22157 91470
0.9867802298480258 20876 93852
0.9865292653111125 21584 95322
0.9862697739717512 22705 96453
0.985901853968829 24396 97955
0.9855952347618838 25176 99836
0.9852929941832228 26510 101125
0.9851195774577615 27141 101999
0.9848687281479083 26858 104459
0.9844783388682652 28629 106076
0.9840763116555513 30591 107603
0.9836158643233631 32985 109205
0.9831364045262572 35114 111237
0.9826783769623313 37198 113128
0.9823650745858998 38682 114363
0.9819992286700596 38445 117775
0.9814455626462447 40799 120226
0.9808073199603112 44259 122305
0.980280271387381 45957 125181
0.979659773668704 47512 129011
0.9790444611677318 49939 131924
0.9786055612957836 52254 133418
0.9783083907077672 52277 135974
0.9778629228933929 51307 140810
0.9770539137043805 54698 144440
0.9762329209011171 57892 148371
0.9752841412881947 61353 153144
0.9743173862538956 65462 157425
0.9736396206863454 68880 159889
0.9732462355031395 66412 165771
0.9731126873404753 65320 168022
0.9725375890834805 64302 174031
0.9714915578318277 67978 179433
0.9706007374301393 69769 185373
0.969787464839903 71114 191086
0.9694886810730451 70115 194678
0.9691502591975104 64708 203022
0.9684910451866373 63298 210153
0.9679467125546911 61394 216781
0.9674667918493448 60524 221816
0.9670341142386424 59329 226766
0.9666926964595449 57072 231986
0.9665871484724867 54096 235878
0.9663974847315503 47965 243655
0.9660323301780708 45466 249323
0.9657631597656604 41913 255212
0.9655192240794136 38065 261177
0.9653334780585209 34121 266733
0.9651606374683601 32031 270323
0.965113279146656 29877 272888
0.9650070397972372 25747 277940
0.9648322403470547 24842 280362
0.9646947744643468 24166 282231
0.9645597283499012 22099 285470
0.9644408140238707 19903 288698
0.9643429862498397 18255 291195
0.9643146403930534 17151 292545
0.9642446975675683 14973 295330
0.9641428368464335 14507 296680
0.9640406304441185 14380 297694
0.963957321279661 13767 299030
0.963883115052952 12929 300512
0.9638047606520792 12518 301603
0.9637784888823747 11919 302430
0.9637026694768243 11016 303991
0.9636118705534598 10859 304936
0.9635143884606091 10933 305708
0.9634257788513867 11047 306363
0.9633600994271256 10743 307237
0.9632804775285916 10518 308153
0.9632560493918488 10027 308856
0.9631945181417516 9866 309551
0.9631116698855345 9640 310496
0.9630338916199622 9967 310844
0.9629459733731005 9609 311965
0.9628496435508509 9198 313212
0.9627619557581094 9210 313961
0.9627283094565581 9062 314401
0.9626562925439911 8697 315391
0.9625556993205175 8893 316068
0.9624601760876887 9126 316664
0.9623685705749035 9106 317479
0.962279845738621 9108 318247
0.962190659994098 9196 318933
0.9621420341747329 9152 319399
0.9620538854737509 8872 320444
0.9619433827231081 9163 321112
0.9618446331325963 9453 321679
0.9617203031347407 9662 322549
0.9615952817745244 9793 323503
0.9614763674484937 10109 324219
0.9614095357536316 10251 324657
0.9612914280170218 10140 325793
0.961146472375407 10638 326553
0.9610084303573986 11111 327278
0.9608264868294895 11827 328141
0.9606607903170553 11805 329601
0.9605807075102808 12043 330058
0.960381940831596 13168 330658
0.9602574956066803 12621 332285
0.9600396012360176 13685 333112
0.9598681433705781 14298 333987
0.9596393024292054 15248 335023
0.9593943296994175 16045 336352
0.9592938517030041 16400 336869
0.9590038251927144 17560 338226
0.9588436595791654 16991 340185
0.9585751805291157 18084 341422
0.9584456653135554 18832 341798
0.9579372835243625 20791 344251
0.9575993225570683 21940 346035
0.957348473247215 22722 347430
0.957033442464882 24222 348664
0.9568175069542412 23554 351206
0.9564143274709263 26274 351985
0.9559271474607931 28164 354323
0.9556350468634215 29996 355026
0.9550985496715626 31833 357845
0.9545554845372775 33337 361054
0.9540631193094397 35470 363194
0.9537397921787789 34231 367239
0.9530697468242558 37509 369776
0.9524805908659278 39988 372410
0.9519982503923193 40992 375592
0.9512287640849237 43615 379647
0.9506240524734814 45244 383266
0.9498993894924674 49505 385294
0.9491224134261649 49642 391900
0.9483583427905943 53911 394262
0.9474404440297807 58931 397208
0.9465982494474574 61551 401897
0.945722523790643 64583 406465
0.944995556268427 65008 412349
0.9440648673039415 69493 415941
0.9433867560552108 67741 423578
0.9422628313109256 72365 428708
0.9412269400405622 76363 433700
0.9400750151206709 78453 441607
0.9389510903763857 78868 450946
0.9383478767167247 78012 457037
0.9373742080588192 83842 459657
0.9364304984365416 80667 471022
0.9356746089222386 80895 477354
0.9348242332186478 82884 482745
0.9336474192537735 83503 492339
0.9328377187024004 81277 501592
0.9321280352392004 80172 508856
0.9315596201516918 76918 517043
0.9311630086108029 68167 529236
0.9307405862084501 62086 538983
0.92975113144331 69426 540230
0.9283760117079911 74870 546720
0.9275342780339083 72737 556158
0.9269470809356023 71272 562719
0.9263942215012081 72396 566393
0.9258588765799503 66128 577307
0.9248436109533461 74452 577794
0.9239526753245975 72892 587086
0.9229276153978843 74845 594029
0.9221505241045216 81129 594489
0.9215469647636803 85014 595842
0.9210022864505537 71368 614215
0.9202512364727753 67880 624221
0.9197411262776809 68273 628255
0.9189125284884503 70499 633220
0.9182200138572062 68512 641217
0.9176343147106816 64826 649986
0.91718101145622 62149 656597
0.9168238075698878 61203 660643
0.9165318221995763 55260 669120
0.9158504845931627 54628 675665
0.9153570823217838 55453 679122
0.9148899518201093 52134 686495
0.9145091263864552 48241 693693
0.9142119557984388 45484 699029
0.9142119557984388 45484 699029
0.9135747501560463 40675 709368
0.9130038000732152 40008 714990
0.9124767515002852 41610 717962
0.9119946414807968 40401 723355
0.9115371900521714 39731 727995
0.911185286610604 39356 731424
0.9108908814720303 40027 733308
