0.9999719750021652 1577 117
0.9999663170628148 1835 201
0.9999586077068578 2263 239
0.9999488965653412 2706 383
0.9999361744736441 3296 562
0.9999233034888062 3916 720
0.9999026735169644 5061 822
0.9998779903429563 6387 988
0.9998482613458435 7985 1187
0.9998320981682256 8794 1355
0.9997938326310403 10590 1872
0.9997499753292337 13052 2061
0.9997078385703876 14955 2705
0.999649985313346 17750 3407
0.9995905934938495 20603 4144
0.999537107768938 23073 4907
0.9994787747451094 26062 5444
0.9994091754736271 28710 7003
0.9993211299963678 33190 7845
0.9992220995140542 38549 8472
0.9991136225891408 42681 10897
0.9990216397154916 46638 12500
0.9989424120209043 50826 13101
0.9988555742324537 54030 15146
0.9987693816476134 57521 16865
0.9986667611862383 62013 18576
0.9985690045674626 66414 20084
0.9984701726093366 70065 22407
0.99838386421872 73880 23809
0.9983168623053604 75528 26211
0.998249810760954 77635 28157
0.9981706988721427 80572 30002
0.9980934729631149 83049 32193
0.998017620179719 85388 34439
0.9979381277862146 88274 36358
0.9978667252533603 91246 37702
0.9978071845407229 93187 39360
0.9977569082901798 94067 41519
0.9976934467248348 95262 44160
0.9976238970843994 96877 46749
0.9975585329955885 98273 49304
0.9974808769508207 100269 52002
0.997413180202804 102253 54110
0.9973610179724774 103616 55900
0.9973118501486491 104291 58197
0.9972677281479256 105418 59737
0.9972050937666962 106607 62334
0.9971473066843839 106962 65472
0.9970895526894361 107771 68154
0.9970391440894345 108257 70715
0.9970018215421409 108237 72991
0.9969566738331141 107709 76248
0.996900921623726 107699 79628
0.9968571470403311 106848 83125
0.9968071685760695 106527 86467
0.9967681751168626 105847 89504
0.9967297275991718 106103 91572
0.9967009581356329 105813 93601
0.9966663652959206 105205 96300
0.9966318551746198 104657 98934
0.9966008854013336 101551 103912
0.9965683770655924 100943 106485
0.9965369440692016 100704 108624
0.9965139648944715 100179 110538
0.9964937650583698 99980 111958
0.9964759805998855 98467 114546
0.9964520915226284 91528 122929
0.9964289138237107 89624 126234
0.9964069603572839 87961 129224
0.9963890435493412 84842 133426
0.9963757755161278 83324 135746
0.9963634670164884 82488 137326
0.9963402727738883 81266 139950
0.9963255819839961 78457 143647
0.9963091706511437 76440 146656
0.9962961176858003 72070 151815
0.9962816419637781 70187 154573
0.9962704749782182 68351 157084
0.9962630137774959 66553 159333
0.996249563763777 65129 161570
0.9962385622150403 62752 164612
0.9962279411709966 60960 167046
0.9962171546901298 59322 169336
0.9962060869666637 57752 171575
0.9961973022713566 56594 173264
0.9961923391666633 55300 174858
0.9961857713247858 52942 177613
0.9961761098143161 50966 180173
0.9961662994107058 47986 183746
0.9961577628706333 46175 186073
0.9961508806987919 43691 188973
0.9961453716525823 42075 190922
0.9961420629161202 41367 191830
0.9961368020251452 39893 193622
0.9961314915031234 39297 194539
0.9961285632713544 38429 195584
0.9961199936439172 36976 197555
0.9961155268496933 35877 198924
0.996112267744278 35262 199736
0.9961076355132309 34730 200548
0.9961029536511369 32872 202689
0.9960996118273101 31710 204053
0.9960933417717143 30637 205505
0.9960906451514975 28997 207308
0.996084921037418 27485 209166
0.9960793292727969 26274 210715
0.9960743496244212 25909 211381
0.9960708754511359 24569 212931
0.9960654491233378 23925 213903
0.9960599731644929 23101 215058
0.996062421629475 21543 216468
0.9960580540973448 21212 217063
0.9960543483125072 20972 217527
0.9960506921587164 20637 218083
0.9960488227226153 19573 219260
0.9960392770179218 18655 220755
0.9960343800879577 18303 221403
0.9960301614489685 17638 222323
0.9960272663045641 16836 223300
0.9960243877038419 16681 223629
0.9960223031998707 16496 223940
0.9960199539969826 15563 225015
0.996016943046802 15255 225505
0.9960136177666575 15060 225901
0.9960099285255021 14884 226300
0.9960060407601591 14621 226798
0.9960028643731553 14642 226969
0.9959994232872347 14709 227110
0.995997156802758 14242 227714
0.995993963872072 13595 228554
0.9959904235240574 13459 228904
0.9959858574677396 13428 229211
0.9959827472554651 13303 229524
0.9959788760338044 13179 229882
0.9959760801514939 13157 230073
0.9959741941717104 12919 230425
0.9959715140951759 12493 231013
0.9959677090482444 12473 231263
0.9959638874576306 12456 231511
0.9959597680807352 12368 231848
0.9959561615579914 12440 231994
0.9959530182583523 12404 232220
0.9959509006670164 12248 232504
0.9959462684359693 12322 232710
0.9959412060691822 12404 232934
0.9959370370612398 12301 233289
0.9959325040922866 12442 233422
0.9959283019969796 12565 233553
0.9959255226583513 12581 233705
0.9959221808345246 12609 233879
0.995917416254019 12616 234160
0.9959110965673762 12230 234928
0.9959048265117803 12422 235115
0.9958999461254986 12457 235375
0.9958960087291086 12456 235614
0.9958933782836211 12474 235755
0.995890234983982 12482 235937
0.9958838822099746 12646 236157
0.9958772481933679 12694 236510
0.9958681160807322 12924 236832
0.9958623754229703 12953 237150
0.9958547156980603 13263 237303
0.9958504308843417 13368 237457
0.9958436148872296 13561 237676
0.9958357400944495 13791 237922
0.9958271042922832 14081 238154
0.9958176082186366 14249 238560
0.995807202242463 14406 239032
0.9957993109060007 14733 239182
0.9957940169276612 14867 239368
0.9957873829110545 15089 239547
0.9957767618670108 15360 239918
0.9957628651738696 16014 240104
0.995747198306721 16678 240387
0.9957294800229659 17503 240633
0.995709478711052 18438 240907
0.9956937125818095 19195 241103
0.9956792203161051 19714 241460
0.9956566216460683 20753 241787
0.9956333115976921 21932 242017
0.9956091578215179 23035 242374
0.9955852687442609 23156 243697
0.9955626866179064 24205 244013
0.9955462091103247 26078 243136
0.9955300790200714 26754 243435
0.995508142097327 27817 243698
0.9954850305731385 28915 243997
0.9954563769153758 30099 244545
0.995428351917541 31194 245144
0.9954069113052659 32078 245556
0.9953878860706082 32993 245791
0.9953652377695245 33789 246364
0.9953415803038198 34734 246849
0.9953151600431691 35708 247472
0.9952884254525545 36767 248029
0.9952635933854057 37503 248794
0.9952395057839608 38509 249244
0.9952228297521913 39187 249574
0.9952024975666312 39712 250278
0.9951784761399155 40532 250910
0.9951522874908172 41413 251612
0.9951207386886501 42457 252475
0.995093656680707 43161 253408
0.9950674018568795 44098 254058
0.9950450678857596 45079 254427
0.995022055623665 45489 255408
0.9949949239846749 46114 256423
0.9949653769680674 46780 257543
0.9949337454474888 47718 258517
0.9949028253052495 48593 259511
0.9948736091622883 49618 260252
0.9948488929009157 50323 261041
0.9948216454561495 50630 262381
0.994791039643874 51263 263598
0.9947488863413456 52647 264762
0.9947075436792504 53997 265911
0.9946605099904402 55566 267185
0.9946178603774425 57429 267900
0.9945805212864666 58903 268683
0.99453623384892 60134 270129
0.9944754027290624 62576 271364
0.9944016509933199 65952 272446
0.9943127783319452 70110 273660
0.994218082294397 74829 274665
0.9941278199637081 79075 275875
0.9940514046951135 82764 276805
0.9939538300568432 87193 278274
0.993832531778139 92445 280354
0.9936868977427552 99266 282336
0.9935213120265043 107312 284299
0.9933405722972566 116935 285601
0.9931469284958062 126237 288004
0.9929924601340684 134003 289575
0.9928126137636654 142739 291710
0.9925611663362204 155442 294206
0.9922951770120241 169302 296424
0.9919784813015444 186002 298867
0.9916535633809562 203182 301327
0.9913016296271542 222241 303541
0.9910202712220909 236684 306105
0.9906564921917542 255090 309688
0.9902430986581667 276457 313309
0.9897992482054447 299191 317404
0.989285087102901 325786 321888
0.9887597259274327 351386 328044
0.988264987107922 378129 331206
0.9878968405454551 396512 335076
0.98742963041331 418142 341687
0.9869242540060733 443235 347142
0.986353463878979 472348 352531
0.9857280796002583 499118 363563
0.9850694921511395 532536 369954
0.9845299364962483 558636 376468
0.9841118941879314 573334 387039
0.9835313763756383 590110 405353
0.9829860800629852 613358 415066
0.98235780063986 635054 431347
0.9816811309459752 663926 443377
0.9810648953235726 688435 456117
0.9805027906296915 712490 466039
0.9800502878311208 717784 488097
0.9795177301538471 733810 504262
0.9789506127242258 743168 529184
0.9783521284729428 761671 546857
0.9777360582873633 777176 568591
0.9771609337155034 791746 588785
0.9766921353898564 805947 602921
0.976312838385512 796849 634946
0.9759285782764742 798386 656636
0.97550089100137 791697 689177
0.9750211076706685 795845 714030
0.97455222662661 787893 750324
0.9741168796265959 789308 775224
0.9737753187616028 795771 789407
0.9735043994200777 788471 813083
0.9731843287984067 779945 840956
0.972841725681428 761230 880380
0.9724575979218488 759982 904847
0.9720587297413305 757702 931237
0.9717104521413191 754169 955822
0.9713979916135111 755306 973572
0.9711716905831789 748819 993738
0.9709262319687304 737525 1019869
0.9707152173008535 710515 1059634
0.9704340077889311 696527 1090620
0.9701242107939752 690323 1115550
0.9697949584286215 684848 1140927
0.969498214399009 686031 1157681
0.9692992766192191 675109 1180628
0.9690537849174061 663313 1207263
0.9687631455065663 645706 1242438
0.9684615045469898 635343 1271034
0.9682067152957179 627798 1293980
0.967936970555637 620166 1317917
0.9676871278653761 622760 1330425
0.9675073145823377 613582 1350472
0.9672870189086844 605955 1371415
0.9670569293751029 598816 1392462
0.9667584978898947 593632 1415685
0.9664435558097401 579886 1448468
0.966271418795294 580941 1457818
0.9661235679064806 581760 1465936
0.9659816065685698 575221 1481056
0.9657961518898635 568728 1498759
0.9655281111490605 564395 1519294
0.965139715119445 569896 1537270
0.9647722799353176 574767 1554609
0.9645766508919899 577062 1564139
0.9643409861374695 576214 1579232
0.9641623474558753 570458 1595786
0.9639079883403436 569161 1612458
0.9635717214536901 568712 1633233
0.9632670530002505 571055 1649306
0.9629770587930209 570389 1667501
0.9626465821951763 572842 1685024
0.9623384561121338 579932 1696559
0.9621311637727769 575979 1713042
0.9618955486493035 570040 1733223
0.961634605148212 564774 1754262
0.9613493424341233 561380 1774899
0.9610822612268943 558068 1794355
0.9608124337684019 557717 1811016
0.9606049098174926 553374 1827903
0.960458911821098 547059 1843043
0.9602852693315617 535524 1865074
0.9600608046499659 523553 1890613
0.9598282831950846 516568 1911653
0.9596027431741387 502053 1939801
0.9593821993452507 498834 1956351
0.9591898294073383 499278 1967535
0.9590482320304384 491630 1983742
0.9588731336968587 482417 2003539
0.9586218186188722 477969 2023178
0.9583842513408861 474617 2040890
0.9581598693777019 467824 2061246
0.9579495495444821 463352 2078431
0.9577634496621656 453968 2099064
0.9576323409798508 447589 2113368
0.9574726779018673 437765 2132843
0.9572545990816437 434722 2149068
0.9570286785560046 430277 2167169
0.9567935431993182 429118 2182541
0.9565712126527406 427034 2198064
0.9563786441906404 427024 2209714
0.9562468075863041 419604 2225103
0.9560712460296197 413967 2241352
0.955857054974739 410111 2258155
0.9556066332555974 405019 2278384
0.9553767918772506 402174 2295122
0.9551530716613588 401413 2309406
0.954970098534999 402783 2319096
0.954848601732107 398098 2331125
0.9546770768339065 393686 2345905
0.9544774607631419 388864 2362793
0.9542499024129539 384501 2380911
0.9539939716476027 382448 2398434
0.9537472391696163 384623 2411173
0.9535247266425333 388895 2420351
0.9533656260497484 387903 2430960
0.9531456116186943 387948 2444214
0.9528742621414291 389433 2459131
0.9525455226302271 396143 2472292
0.9522065756670393 404664 2484259
0.9518938669839966 411966 2495859
