1577 117
1835 201
2263 239
2706 383
3296 562
3916 720
5061 822
6387 988
7985 1187
8794 1355
10590 1872
13052 2061
14955 2705
17750 3407
20603 4144
23073 4907
26062 5444
28710 7003
33190 7845
38549 8472
42681 10897
46638 12500
50826 13101
54030 15146
57521 16865
62013 18576
66414 20084
70065 22407
73880 23809
75528 26211
77635 28157
80572 30002
83049 32193
85388 34439
88274 36358
91246 37702
93187 39360
94067 41519
95262 44160
96877 46749
98273 49304
100269 52002
102253 54110
103616 55900
104291 58197
105418 59737
106607 62334
106962 65472
107771 68154
108257 70715
108237 72991
107709 76248
107699 79628
106848 83125
106527 86467
105847 89504
106103 91572
105813 93601
105205 96300
104657 98934
101551 103912
100943 106485
100704 108624
100179 110538
99980 111958
98467 114546
91528 122929
89624 126234
87961 129224
84842 133426
83324 135746
82488 137326
81266 139950
78457 143647
76440 146656
72070 151815
70187 154573
68351 157084
66553 159333
65129 161570
62752 164612
60960 167046
59322 169336
57752 171575
56594 173264
55300 174858
52942 177613
50966 180173
47986 183746
46175 186073
43691 188973
42075 190922
41367 191830
39893 193622
39297 194539
38429 195584
36976 197555
35877 198924
35262 199736
34730 200548
32872 202689
31710 204053
30637 205505
28997 207308
27485 209166
26274 210715
25909 211381
24569 212931
23925 213903
23101 215058
21543 216468
21212 217063
20972 217527
20637 218083
19573 219260
18655 220755
18303 221403
17638 222323
16836 223300
16681 223629
16496 223940
15563 225015
15255 225505
15060 225901
14884 226300
14621 226798
14642 226969
14709 227110
14242 227714
13595 228554
13459 228904
13428 229211
13303 229524
13179 229882
13157 230073
12919 230425
12493 231013
12473 231263
12456 231511
12368 231848
12440 231994
12404 232220
12248 232504
12322 232710
12404 232934
12301 233289
12442 233422
12565 233553
12581 233705
12609 233879
12616 234160
12230 234928
12422 235115
12457 235375
12456 235614
12474 235755
12482 235937
12646 236157
12694 236510
12924 236832
12953 237150
13263 237303
13368 237457
13561 237676
13791 237922
14081 238154
14249 238560
14406 239032
14733 239182
14867 239368
15089 239547
15360 239918
16014 240104
16678 240387
17503 240633
18438 240907
19195 241103
19714 241460
20753 241787
21932 242017
23035 242374
23156 243697
24205 244013
26078 243136
26754 243435
27817 243698
28915 243997
30099 244545
31194 245144
32078 245556
32993 245791
33789 246364
34734 246849
35708 247472
36767 248029
37503 248794
38509 249244
39187 249574
39712 250278
40532 250910
41413 251612
42457 252475
43161 253408
44098 254058
45079 254427
45489 255408
46114 256423
46780 257543
47718 258517
48593 259511
49618 260252
50323 261041
50630 262381
51263 263598
52647 264762
53997 265911
55566 267185
57429 267900
58903 268683
60134 270129
62576 271364
65952 272446
70110 273660
74829 274665
79075 275875
82764 276805
87193 278274
92445 280354
99266 282336
107312 284299
116935 285601
126237 288004
134003 289575
142739 291710
155442 294206
169302 296424
186002 298867
203182 301327
222241 303541
236684 306105
255090 309688
276457 313309
299191 317404
325786 321888
351386 328044
378129 331206
396512 335076
418142 341687
443235 347142
472348 352531
499118 363563
532536 369954
558636 376468
573334 387039
590110 405353
613358 415066
635054 431347
663926 443377
688435 456117
712490 466039
717784 488097
733810 504262
743168 529184
761671 546857
777176 568591
791746 588785
805947 602921
796849 634946
798386 656636
791697 689177
795845 714030
787893 750324
789308 775224
795771 789407
788471 813083
779945 840956
761230 880380
759982 904847
757702 931237
754169 955822
755306 973572
748819 993738
737525 1019869
710515 1059634
696527 1090620
690323 1115550
684848 1140927
686031 1157681
675109 1180628
663313 1207263
645706 1242438
635343 1271034
627798 1293980
620166 1317917
622760 1330425
613582 1350472
605955 1371415
598816 1392462
593632 1415685
579886 1448468
580941 1457818
581760 1465936
575221 1481056
568728 1498759
564395 1519294
569896 1537270
574767 1554609
577062 1564139
576214 1579232
570458 1595786
569161 1612458
568712 1633233
571055 1649306
570389 1667501
572842 1685024
579932 1696559
575979 1713042
570040 1733223
564774 1754262
561380 1774899
558068 1794355
557717 1811016
553374 1827903
547059 1843043
535524 1865074
523553 1890613
516568 1911653
502053 1939801
498834 1956351
499278 1967535
491630 1983742
482417 2003539
477969 2023178
474617 2040890
467824 2061246
463352 2078431
453968 2099064
447589 2113368
437765 2132843
434722 2149068
430277 2167169
429118 2182541
427034 2198064
427024 2209714
419604 2225103
413967 2241352
410111 2258155
405019 2278384
402174 2295122
401413 2309406
402783 2319096
398098 2331125
393686 2345905
388864 2362793
384501 2380911
382448 2398434
384623 2411173
388895 2420351
387903 2430960
387948 2444214
389433 2459131
396143 2472292
404664 2484259
411966 2495859
