0.9999979510696769 221 38
0.999997800762047 240 38
0.9999976425434892 249 49
0.9999973656610132 283 50
0.9999971125113207 315 50
0.9999966774102869 367 53
0.999996313507604 383 83
0.9999960524469836 415 84
0.9999958309410029 441 86
0.9999953721071853 471 114
0.9999949370061514 507 133
0.9999944939941897 559 137
0.9999942012898578 594 139
0.9999937108123287 655 140
0.9999934655735642 684 142
0.9999933310877901 669 174
0.9999929355413957 719 174
0.9999926586589196 752 176
0.999992342221804 785 183
0.999991915031698 797 225
0.9999916223273662 791 268
0.9999912663356112 829 275
0.9999909498984957 868 276
0.9999903724007598 890 327
0.9999896050407546 959 355
0.9999887981261101 1010 406
0.9999878962803308 1105 425
0.9999863299166089 1268 460
0.9999849138605168 1420 487
0.9999841702332953 1512 489
0.9999821608576117 1764 491
0.9999799457978029 1991 544
0.9999777070052105 2271 547
0.99997504893344 2559 595
0.9999721139791934 2924 601
0.9999693372435046 3269 607
0.9999674860863786 3439 671
0.9999645194884206 3795 690
0.9999602871420002 4293 727
0.9999555880508345 4869 745
0.9999505567006975 5440 810
0.9999450111402478 6051 900
0.99994088163589 6564 909
0.9999385083575235 6833 940
0.9999345212498677 7308 969
0.999930106952106 7796 1039
0.9999256530997048 8293 1105
0.9999212229800873 8806 1152
0.9999165555326333 9243 1305
0.9999136601330261 9500 1414
0.9999109387738324 9824 1434
0.9999079088884512 10099 1542
0.9999047761610074 10358 1679
0.9999013586401596 10624 1845
0.9998983129329225 10964 1890
0.9998956865048636 11151 2035
0.999893954011656 11201 2204
0.9998926012429872 11260 2316
0.9998903545394668 11525 2335
0.9998886457790429 11254 2822
0.9998870003060422 11343 2941
0.9998848327118007 11073 3485
0.9998824357006506 11120 3741
0.9998808535150728 10520 4541
0.9998795244791876 10491 4738
0.9998785356132016 10265 5089
0.9998777366094849 10354 5101
0.9998769613385518 10018 5535
0.9998762730878255 9860 5780
0.9998753633311184 9195 6560
0.9998748174770941 7031 8793
0.9998745247727622 6883 8978
0.9998738365220359 6710 9238
0.9998734409756415 6352 9646
0.9998726657047083 5486 10610
0.9998722543364582 5050 11098
0.9998718271463523 5086 11116
0.9998716372840829 4286 11940
0.9998713762234626 3899 12360
0.9998711547174817 3918 12369
0.9998708857459335 3939 12382
0.9998705613978901 2864 13498
0.9998703794465487 2544 13841
0.9998701816733514 2321 14089
0.999869857325308 2186 14265
0.9998696911958224 2003 14469
0.9998694538679856 1829 14673
0.9998692481838606 1685 14843
0.9998686944189084 1621 14977
0.9998681010993168 1573 15100
0.9998677609294175 1555 15161
0.9998674840469415 1511 15240
0.9998671992535375 1425 15362
0.9998668037071431 1350 15487
0.9998665663793064 1260 15607
0.9998662182984793 1215 15696
0.9998658464848685 1117 15841
0.9998655142258973 1158 15842
0.9998652056997096 1132 15907
0.999865039570224 1097 15963
0.9998646361129017 1050 16061
0.9998643592304256 1007 16139
0.9998640348823822 1032 16155
0.9998635364939251 964 16286
0.999863196324026 908 16385
0.9998625950935065 928 16441
0.9998620413285543 943 16496
0.9998616853367993 898 16586
0.9998613214341164 842 16688
0.9998608626002989 900 16688
0.9998603088353467 863 16795
0.9998597788031782 822 16903
0.9998593437021444 877 16903
0.9998590272650288 908 16912
0.9998585605202833 818 17061
0.9998578960023408 895 17068
0.999857168196975 942 17113
0.999856321727691 967 17195
0.9998555939223253 990 17264
0.9998547078984017 1067 17299
0.999853837696334 1116 17360
0.9998527380773575 1185 17430
0.9998509739404384 1299 17539
0.9998492572690866 1463 17592
0.9998482288484611 1487 17698
0.9998460454323639 1652 17809
0.999844407870291 1821 17847
0.9998429839032711 1863 17985
0.9998413463411983 2017 18038
0.9998397166900532 2222 18039
0.999836900399725 2223 18394
0.9998335224335166 2568 18476
0.9998304688153516 2954 18476
0.9998272174239895 3013 18828
0.9998249707204693 3083 19042
0.999822502510968 3327 19110
0.99981668797897 4062 19110
0.9998140140853439 3884 19626
0.9998093149941781 4175 19929
0.999802653992896 4749 20197
0.9997986985289519 5249 20197
0.9997966416877009 5115 20591
0.9997906531152894 5474 20989
0.9997853290608205 5664 21472
0.9997775921733456 6244 21870
0.9997715086697995 6716 22167
0.9997651720165609 7224 22460
0.9997583369748653 7944 22604
0.9997536378836995 8174 22968
0.9997459326399363 8479 23637
0.9997359174052296 9030 24352
0.9997219783502902 10113 25031
0.9997133554388918 10452 25782
0.9997009352821071 11445 26359
0.9996905561447175 12355 26761
0.9996827797026032 12605 27494
0.9996729068645985 13137 28210
0.9996623141321559 13638 29048
0.9996505980479532 14275 29892
0.9996379642961155 14481 31283
0.9996254808519076 15052 32290
0.9996140891157482 14868 33914
0.9996074834909615 15115 34502
0.9996020645053579 15108 35194
0.99959426433046 15253 36035
0.999584905702768 15207 37264
0.9995742496829023 17240 36578
0.9995644955088159 14519 40532
0.9995564026295861 14411 41663
0.9995513159029539 14014 42703
0.9995440457602244 13536 44100
0.9995354070269703 13794 44934
0.9995261354194851 13633 46267
0.9995178368561302 13510 47439
0.9995101869888621 13319 48597
0.9995043170803689 13151 49507
0.9995003616164247 12868 50290
0.9994945866390662 12577 51311
0.9994875380023176 12142 52637
0.9994806238513432 11870 53783
0.9994739312063495 11557 54942
0.9994671752739329 11199 56154
0.9994623891625604 10973 56985
0.9994589241761452 10760 57636
0.9994539640243593 10207 58816
0.9994492491113378 10184 59435
0.9994440358098593 10744 59534
0.9994393841842609 9421 61445
0.9994346297166 9007 62460
0.9994310618881224 8822 63096
0.9994287281643953 8646 63567
0.9994246856802443 8390 64334
0.9994204137791846 8118 65146
0.9994152558542013 8011 65905
0.999410177038497 7886 66672
0.9994050507572253 7831 67375
0.9994015699489545 7674 67972
0.9993994498202803 7558 68356
0.9993952412066437 8082 68364
0.9993908822853772 7406 69591
0.999386998019784 7171 70317
0.9993824650581039 7093 70968
0.999377710590443 7107 71555
0.9993739133450565 7030 72112
0.9993713818481323 6974 72488
0.999368921549559 7040 72733
0.9993670545705774 6937 73072
0.999363249414263 6884 73606
0.999358787650934 6494 74560
0.9993536534587344 6479 75224
0.9993498324805643 6960 75226
0.9993474750240535 6428 76056
0.9993432189448496 6492 76530
0.9993387176268811 6494 77097
0.9993335517909699 6583 77661
0.9993294064647564 6477 78291
0.9993248418593649 7051 78294
0.9993216695772816 6297 79449
0.999319446606545 6354 79673
0.9993153883005382 6410 80130
0.999311440747522 6302 80737
0.9993063777536734 6388 81291
0.999301726128075 6504 81763
0.9992962280331925 6538 82424
0.9992927630467774 6506 82894
0.9992907694929496 6469 83183
0.9992868061180775 6455 83698
0.9992825263060898 6472 84222
0.9992769253691448 6480 84922
0.9992718465534405 6498 85546
0.9992668943125824 6539 86131
0.9992635084354461 6965 86133
0.9992610560478007 6422 86986
0.9992572034259191 6349 87546
0.9992522986506283 6400 88115
0.9992474017862654 6415 88719
0.9992415951651953 6562 89306
0.9992358122769088 6751 89848
0.9992318884566762 6769 90326
0.9992286607980978 6751 90752
0.9992235740714656 6955 91191
0.9992177911831791 7028 91849
0.9992114861736521 7302 92372
0.9992053472936107 7510 92940
0.9991984094098525 9793 91534
0.9991935362782732 7917 94026
0.9991896757454637 7971 94460
0.9991827299507777 8382 94927
0.9991778330864148 8565 95363
0.9991696373651224 8782 96182
0.9991603657576372 9316 96820
0.9991500578185987 9921 97518
0.9991425028824652 10143 98251
0.9991361978729382 10673 98518
0.9991259453103948 10160 100327
0.999113889056293 11859 100152
0.9991008834908444 12519 101136
0.9990873953587946 13299 102061
0.9990735275022063 14086 103027
0.9990616769322295 24783 93828
0.9990541931944471 14864 104693
0.9990408237263156 15574 105673
0.9990231823571246 16732 106745
0.9990043385268944 17865 107994
0.9989851466158371 18834 109451
0.9989646889563177 19958 110913
0.9989475776192952 20818 112216
0.9989355530089048 21262 113292
0.9989258067457463 21438 114348
0.9989103883472918 21183 116552
0.9988906901368497 22007 118218
0.9988704935379507 23041 119737
0.9988493001621376 23312 122145
0.9988330194725433 23723 123792
0.9988215723598888 19597 129365
0.9988056397511216 23563 127413
0.9987862105122277 24143 129289
0.9987663857269393 24679 131259
0.9987470118645406 25157 133230
0.9987273690305938 25354 135516
0.9987111753612062 25537 137380
0.9986991744835996 25388 139046
0.9986821027012164 25420 141172
0.998659659398797 26587 142842
0.9986361085664732 27161 145245
0.9986131352318853 28006 147304
0.9985897030634799 28442 149830
0.9985709778971681 29028 151611
0.9985577508257387 28990 153321
0.9985384402507631 28808 155944
0.9985147153780258 29737 158014
0.9984894083197109 30158 160792
0.9984672339888396 30414 163339
0.9984430107276454 30914 165901
0.9984235893996793 31309 167961
0.9984093180857687 30884 170190
0.9983882908394414 31669 172063
0.9983623825506068 32107 174900
0.9983326216398908 33079 177690
0.9983025126483475 33922 180653
0.9982717233170059 35373 183094
0.9982484256343745 35872 185540
0.9982296450915675 36128 187658
0.9982009363342605 37429 189986
0.9981704317963228 38718 192553
0.9981345161837095 41224 194587
0.998108750291577 41970 197098
0.9980847880910031 42262 199835
0.9980595047654718 43332 201961
0.9980331455537477 44426 204199
0.9979940181044116 46551 207020
0.9979469480834756 48818 210703
0.9978871177358557 52905 214179
0.9978249141098693 57404 217543
0.9977632879816187 61503 221234
0.9977151816291293 64372 224446
0.9976761965764953 66825 226921
0.997640004081406 68903 229418
0.9975939703920234 70948 233192
0.9975418057335272 72884 237850
0.9974853454411878 75141 242730
0.9974294072700889 76650 248292
0.9973837374833893 77859 252856
0.997345053046015 78392 257213
0.9973024606102638 78740 262249
0.9972588001992478 76899 269609
0.9972143328735871 74226 277903
0.9971744222423902 73136 284038
0.9971368136912088 71499 290429
0.997105399396564 70394 295505
0.9970833674623948 73105 295579
0.9970528233698176 65864 306681
0.997021678046721 63087 313395
0.9969887527648496 60866 319778
0.9969607797238361 58491 325689
0.9969345233541745 56375 331124
0.9969134249094962 58977 331189
0.996899264348576 52154 339802
0.9968809663723701 49096 345173
0.9968601527210957 46851 350049
0.9968396475960091 44144 355348
0.9968209303406251 41263 360595
0.9968029725343185 39040 365088
0.9967900223453652 37266 368499
0.9967803156368461 35403 371589
0.9967679904111959 33291 375259
0.9967530862230543 31332 379102
0.996739708843995 30027 382098
0.9967292980628938 28710 384731
0.9967185233791098 27462 387341
0.9967078357155326 26458 389696
0.9967001383826972 25148 391979
0.9966897908890192 23712 394723
0.9966782330233742 21626 398270
0.9966661688583444 20789 400632
0.9966559083848732 20022 402696
0.9966461462998589 19377 404575
0.9966379505785665 18738 406250
0.9966321202247127 18090 407635
0.9966233944712518 17580 409248
0.9966162429924408 16843 410889
0.9966076675466097 15977 412839
0.9965993056958317 15627 414246
0.9965896543638079 15370 415723
