221 38
240 38
249 49
283 50
315 50
367 53
383 83
415 84
441 86
471 114
507 133
559 137
594 139
655 140
684 142
669 174
719 174
752 176
785 183
797 225
791 268
829 275
868 276
890 327
959 355
1010 406
1105 425
1268 460
1420 487
1512 489
1764 491
1991 544
2271 547
2559 595
2924 601
3269 607
3439 671
3795 690
4293 727
4869 745
5440 810
6051 900
6564 909
6833 940
7308 969
7796 1039
8293 1105
8806 1152
9243 1305
9500 1414
9824 1434
10099 1542
10358 1679
10624 1845
10964 1890
11151 2035
11201 2204
11260 2316
11525 2335
11254 2822
11343 2941
11073 3485
11120 3741
10520 4541
10491 4738
10265 5089
10354 5101
10018 5535
9860 5780
9195 6560
7031 8793
6883 8978
6710 9238
6352 9646
5486 10610
5050 11098
5086 11116
4286 11940
3899 12360
3918 12369
3939 12382
2864 13498
2544 13841
2321 14089
2186 14265
2003 14469
1829 14673
1685 14843
1621 14977
1573 15100
1555 15161
1511 15240
1425 15362
1350 15487
1260 15607
1215 15696
1117 15841
1158 15842
1132 15907
1097 15963
1050 16061
1007 16139
1032 16155
964 16286
908 16385
928 16441
943 16496
898 16586
842 16688
900 16688
863 16795
822 16903
877 16903
908 16912
818 17061
895 17068
942 17113
967 17195
990 17264
1067 17299
1116 17360
1185 17430
1299 17539
1463 17592
1487 17698
1652 17809
1821 17847
1863 17985
2017 18038
2222 18039
2223 18394
2568 18476
2954 18476
3013 18828
3083 19042
3327 19110
4062 19110
3884 19626
4175 19929
4749 20197
5249 20197
5115 20591
5474 20989
5664 21472
6244 21870
6716 22167
7224 22460
7944 22604
8174 22968
8479 23637
9030 24352
10113 25031
10452 25782
11445 26359
12355 26761
12605 27494
13137 28210
13638 29048
14275 29892
14481 31283
15052 32290
14868 33914
15115 34502
15108 35194
15253 36035
15207 37264
17240 36578
14519 40532
14411 41663
14014 42703
13536 44100
13794 44934
13633 46267
13510 47439
13319 48597
13151 49507
12868 50290
12577 51311
12142 52637
11870 53783
11557 54942
11199 56154
10973 56985
10760 57636
10207 58816
10184 59435
10744 59534
9421 61445
9007 62460
8822 63096
8646 63567
8390 64334
8118 65146
8011 65905
7886 66672
7831 67375
7674 67972
7558 68356
8082 68364
7406 69591
7171 70317
7093 70968
7107 71555
7030 72112
6974 72488
7040 72733
6937 73072
6884 73606
6494 74560
6479 75224
6960 75226
6428 76056
6492 76530
6494 77097
6583 77661
6477 78291
7051 78294
6297 79449
6354 79673
6410 80130
6302 80737
6388 81291
6504 81763
6538 82424
6506 82894
6469 83183
6455 83698
6472 84222
6480 84922
6498 85546
6539 86131
6965 86133
6422 86986
6349 87546
6400 88115
6415 88719
6562 89306
6751 89848
6769 90326
6751 90752
6955 91191
7028 91849
7302 92372
7510 92940
9793 91534
7917 94026
7971 94460
8382 94927
8565 95363
8782 96182
9316 96820
9921 97518
10143 98251
10673 98518
10160 100327
11859 100152
12519 101136
13299 102061
14086 103027
24783 93828
14864 104693
15574 105673
16732 106745
17865 107994
18834 109451
19958 110913
20818 112216
21262 113292
21438 114348
21183 116552
22007 118218
23041 119737
23312 122145
23723 123792
19597 129365
23563 127413
24143 129289
24679 131259
25157 133230
25354 135516
25537 137380
25388 139046
25420 141172
26587 142842
27161 145245
28006 147304
28442 149830
29028 151611
28990 153321
28808 155944
29737 158014
30158 160792
30414 163339
30914 165901
31309 167961
30884 170190
31669 172063
32107 174900
33079 177690
33922 180653
35373 183094
35872 185540
36128 187658
37429 189986
38718 192553
41224 194587
41970 197098
42262 199835
43332 201961
44426 204199
46551 207020
48818 210703
52905 214179
57404 217543
61503 221234
64372 224446
66825 226921
68903 229418
70948 233192
72884 237850
75141 242730
76650 248292
77859 252856
78392 257213
78740 262249
76899 269609
74226 277903
73136 284038
71499 290429
70394 295505
73105 295579
65864 306681
63087 313395
60866 319778
58491 325689
56375 331124
58977 331189
52154 339802
49096 345173
46851 350049
44144 355348
41263 360595
39040 365088
37266 368499
35403 371589
33291 375259
31332 379102
30027 382098
28710 384731
27462 387341
26458 389696
25148 391979
23712 394723
21626 398270
20789 400632
20022 402696
19377 404575
18738 406250
18090 407635
17580 409248
16843 410889
15977 412839
15627 414246
15370 415723
