0 0
0 0
1 0
1 0
1 0
1 0
1 0
1 0
1 0
1 0
1 0
1 0
0 1
0 1
7 1
16 1
33 1
51 1
68 1
84 1
84 1
111 1
126 1
153 1
171 1
211 1
216 19
227 19
238 21
237 31
239 35
237 41
249 50
247 63
244 79
230 115
217 132
209 144
202 156
204 168
195 177
197 184
181 208
169 222
155 242
144 257
136 266
135 272
137 276
134 283
136 289
124 304
113 322
112 325
108 333
105 339
103 344
100 349
93 356
87 364
83 370
87 372
84 376
85 376
86 379
87 384
87 386
104 390
114 394
126 396
142 398
163 399
177 399
181 401
184 402
186 410
194 413
196 417
207 422
223 426
217 455
218 466
230 470
225 479
228 480
223 488
123 595
125 595
222 506
214 516
218 516
208 531
202 544
197 558
187 570
190 575
204 580
200 595
192 616
195 636
179 666
191 672
211 679
235 680
266 687
270 691
278 701
279 702
285 702
295 706
291 717
284 731
285 748
282 760
266 781
280 791
280 806
265 839
261 850
252 869
252 876
241 891
238 895
238 898
240 907
238 912
212 952
200 967
190 979
182 987
177 992
177 996
175 1001
172 1007
165 1018
175 1023
175 1026
177 1029
178 1031
181 1033
183 1035
184 1039
68 1045
74 1046
85 1046
100 1046
107 1047
116 1052
124 1052
129 1053
127 1060
108 1083
98 1095
103 1105
103 1110
76 1142
58 1166
60 1171
50 1182
48 1189
57 1189
54 1198
70 1198
83 1200
77 1226
87 1233
89 1240
99 1240
131 1247
146 1252
184 1254
212 1270
226 1272
259 1273
297 1279
277 1332
290 1349
358 1358
386 1370
422 1379
487 1382
431 1462
483 1483
511 1523
518 1579
536 1625
570 1663
609 1692
637 1716
639 1772
644 1834
677 1904
721 1938
738 2001
840 2105
884 2178
1084 2230
1247 2281
1340 2337
1477 2375
1690 2441
1804 2540
1838 2702
1905 2874
1486 3559
1939 3740
2195 3847
2618 3973
3137 4074
3887 4174
4225 4267
4816 4410
5496 4553
7138 4687
8280 4821
8642 5008
9560 5189
10299 5341
12062 5402
13493 5508
14494 5706
15596 5921
16691 6072
17772 6226
18634 6292
19647 6426
21541 6586
23827 6723
26162 6847
27546 7002
28950 7103
30316 7257
31551 7386
33435 7537
35954 7666
38620 7821
40973 7957
42702 8048
45000 8087
46923 8132
50679 8176
53734 8208
57137 8248
60934 8372
64178 8429
67260 8606
72972 8771
77616 8960
82017 9217
86459 9405
91606 9642
94992 9810
99280 10041
104658 10328
110347 10635
115518 10883
120975 11111
125208 11347
129722 11583
131839 11839
137385 12154
63817 92176
67061 96865
67062 102333
68385 105950
67636 110525
67175 116254
66094 122316
65183 127813
64398 133623
64862 138159
64631 142970
65373 145336
63041 151266
61653 157777
57856 165761
55925 171283
54959 176278
54198 180155
52040 185473
49589 190500
48920 195149
46911 200220
44955 205264
43233 209888
42427 213032
40596 216679
37782 221832
36416 226061
35342 229682
33846 233739
32920 236886
31446 240068
30126 242671
28275 246674
27676 249772
27009 252883
26173 255810
25513 258177
25283 260023
23976 262380
22674 265272
21909 267839
20970 270423
20409 272658
20109 274385
20080 275685
18805 277863
17820 280388
16983 282848
16343 284960
16174 286682
15760 288311
15781 289382
14967 290992
14400 292809
14197 294473
13666 296180
13346 297622
13134 298909
13025 299826
12175 301382
11501 303013
11051 304493
10364 306063
10110 307295
9783 308398
9708 309203
9056 310463
8522 311931
8176 313122
7988 314253
7769 315342
8012 316157
8158 316875
7819 317855
7958 318897
8272 319790
8418 320776
8912 321562
9466 322302
10072 322918
9996 323859
10440 324714
11176 325663
11779 326543
12560 327617
13493 328491
14419 329144
14467 330336
15696 331554
16858 332704
18217 334002
19798 335308
20205 336539
20191 337420
21077 338734
23298 340430
26349 341929
28614 343803
30809 345632
33041 347227
35422 348490
35534 350962
