1.0 0 0
1.0 0 0
0.9999999021584243 1 0
0.9999999021584243 1 0
0.9999999021584243 1 0
0.9999999021584243 1 0
0.9999999021584243 1 0
0.9999999021584243 1 0
0.9999999021584243 1 0
0.9999999021584243 1 0
0.9999999021584243 1 0
0.9999999021584243 1 0
0.9999999021584243 0 1
0.9999999021584243 0 1
0.9999992172673944 7 1
0.999998336693213 16 1
0.9999966733864261 33 1
0.9999949122380635 51 1
0.9999932489312765 68 1
0.9999916834660653 84 1
0.9999916834660653 84 1
0.9999890417435212 111 1
0.9999875741198857 126 1
0.9999849323973417 153 1
0.9999831712489791 171 1
0.9999792575859509 211 1
0.9999770072297097 216 19
0.999975930972377 227 19
0.9999746590318929 238 21
0.9999737784577115 237 31
0.9999731914082572 239 35
0.9999728000419544 237 41
0.9999707453688647 249 50
0.999969669111532 247 63
0.9999683971710478 244 79
0.9999662446563824 230 115
0.9999658532900795 217 132
0.9999654619237767 209 144
0.9999649727158982 202 156
0.9999636029338383 204 168
0.9999636029338383 195 177
0.999962722359657 197 184
0.9999619396270514 181 208
0.9999617439439 169 222
0.9999611568944458 155 242
0.999960765528143 144 257
0.9999606676865672 136 266
0.9999601784786888 135 272
0.9999595914292345 137 276
0.9999592000629317 134 283
0.9999584173303261 136 289
0.999958123805599 124 304
0.999957438914569 113 322
0.9999572432314177 112 325
0.9999568518651148 108 333
0.9999565583403877 105 339
0.9999562648156606 103 344
0.9999560691325092 100 349
0.9999560691325092 93 356
0.9999558734493578 87 364
0.9999556777662064 83 370
0.9999550907167521 87 372
0.9999549928751764 84 376
0.9999548950336008 85 376
0.999954503667298 86 379
0.9999539166178437 87 384
0.9999537209346923 87 386
0.9999516662616026 104 390
0.9999502964795427 114 394
0.9999489266974828 126 396
0.9999471655491202 142 398
0.9999450130344547 163 399
0.9999436432523948 177 399
0.9999430562029407 181 401
0.9999426648366379 184 402
0.9999416864208808 186 410
0.9999406101635481 194 413
0.9999400231140938 196 417
0.9999384576488826 207 422
0.9999365008173685 223 426
0.9999342504611274 217 455
0.999933076362219 218 466
0.9999315108970076 230 470
0.9999311195307048 225 479
0.999930728164402 228 480
0.9999304346396749 223 488
0.999929749748645 123 595
0.9999295540654936 125 595
0.9999287713328879 222 506
0.9999285756497366 214 516
0.9999281842834338 218 516
0.9999276950755552 208 531
0.9999270101845253 202 544
0.999926129610344 197 558
0.9999259339271925 187 570
0.9999251511945869 190 575
0.9999232922046486 204 580
0.9999222159473158 200 595
0.9999209440068317 192 616
0.9999186936505905 195 636
0.9999173238685307 179 666
0.999915562720168 191 672
0.999912920997624 211 679
0.9999104749582314 235 680
0.9999067569783547 266 687
0.9999059742457491 270 691
0.9999042130973864 278 701
0.999904017414235 279 702
0.9999034303647808 285 702
0.9999020605827209 295 706
0.999901375691691 291 717
0.9999006908006611 284 731
0.9998989296522984 285 748
0.9998980490781171 282 760
0.9998975598702385 266 781
0.9998952116724217 280 791
0.9998937440487862 280 806
0.9998919829004235 265 839
0.9998912980093936 261 850
0.9998903195936365 252 869
0.9998896347026066 252 876
0.9998892433363038 241 891
0.9998891454947281 238 895
0.999888851970001 238 898
0.9998877757126683 240 907
0.9998874821879411 238 912
0.9998861124058813 212 952
0.9998858188811541 200 967
0.9998856231980028 190 979
0.9998856231980028 182 987
0.9998856231980028 177 992
0.9998852318317 177 996
0.9998849383069729 175 1001
0.9998846447822457 172 1007
0.9998842534159429 165 1018
0.9998827857923074 175 1023
0.9998824922675803 175 1026
0.9998820030597018 177 1029
0.9998817095349747 178 1031
0.9998812203270961 181 1033
0.9998808289607933 183 1035
0.9998803397529148 184 1039
0.9998911023262421 68 1045
0.9998904174352122 74 1046
0.9998893411778795 85 1046
0.9998878735542439 100 1046
0.9998870908216383 107 1047
0.9998857210395785 116 1052
0.9998849383069729 124 1052
0.9998843512575186 129 1053
0.9998838620496401 127 1060
0.9998834706833373 108 1083
0.9998832750001859 98 1095
0.9998818073765503 103 1105
0.9998813181686719 103 1110
0.9998808289607933 76 1142
0.9998802419113391 58 1166
0.9998795570203092 60 1171
0.9998794591787334 50 1182
0.9998789699708549 48 1189
0.9998780893966737 57 1189
0.9998775023472194 54 1198
0.9998759368820082 70 1198
0.9998744692583726 83 1200
0.9998725124268585 77 1226
0.9998708491200716 87 1233
0.9998699685458903 89 1240
0.9998689901301332 99 1240
0.9998651743086808 131 1247
0.9998632174771667 146 1252
0.9998593038141386 184 1254
0.9998549987848077 212 1270
0.9998534333195964 226 1272
0.9998501067060225 259 1273
0.9998458016766915 297 1279
0.9998425729046932 277 1332
0.9998396376574222 290 1349
0.999832103856093 358 1358
0.9998281901930649 386 1370
0.9998237873221583 422 1379
0.9998171340950104 487 1382
0.9998147858971935 431 1462
0.9998076434621672 483 1483
0.9998009902350193 511 1523
0.9997948262157501 518 1579
0.999788564354905 536 1625
0.9997815197614545 570 1663
0.9997748665343066 609 1692
0.99976977877237 637 1716
0.9997641039609793 639 1772
0.9997575485754071 644 1834
0.9997474708931097 677 1904
0.9997398392502048 721 1938
0.9997320119241485 738 2001
0.9997118565595536 840 2105
0.9997004090951963 884 2178
0.9996757530181191 1084 2230
0.9996548149209186 1247 2281
0.9996402365261388 1340 2337
0.9996231142503906 1477 2375
0.9995958164507694 1690 2441
0.9995749761951447 1804 2540
0.9995557992463068 1838 2702
0.9995324151097137 1905 2874
0.9995063892505766 1486 3559
0.9994443576915807 1939 3740
0.9994088411996004 2195 3847
0.9993551261745391 2618 3973
0.9992944643976032 3137 4074
0.9992112990582552 3887 4174
0.9991691293391272 4225 4267
0.9990973136225608 4816 4410
0.999016790005757 5496 4553
0.9988430233673078 7138 4687
0.9987181775167103 8280 4821
0.9986644624916492 8642 5008
0.9985569345999512 9560 5189
0.9984697577559996 10299 5341
0.9982912947219166 12062 5402
0.9981409122200606 13493 5508
0.9980236001707923 14494 5706
0.997894742815591 15596 5921
0.9977728322122645 16691 6072
0.9976519978662709 17772 6226
0.9975612008840182 18634 6292
0.9974489765966864 19647 6426
0.9972480100001918 21541 6586
0.9970109398622625 23827 6723
0.996770347427608 26162 6847
0.9966197692426005 27546 7002
0.996472517671167 28950 7103
0.9963237984760979 30316 7257
0.9961903425668385 31551 7386
0.9959912349602822 33435 7537
0.9957321504678197 35954 7666
0.9954561393827606 38620 7821
0.9952126117008349 40973 7957
0.9950345400330548 42702 8048
0.9948058842706361 45000 8087
0.9946133320496519 46923 8132
0.9942415340619791 50679 8176
0.9939394971177828 53734 8208
0.9936026285726363 57137 8248
0.9932189917543034 60934 8372
0.9928960167129066 64178 8429
0.9925771510176894 67260 8606
0.9920021360772807 72972 8771
0.9915292677419064 77616 8960
0.9910735216822802 82017 9217
0.9906205151867737 86459 9405
0.9900937361431869 91606 9642
0.9897460071831371 94992 9810
0.9893038611025337 99280 10041
0.9887495885761741 104658 10328
0.9881629304882569 110347 10635
0.9876327269895204 115518 10883
0.9870764976316468 120975 11111
0.9866392436298286 125208 11347
0.9861744961452376 129722 11583
0.9859423180860936 131839 11839
0.9853688686108962 137385 12154
0.9847373990813068 63817 92176
0.983961221861252 67061 96865
0.9834261262837304 67062 102333
0.9829427888997558 68385 105950
0.9825684470311148 67636 110525
0.9820530176103095 67175 116254
0.9815656687217311 66094 122316
0.9811169672555555 65183 127813
0.9806253133376462 64398 133623
0.9801361054591294 64862 138159
0.9796879910424081 64631 142970
0.979383899425122 65373 145336
0.9790318654357414 63041 151266
0.9785306230434131 61653 157777
0.9781209603659431 57856 165761
0.9777696112675924 55925 171283
0.9773754075590836 54959 176278
0.9770705332091919 54198 180155
0.9767613538299693 52040 185473
0.9765093139309575 49589 190500
0.9761199044596581 48920 195149
0.9758203135548544 46911 200220
0.9755181787690825 44955 205264
0.9752342425163913 43233 209888
0.9750054889123969 42427 213032
0.9748278086109197 40596 216679
0.9745989571653495 37782 221832
0.9743188367341108 36416 226061
0.9740696342407944 35342 229682
0.9738190619654181 33846 233739
0.9736017558257809 32920 236886
0.9734346424144796 31446 240068
0.9733091116728522 30126 242671
0.9730985566019386 28275 246674
0.9728540505042559 27676 249772
0.9726149256932369 27009 252883
0.9724103389584412 26173 255810
0.9722433233887156 25513 258177
0.9720852114023789 25283 260023
0.9719824777478905 23976 262380
0.971826909642522 22674 265272
0.9716505991231047 21909 267839
0.9714896497310727 20970 270423
0.9713258629333452 20409 272658
0.9711862430048166 20109 274385
0.9710618863620976 20080 275685
0.9709735354192375 18805 277863
0.9708228593926543 17820 280388
0.9706640625152877 16983 282848
0.9705200397158524 16343 284960
0.9703680917487851 16174 286682
0.9702492142343055 15760 288311
0.9701423712336374 15781 289382
0.9700644893393776 14967 290992
0.9699421873697484 14400 292809
0.9697992408276458 14197 294473
0.9696841791346187 13666 296180
0.9695744008866795 13346 297622
0.9694692211927984 13134 298909
0.9693901651996301 13025 299826
0.9693210890471835 12175 301382
0.9692274546592354 11501 303013
0.9691266778362609 11051 304493
0.9690402837249149 10364 306063
0.9689445946638771 10110 307295
0.9688686696011312 9783 308398
0.9687972452508677 9708 309203
0.9687377575728401 9056 310463
0.9686463735411331 8522 311931
0.9685636974096639 8176 313122
0.9684714328037756 7988 314253
0.9683863106329137 7769 315342
0.9682827942458195 8012 316157
0.9681982591244118 8158 316875
0.968135542674386 7819 317855
0.9680199917734803 7958 318897
0.9679018969916063 8272 319790
0.9677911403279101 8418 320776
0.9676659031110099 8912 321562
0.9675392961120497 9466 322302
0.9674197337065402 10072 322918
0.9673351007435569 9996 323859
0.9672080045367182 10440 324714
0.967043141481658 11176 325663
0.96689804242489 11779 326543
0.9667165463019602 12560 327617
0.9665397465746642 13493 328491
0.9663852547266287 14419 329144
0.9662639311727566 14467 330336
0.9660245128370104 15696 331554
0.9657983031139843 16858 332704
0.9655383380473405 18217 334002
0.9652558694182849 19798 335308
0.9650956049172827 20205 336539
0.965010776271148 20191 337420
0.9647955248046006 21077 338734
0.9644122793525706 23298 340430
0.9639671001831203 26349 341929
0.9635621339012841 28614 343803
0.9631684194006538 30809 345632
0.9627939796904371 33041 347227
0.9624374449885741 35422 348490
0.9621846223569566 35534 350962
