1.0 0 0
1.0 0 0
1.0 0 0
1.0 0 0
1.0 0 0
1.0 0 0
1.0 0 0
1.0 0 0
1.0 0 0
1.0 0 0
1.0 0 0
1.0 0 0
0.9999997874062774 4 0
0.9999996811094161 6 0
0.9999995216641241 9 0
0.9999994685156934 10 0
0.9999982461017884 33 0
0.9999981398049272 35 0
0.9999976614690513 44 0
0.999997395726898 49 0
0.9999971831331754 53 0
0.9999967579457303 61 0
0.9999967047972996 62 0
0.9999961733129931 72 0
0.9999956949771172 81 0
0.9999941005241977 108 3
0.9999920277354022 146 4
0.9999878821578114 211 17
0.9999849058456949 263 21
0.9999839491739432 280 22
0.9999817700882865 317 26
0.9999798035963523 351 29
0.9999768804326665 405 30
0.9999753391281776 429 35
0.999971778183324 490 41
0.9999689613164994 536 48
0.9999648157389085 610 52
0.9999629555438357 640 57
0.9999613610909162 666 61
0.999958491075661 713 68
0.9999568434743108 738 74
0.9999540266074862 774 91
0.9999494558424502 842 109
0.999942015062159 941 150
0.9999345211334371 1015 217
0.999931172782306 1039 256
0.9999254859002262 1108 294
0.9999178325262124 1182 364
0.9999141652844974 1221 394
0.9999109232302277 1259 417
0.999901569106433 1386 466
0.9998939688808498 1487 508
0.9998865281005586 1601 534
0.9998783432422381 1709 580
0.9998680855951224 1853 629
0.9998617609318748 1930 671
0.9998555957139192 2010 707
0.9998493241991023 2090 745
0.9998391197004172 2228 799
0.9998332202246148 2294 844
0.9998191890389228 2511 891
0.9998088250949457 2650 947
0.9997950065029763 2847 1010
0.9997916581518451 2809 1111
0.9997848020042911 2847 1202
0.9997765108491095 2897 1308
0.999764977639658 2984 1438
0.9997566864844764 3030 1548
0.9997430804862295 3172 1662
0.9997355865575076 3168 1807
0.9997294744879827 3118 1972
0.9997232561215964 3101 2106
0.9997194294345895 3024 2255
0.9997120949511595 2977 2440
0.9997039100928391 3008 2563
0.9996976385780223 2948 2741
0.9996890816806873 2836 3014
0.9996727651124773 2867 3290
0.9996411949446701 3247 3504
0.9996411949446701 3118 3633
0.9996296085867881 3200 3769
0.9996155242526653 3356 3878
0.9995791175776688 3788 4131
0.9995791175776688 3670 4249
0.99954659073811 4144 4387
0.9995233117254845 4419 4550
0.9995233117254845 4319 4650
0.9995055070012162 4499 4805
0.999491050628079 4639 4937
0.9994721297867669 4838 5094
0.9994482129929736 5124 5258
0.9994229143399834 5414 5444
0.9993989975461901 5680 5628
0.9993850195089287 5586 5985
0.9993586578873255 5779 6288
0.9993586578873255 5409 6658
0.9993456365218157 5357 6955
0.9993350599841161 5323 7188
0.9993253338213068 5262 7432
0.9993165643302493 5427 7432
0.9993051374176591 4998 8076
0.9992921160521494 4907 8412
0.999262724969999 5212 8660
0.999262724969999 4973 8899
0.9992432726443805 5336 8902
0.9992295603492723 5231 9265
0.9991925690415387 5723 9469
0.9991739670908106 5807 9735
0.9991561623665423 5860 10017
0.9991561623665423 5712 10165
0.9991082224820944 6255 10524
0.9990845182820237 6436 10789
0.9990575720276833 6715 11017
0.9990310509607881 6946 11285
0.9990026696988201 7117 11648
0.9989750325148812 7267 12018
0.9989503184946281 7390 12360
0.9989200770375872 7621 12698
0.9989200770375872 7415 12904
0.9988665034194903 8216 13111
0.9988403543916097 8623 13196
0.998814364809021 8562 13746
0.9978174596952862 26818 14247
0.9977372587134328 27609 14965
0.997570106899033 30255 15464
0.9974929353777267 31427 15744
0.9974183681295223 32526 16048
0.9973594265199295 33559 16124
0.9972862942793527 34497 16562
0.9972862942793527 15658 35401
0.9970902828671091 19346 35401
0.9969995053475559 23691 32764
0.9969039444692441 24175 34078
0.9969039444692441 24064 34189
0.9967178186651017 25469 36286
0.9966243305755853 25131 38383
0.9965353601026743 25747 39441
0.9964446357315517 26264 40631
0.9963485433689334 28072 40631
0.9963485433689334 28072 40631
0.9961819230388402 28434 43404
0.9960952910968779 29482 43986
0.9960057359912297 27778 47375
0.9960057359912297 27778 47375
0.9958285922718674 28413 50073
0.9957361140025334 28381 51845
0.9956567102471396 29312 52408
0.995582196147366 29966 53156
0.9955010916421914 29659 54989
0.995419030465265 28761 57431
0.9953407959753457 29056 58608
0.9952656440944041 28768 60310
0.9951971357672941 28749 61618
0.9951971357672941 28749 61618
0.9948566137721083 33440 63334
0.9947573856520816 32400 66241
0.9946811708025269 31935 68140
0.9945291131424323 32956 69980
0.9943914587070443 33737 71789
0.9942636898797576 35212 72718
0.9941569146825782 36557 73382
0.9940568361876609 38190 73632
0.9940090026000744 37587 75135
0.9939675999725966 37391 76110
0.9938552441901989 37426 78189
0.9937761061769584 38915 78189
0.9937011668897395 36365 82149
0.9936338278281037 36743 83038
0.9935604829938043 36899 84262
0.9935350780439528 35707 85932
0.9935173264681151 34052 87921
0.9934454697898739 35229 88096
0.993390673757872 34784 89572
0.993338641444264 33965 91370
0.9932903826692322 33491 92752
0.9932393601758065 32934 94269
0.9932255947322677 32276 95186
0.9932255947322677 31691 95771
0.9932255947322677 30968 96494
0.9932148587492761 25374 102290
0.9931641551464343 25693 102925
0.9930885780780475 26868 103172
0.9930549351214449 27339 103334
0.9930549351214449 27339 103334
0.9930058791199534 26819 104777
0.9930006174253189 26850 104845
0.9929655926095193 26289 106065
0.9929352980040479 26855 106069
0.9929297705672601 26243 106785
0.9928821495733962 26412 107512
0.9928715730356964 26371 107752
0.9928673211612443 26231 107972
0.9928395245320134 26352 108374
0.9928165112615412 26194 108965
0.992793657436361 26586 109003
0.9927737267748666 26753 109211
0.9927514044339929 27160 109224
0.9927445482864388 27282 109231
0.9927406684510012 26712 109874
0.9927155823917336 26958 110100
0.9926977776674653 27135 110258
0.9926807701696567 27241 110472
0.9926648256404612 27485 110528
0.9926470209161928 27751 110597
0.9926413340341131 27734 110721
0.9926367101206464 27820 110722
0.9926133248111596 27973 111009
0.9925970082429496 28242 111047
0.9925814889011992 28363 111218
0.9925654912235731 8205 131677
0.9925499187333922 8426 131749
0.9925451353746334 8446 131819
0.9925415212813491 8444 131889
0.9925216437682853 8727 131980
0.9925083035121918 8885 132073
0.9924924652798576 8727 132529
0.992480347437669 8859 132625
0.9924663162519769 9051 132697
0.9924612140026343 8885 132959
0.9924580250967953 8847 133057
0.9924402203725269 9021 133218
0.9924211932343536 9159 133438
0.9924026975804868 9353 133592
0.9923848928562184 9617 133663
0.992366184608629 9906 133726
0.9923604445781187 9747 133993
0.9923565115942504 9643 134171
0.9923350396282671 9574 134644
0.9923291933008954 9326 135002
0.9923061800304233 9578 135183
0.9922924677353151 9705 135314
0.9922764700576889 9963 135357
0.9922683383477992 9955 135518
0.9922614290518145 9908 135695
0.9922421361714878 10079 135887
0.992225022376818 10246 136042
0.9922056231996301 10510 136143
0.9921881373659457 10733 136249
0.9921713956102904 10991 136306
0.9921625729708022 10976 136487
0.9921544944093431 10993 136622
0.9921320657716082 11141 136896
0.9921085741652601 11411 137068
0.9920773760364675 11845 137221
0.9920437330798649 12363 137336
0.9920075389985911 12852 137528
0.9919818683065863 13101 137762
0.9919575263253478 13331 137990
0.991920269275461 13722 138300
0.9918829059287128 14187 138538
0.991839217918717 14740 138807
0.9917980810333926 15309 139012
0.9917503005942366 15973 139247
0.9917154352237291 16303 139573
0.9916848748761043 16594 139857
0.9916418246472765 17076 140185
0.9916006346135213 17416 140620
0.9915572123456788 17848 141005
0.9915092193128003 18313 141443
0.9914637242561625 18795 141817
0.9913979264990156 19569 142281
0.9913604568554061 19766 142789
0.9913057139718349 20328 143257
0.9912529375801976 20913 143665
0.991200852118159 21425 144133
0.9911524870462659 21846 144622
0.9911060884663069 22104 145237
0.9911037499353582 22121 145264
0.991028385460694 21967 146836
0.9909739614677067 22377 147450
0.9909218228572373 22711 148097
0.9908693653561841 22960 148835
0.9908156854412258 23826 148979
0.9907647692446614 24375 149388
0.9907222505001401 24705 149858
0.990668995772627 25088 150477
0.9906276994420106 25174 151168
0.9905722124804102 25513 151873
0.9905194892372037 25623 152755
0.990468147853194 25722 153622
0.9904285522723585 25846 154243
0.9903919861520701 25908 154869
0.9903418140335348 25745 155976
0.9902920671024448 25679 156978
0.9902403536794206 25742 157888
0.9901910850842065 25913 158644
0.9901402751845034 26113 159400
0.9900996697834855 26024 160253
0.9900633694053503 25701 161259
0.9900139413648442 25292 162598
0.989963609801017 25335 163502
0.9899256618215317 25375 164176
0.9898862788344188 25601 164691
0.9898502973468676 25389 165580
0.9898141032655937 25194 166456
0.9897647283735183 25179 167400
0.9897156192235961 24876 168627
0.9896755453068846 24077 170180
0.989636428061925 23511 171482
0.9895714275312378 23016 173200
0.9895222120844543 22658 174484
0.9894818192771591 22543 175359
0.9894415859151556 22393 176266
0.9893939649212917 22082 177473
0.989346769114873 22124 178319
0.9893067483465922 22877 178319
0.989260828102509 22521 179539
0.9892172463893747 22901 179979
0.9891809460112395 22784 180779
0.9891421476568637 23026 181267
0.9891011702168312 22912 182152
0.9890549842305949 22788 183145
0.9890067786039938 22866 183974
0.9889619744769543 22901 184782
0.9889134499597693 23178 185418
0.9888723662228756 23539 185830
0.9888342587980982 23453 186633
0.9887869566948182 23552 187424
0.9887377943964653 23639 188262
0.9886893761761415 23771 189041
0.9886339423629718 24113 189742
0.9885769672453131 24432 190495
0.9885227558460483 24942 191005
0.9884687038920755 24968 191996
0.9884021620568996 25120 193096
0.9883324844643151 25131 194396
0.9882513799591406 25523 195530
0.9881637913454265 26046 196655
0.9880737579039024 26805 197590
0.9879942478516475 27437 198454
0.9879265367509971 27226 199939
0.9878453790973919 27153 201539
0.9877658690451369 27481 202707
0.987684658243101 27571 204145
0.9876081245029625 27462 205694
0.9875330257704517 27867 206702
0.9874652615213706 28130 207714
0.9874022806310483 27992 209037
0.9873313274761283 27989 210375
0.9872589393135806 27987 211739
0.9871921317362513 27522 213461
0.9871921317362513 27522 213461
0.9870634593856434 27159 216245
0.987009035392656 27089 217339
0.9869599793911645 26453 218898
0.9869002937035426 26072 220402
0.9868440095154825 25358 222175
0.9867891071866192 24937 223629
0.98673617134969 24298 225264
0.9866916861132345 24111 226288
0.9866455532754288 23648 227619
0.9866087745614178 22845 229114
0.986562960614196 22419 230402
0.9865135325736899 22128 231623
0.9864624569318335 21716 232996
0.9864161115003053 21490 234094
0.9863733801620612 21571 234817
0.9863355384794372 21444 235656
0.986298334577981 20947 236853
0.9862553374975838 20565 238044
0.9862091515113474 20523 238955
0.9861609990331769 20470 239914
0.9861152913828164 20483 240761
0.9860701683651931 20295 241798
