0 0
0 0
0 0
0 0
0 0
0 0
0 0
0 0
0 0
0 0
0 0
0 0
4 0
6 0
9 0
10 0
33 0
35 0
44 0
49 0
53 0
61 0
62 0
72 0
81 0
108 3
146 4
211 17
263 21
280 22
317 26
351 29
405 30
429 35
490 41
536 48
610 52
640 57
666 61
713 68
738 74
774 91
842 109
941 150
1015 217
1039 256
1108 294
1182 364
1221 394
1259 417
1386 466
1487 508
1601 534
1709 580
1853 629
1930 671
2010 707
2090 745
2228 799
2294 844
2511 891
2650 947
2847 1010
2809 1111
2847 1202
2897 1308
2984 1438
3030 1548
3172 1662
3168 1807
3118 1972
3101 2106
3024 2255
2977 2440
3008 2563
2948 2741
2836 3014
2867 3290
3247 3504
3118 3633
3200 3769
3356 3878
3788 4131
3670 4249
4144 4387
4419 4550
4319 4650
4499 4805
4639 4937
4838 5094
5124 5258
5414 5444
5680 5628
5586 5985
5779 6288
5409 6658
5357 6955
5323 7188
5262 7432
5427 7432
4998 8076
4907 8412
5212 8660
4973 8899
5336 8902
5231 9265
5723 9469
5807 9735
5860 10017
5712 10165
6255 10524
6436 10789
6715 11017
6946 11285
7117 11648
7267 12018
7390 12360
7621 12698
7415 12904
8216 13111
8623 13196
8562 13746
26818 14247
27609 14965
30255 15464
31427 15744
32526 16048
33559 16124
34497 16562
15658 35401
19346 35401
23691 32764
24175 34078
24064 34189
25469 36286
25131 38383
25747 39441
26264 40631
28072 40631
28072 40631
28434 43404
29482 43986
27778 47375
27778 47375
28413 50073
28381 51845
29312 52408
29966 53156
29659 54989
28761 57431
29056 58608
28768 60310
28749 61618
28749 61618
33440 63334
32400 66241
31935 68140
32956 69980
33737 71789
35212 72718
36557 73382
38190 73632
37587 75135
37391 76110
37426 78189
38915 78189
36365 82149
36743 83038
36899 84262
35707 85932
34052 87921
35229 88096
34784 89572
33965 91370
33491 92752
32934 94269
32276 95186
31691 95771
30968 96494
25374 102290
25693 102925
26868 103172
27339 103334
27339 103334
26819 104777
26850 104845
26289 106065
26855 106069
26243 106785
26412 107512
26371 107752
26231 107972
26352 108374
26194 108965
26586 109003
26753 109211
27160 109224
27282 109231
26712 109874
26958 110100
27135 110258
27241 110472
27485 110528
27751 110597
27734 110721
27820 110722
27973 111009
28242 111047
28363 111218
8205 131677
8426 131749
8446 131819
8444 131889
8727 131980
8885 132073
8727 132529
8859 132625
9051 132697
8885 132959
8847 133057
9021 133218
9159 133438
9353 133592
9617 133663
9906 133726
9747 133993
9643 134171
9574 134644
9326 135002
9578 135183
9705 135314
9963 135357
9955 135518
9908 135695
10079 135887
10246 136042
10510 136143
10733 136249
10991 136306
10976 136487
10993 136622
11141 136896
11411 137068
11845 137221
12363 137336
12852 137528
13101 137762
13331 137990
13722 138300
14187 138538
14740 138807
15309 139012
15973 139247
16303 139573
16594 139857
17076 140185
17416 140620
17848 141005
18313 141443
18795 141817
19569 142281
19766 142789
20328 143257
20913 143665
21425 144133
21846 144622
22104 145237
22121 145264
21967 146836
22377 147450
22711 148097
22960 148835
23826 148979
24375 149388
24705 149858
25088 150477
25174 151168
25513 151873
25623 152755
25722 153622
25846 154243
25908 154869
25745 155976
25679 156978
25742 157888
25913 158644
26113 159400
26024 160253
25701 161259
25292 162598
25335 163502
25375 164176
25601 164691
25389 165580
25194 166456
25179 167400
24876 168627
24077 170180
23511 171482
23016 173200
22658 174484
22543 175359
22393 176266
22082 177473
22124 178319
22877 178319
22521 179539
22901 179979
22784 180779
23026 181267
22912 182152
22788 183145
22866 183974
22901 184782
23178 185418
23539 185830
23453 186633
23552 187424
23639 188262
23771 189041
24113 189742
24432 190495
24942 191005
24968 191996
25120 193096
25131 194396
25523 195530
26046 196655
26805 197590
27437 198454
27226 199939
27153 201539
27481 202707
27571 204145
27462 205694
27867 206702
28130 207714
27992 209037
27989 210375
27987 211739
27522 213461
27522 213461
27159 216245
27089 217339
26453 218898
26072 220402
25358 222175
24937 223629
24298 225264
24111 226288
23648 227619
22845 229114
22419 230402
22128 231623
21716 232996
21490 234094
21571 234817
21444 235656
20947 236853
20565 238044
20523 238955
20470 239914
20483 240761
20295 241798
