45 0
56 0
56 0
56 0
58 0
58 0
61 0
63 1
63 1
68 1
70 2
75 5
75 5
99 5
107 5
114 9
121 9
127 15
130 18
141 18
149 27
161 27
162 27
152 39
152 43
159 49
168 57
171 64
188 67
194 72
216 73
237 80
261 81
335 82
385 94
456 100
561 104
637 106
743 112
798 112
869 124
1020 134
1091 143
1148 152
1176 179
1196 209
1296 228
1395 263
1465 286
1603 312
1619 376
1657 423
1792 456
1887 512
1986 628
2217 675
2249 826
2254 1034
2241 1199
2327 1413
2459 1565
2745 1632
2883 1736
3169 1814
3291 1987
3732 2072
4028 2261
4142 2425
4695 2513
4952 2671
5901 2787
6314 2972
7101 3176
7683 3345
8436 3539
9124 3736
9852 3950
10645 4205
11234 4457
11962 4802
12559 5009
13275 5334
13911 5653
14569 5895
15029 6273
15181 6786
15097 7478
15146 8121
15229 8883
15717 9467
15831 10361
15445 11598
14643 13119
14142 14507
13379 15980
12462 17459
12123 18521
11595 19536
11379 20469
10999 21511
10705 22435
10260 23563
10016 24416
9619 25333
9295 26171
8865 27055
8602 27829
8449 28509
8331 29202
8254 29820
8175 30503
8100 31045
8084 31566
8191 32100
8395 32638
8733 33146
9082 33706
9393 34310
9461 34930
9100 35842
8861 36663
8811 37384
8867 38073
9110 38749
9036 39636
8995 40308
9110 40831
9270 41374
9353 41892
9520 42487
9772 43068
9983 43597
9711 44347
9894 45000
9759 45749
9617 46557
9581 47296
9721 47947
9436 48785
9477 49427
9109 50095
9016 50747
9103 51331
9248 51937
9204 52668
9285 53340
9273 54036
8967 54806
8884 55495
9026 56123
8992 56911
8754 57775
8578 58379
8470 58978
8241 59670
8099 60200
7983 60791
8051 61374
7966 62079
7926 62801
7919 63280
7716 63997
7890 64510
7823 65245
7845 65940
7898 66588
7951 67234
7680 68017
7569 68636
7692 69135
7722 69748
7867 70278
7616 71151
7494 71775
7674 72283
7706 72822
7517 73443
7652 73921
7844 74427
7901 75044
7733 75845
7703 76521
7456 77180
7354 77755
7620 78191
7734 78744
8051 79327
8289 79954
8520 80443
8517 81065
8804 81583
9042 82202
9308 82774
9226 83596
9258 84217
9249 84962
9209 85555
9408 86064
9514 86787
9241 87758
9338 88486
9172 89356
8970 90079
8682 90752
8449 91515
8483 92200
8368 92931
8298 93553
8284 94157
8391 94808
8014 95530
7865 96116
7912 96656
7884 97298
7867 97809
7574 98513
7403 99055
7361 99664
7415 100177
7457 100811
7328 101415
7485 101956
7403 102673
7191 103377
7190 103926
7427 104466
7557 105180
7357 105912
7485 106530
7559 107185
7681 107802
7585 108561
7516 109316
7806 109912
7894 110637
7976 111444
8052 112180
8073 112854
8118 113517
8177 114140
8220 114872
8220 115686
8424 116242
8362 116975
8285 117641
8194 118340
8121 119172
8211 119869
8307 120536
8275 121363
8396 122067
8508 122697
8356 123387
8348 124130
8404 124977
8428 125731
8509 126423
8473 127177
8604 127737
8417 128423
8073 129256
7996 129889
7641 130696
7537 131285
7398 131910
7311 132423
7012 133044
6677 133716
6518 134277
6313 134904
5925 135622
5699 136177
5431 136764
5135 137291
4684 137951
4486 138506
4244 139016
4016 139558
3883 140034
3665 140499
3443 140926
3361 141238
3362 141538
3310 141894
3326 142169
3310 142479
3308 142736
3213 143005
3180 143269
3198 143512
3149 143822
3166 144026
3260 144271
3216 144559
3132 144847
3145 145064
3228 145279
3255 145518
3193 145824
3221 146056
3140 146309
3143 146510
3117 146740
3105 146988
3081 147217
3133 147451
3156 147713
3147 147927
3135 148208
3266 148449
3305 148722
3485 148953
3801 149177
4050 149423
4230 149670
4364 149950
4523 150318
4814 150521
5119 150755
5427 151007
5688 151276
5774 151625
5688 152089
5800 152444
5936 152886
5893 153371
6057 153777
6108 154259
6203 154698
6080 155205
6057 155720
6022 156260
6166 156696
6105 157345
6247 157861
6259 158363
6367 158890
6408 159435
6708 159946
6906 160504
7190 161060
7672 161518
7979 162057
8494 162504
8905 163089
9310 163686
9739 164244
10151 164880
10523 165529
10651 166252
10679 167022
10724 167800
10873 168615
11066 169439
11051 170433
11100 171360
11023 172299
10819 173271
10758 174231
10859 175145
10895 176110
10938 177086
10841 178205
10615 179275
