0.99998948922295 45 0
0.9999869199218933 56 0
0.9999869199218933 56 0
0.9999869199218933 56 0
0.9999864527762465 58 0
0.9999864527762465 58 0
0.9999857520577766 61 0
0.9999850513393066 63 1
0.9999850513393066 63 1
0.9999838834751898 68 1
0.9999831827567199 70 2
0.9999813141741332 75 5
0.9999813141741332 75 5
0.9999757084263732 99 5
0.9999738398437865 107 5
0.9999712705427298 114 9
0.9999696355329665 121 9
0.9999668326590865 127 15
0.9999654312221464 130 18
0.9999628619210897 141 18
0.9999588911830931 149 27
0.999956088309213 161 27
0.9999558547363897 162 27
0.9999553875907431 152 39
0.9999544532994497 152 43
0.9999514168527464 159 49
0.9999474461147496 168 57
0.9999451103865163 171 64
0.9999404389300496 188 67
0.9999378696289929 194 72
0.9999324974540562 216 73
0.9999259574150029 237 80
0.9999201180944195 261 81
0.9999026001326694 335 82
0.9998881186176226 385 94
0.9998701335102258 456 100
0.9998446740724823 561 104
0.9998264553922622 637 106
0.9998002952360487 743 112
0.9997874487307653 798 112
0.9997680621864284 869 124
0.9997304569618716 1020 134
0.9997117711360047 1091 143
0.9996963553296647 1148 152
0.9996835088243813 1176 179
0.9996718301832145 1196 209
0.9996440350172376 1296 228
0.9996127362589108 1395 263
0.9995910139863406 1465 286
0.9995527080433138 1603 312
0.9995340222174469 1619 376
0.9995141685274634 1657 423
0.9994749282931432 1792 456
0.9994396587968196 1887 512
0.9993894406398027 1986 628
0.9993245073949156 2217 675
0.9992817635682453 2249 826
0.999232012556875 2254 1034
0.9991965094877281 2241 1199
0.9991264376407276 2327 1413
0.9990601029589006 2459 1565
0.9989776517522633 2745 1632
0.9989211271290163 2883 1736
0.9988361066213224 3169 1814
0.9987672026384387 3291 1987
0.9986443433333645 3732 2072
0.998531060514047 4028 2261
0.99846612726916 4142 2425
0.9983164070894023 4695 2513
0.9982194743677184 4952 2671
0.9979707193108668 5901 2787
0.9978310427625124 6314 2972
0.9975995720945876 7101 3176
0.9974241589042632 7683 3345
0.9972029654405651 8436 3539
0.9969962534919137 9124 3736
0.9967762278923322 9852 3950
0.9965314435734773 10645 4205
0.9963350088290527 11234 4457
0.9960843851896144 11962 4802
0.9958965926396532 12559 5009
0.9956534433305616 13275 5334
0.9954303812842769 13911 5653
0.9952201657432754 14569 5895
0.9950244317173208 15029 6273
0.9948691057898031 15181 6786
0.9947270935132155 15097 7478
0.9945654611194679 15146 8121
0.9943680920837499 15229 8883
0.9941177020171349 15717 9467
0.9938822606112133 15831 10361
0.9936834901385554 15445 11598
0.9935155512785776 14643 13119
0.9933083721842796 14142 14507
0.9931425354797119 13379 15980
0.9930112675529976 12462 17459
0.9928423944017266 12123 18521
0.9927286444367625 11595 19536
0.9925611727224314 11379 20469
0.9924065475133838 10999 21511
0.9922593966346828 10705 22435
0.9920998663963451 10260 23563
0.9919576205469341 10016 24416
0.9918361626788 9619 25333
0.9917161062476059 9295 26171
0.9916100641858119 8865 27055
0.9914907084730877 8602 27829
0.9913676155951903 8449 28509
0.9912333112217727 8331 29202
0.9911069483243485 8254 29820
0.9909658703390543 8175 30503
0.990856791830557 8100 31045
0.9907388375547729 8084 31566
0.9905891173750152 8191 32100
0.9904158063401007 8395 32638
0.9902182037315594 8733 33146
0.990005886035148 9082 33706
0.9897921669017966 9393 34310
0.9896314687993423 9461 34930
0.9895027701736847 9100 35842
0.9893668307905039 8861 36663
0.9892101034260462 8811 37384
0.9890360916726617 8867 38073
0.9888214382480169 9110 38749
0.9886315435426457 9036 39636
0.9884841590911214 8995 40308
0.9883351396298338 9110 40831
0.9881709379350294 9270 41374
0.9880305606682052 9353 41892
0.9878525781768239 9520 42487
0.987658012014986 9772 43068
0.9874851681257182 9983 43597
0.9873735203161642 9711 44347
0.9871782534358562 9894 45000
0.9870348397223286 9759 45749
0.9868792802219876 9617 46557
0.9867150785271832 9581 47296
0.9865303224239254 9721 47947
0.9864011566526212 9436 48785
0.9862416264142835 9477 49427
0.986171554567283 9109 50095
0.9860409873590388 9016 50747
0.9858842599945811 9103 51331
0.9857088468042566 9248 51937
0.9855483822746256 9204 52668
0.9853725019386544 9285 53340
0.9852127381274934 9273 54036
0.9851043603374661 8967 54806
0.9849628152065251 8884 55495
0.9847829641325573 9026 56123
0.9846068502237628 8992 56911
0.9844606336363552 8754 57775
0.9843606644679678 8578 58379
0.9842459802117104 8470 58978
0.9841378359945063 8241 59670
0.9840472097390525 8099 60200
0.9839362626479684 7983 60791
0.9837842067399774 8051 61374
0.9836393915895097 7966 62079
0.9834800949239954 7926 62801
0.9833698485513813 7919 63280
0.9832497921201873 7716 63997
0.9830893275905562 7890 64510
0.9829333009445685 7823 65245
0.9827658292302374 7845 65940
0.9826020946810796 7898 66588
0.9824388272775686 7951 67234
0.9823192379920211 7680 68017
0.982200582997767 7569 68636
0.9820553007016528 7692 69135
0.9819051133762484 7722 69748
0.9817474517204974 7867 70278
0.9816021694243832 7616 71151
0.981484915867069 7494 71775
0.9813242177646146 7674 72283
0.9811908476824904 7706 72822
0.9810899442228098 7517 73443
0.9809467640821056 7652 73921
0.9807837302514177 7844 74427
0.9806263021684901 7901 75044
0.9804784505713191 7733 75845
0.9803275625274448 7703 76521
0.9802313305242308 7456 77180
0.9801208505787935 7354 77755
0.9799568824568123 7620 78191
0.9798010893836481 7734 78744
0.9795908738426466 8051 79327
0.979388833350462 8289 79954
0.9792206609176609 8520 80443
0.9790760793400166 8517 81065
0.978888053217232 8804 81583
0.9786878813076341 9042 82202
0.9784921472816794 9308 82774
0.9783193033924117 9226 83596
0.978166780338774 9258 84217
0.9779948707407996 9249 84962
0.9778657049694954 9209 85555
0.9777003354105743 9408 86064
0.9775067035400297 9514 86787
0.977343669709342 9241 87758
0.9771509721300907 9338 88486
0.976986536862463 9172 89356
0.9768648454215055 8970 90079
0.9767749198845216 8682 90752
0.9766511262881541 8449 91515
0.9764831874281763 8483 92200
0.976339306569002 8368 92931
0.9762103743705213 8298 93553
0.9760725664047537 8284 94157
0.9758955182046658 8391 94808
0.9758149355806153 8014 95530
0.975712864256818 7865 96116
0.9755757570095205 7912 96656
0.9754323432959928 7884 97298
0.9753169583212654 7867 97809
0.9752209598908748 7574 98513
0.9751343043734175 7403 99055
0.9750018685825866 7361 99664
0.9748694327917559 7415 100177
0.9747115375631814 7457 100811
0.9746005904720974 7328 101415
0.9744375566414096 7485 101956
0.974289237898592 7403 102673
0.9741743200695113 7191 103377
0.9740463221623238 7190 103926
0.9738648360785925 7427 104466
0.973667700615698 7557 105180
0.9735434398736839 7357 105912
0.9733691945474761 7485 106530
0.9731989199592649 7559 107185
0.9730263096428204 7681 107802
0.9728714508609494 7585 108561
0.9727112199041417 7516 109316
0.9725042743826671 7806 109912
0.9723143796772958 7894 110637
0.9721067334373511 7976 111444
0.9719170723048032 8052 112180
0.9717547391925855 8073 112854
0.9715893696336644 8118 113517
0.97143007296815 8177 114140
0.9712490540300655 8220 114872
0.9710589257518709 8220 115686
0.9708814104061364 8424 116242
0.9707246830416787 8362 116975
0.9705871086487345 8285 117641
0.9704450963721469 8194 118340
0.9702678145992357 8121 119172
0.9700839927872712 8211 119869
0.9699057767230668 8307 120536
0.9697200863285155 8275 121363
0.9695273887492643 8396 122067
0.9693540777143498 8508 122697
0.9692284155353956 8356 123387
0.9690567395102445 8348 124130
0.9688458232507732 8404 124977
0.9686641035942186 8428 125731
0.9684835518017808 8509 126423
0.9683158465146263 8473 127177
0.968154447693702 8604 127737
0.9680378948548578 8417 128423
0.9679236777442471 8073 129256
0.967793811254473 7996 129889
0.9676882363383256 7641 130696
0.9675749535190081 7537 131285
0.9674614371268674 7398 131910
0.9673619351041267 7311 132423
0.967286724655013 7012 133044
0.9672080106135491 6677 133716
0.9671141143385685 6518 134277
0.9670155466071212 6313 134904
0.9669384675754207 5925 135622
0.9668616221165435 5699 136177
0.9667871123858996 5431 136764
0.9667331570637093 5135 137291
0.9666843403436324 4684 137951
0.9666009548457017 4486 138506
0.966538357329048 4244 139016
0.966465015462521 4016 139558
0.966384899984117 3883 140034
0.9663272074967534 3665 140499
0.9662793250679697 3443 140926
0.9662256033186026 3361 141238
0.9661552978987789 3362 141538
0.966084291760485 3310 141894
0.9660163220688947 3326 142169
0.9659476516588342 3310 142479
0.9658880905888838 3308 142736
0.9658474489176235 3213 143005
0.9657934935954332 3180 143269
0.9657325310885427 3198 143512
0.9656715685816524 3149 143822
0.9656199489876954 3166 144026
0.9655407678005848 3260 144271
0.9654837760316911 3216 144559
0.9654361271757308 3132 144847
0.9653824054263638 3145 145064
0.96531280072501 3228 145279
0.965250670354003 3255 145518
0.9651936785851093 3193 145824
0.9651329496510422 3221 146056
0.9650927751254286 3140 146309
0.9650451262694683 3143 146510
0.9649974774135079 3117 146740
0.964942354227201 3105 146988
0.9648944717984174 3081 147217
0.9648276699709435 3133 147451
0.9647611017162931 3156 147713
0.9647132192875094 3147 147927
0.9646503881980324 3135 148208
0.9645634991077519 3266 148449
0.9644906243868714 3305 148722
0.9643946259564807 3485 148953
0.9642684966318799 3801 149177
0.9641528780843291 4050 149423
0.9640531424887652 4230 149670
0.9639564433399045 4364 149950
0.963833350462007 4523 150318
0.9637179654872796 4814 150521
0.9635920697355022 5119 150755
0.9634612689544346 5427 151007
0.9633374753580671 5688 151276
0.9632358711799165 5774 151625
0.9631475806526959 5688 152089
0.9630385021441985 5800 152444
0.9629034970523109 5936 152886
0.9628002578643969 5893 153371
0.9626671213550961 6057 153777
0.9625426270402586 6108 154259
0.9624178991525978 6203 154698
0.9623282071884373 6080 155205
0.9622132893593565 6057 155720
0.9620953350835724 6022 156260
0.9619598628460382 6166 156696
0.9618225220259172 6105 157345
0.9616688311081629 6247 157861
0.9615487746769688 6259 158363
0.9614004559341511 6367 158890
0.9612635822596769 6408 159435
0.9610741546999524 6708 159946
0.9608975736455112 6906 160504
0.96070137247391 7190 161060
0.9604818140199751 7672 161518
0.9602842114114338 7979 162057
0.9600595143553857 8494 162504
0.9598268758233442 8905 163089
0.9595928358543627 9310 163686
0.9593622994777312 9739 164244
0.9591175151588762 10151 164880
0.9588790373062513 10523 165529
0.9586802668335934 10651 166252
0.9584938757205722 10679 167022
0.9583016452869676 10724 167800
0.9580764810852728 10873 168615
0.9578389375239412 11066 169439
0.9576102697298964 11051 170433
0.9573823026543216 11100 171360
0.957180962880607 11023 172299
0.9570015789522858 10819 173271
0.9567915969841077 10758 174231
0.9565545205684228 10859 175145
0.9563207141722646 10895 176110
0.9560827034652865 10938 177086
0.9558439920398382 10841 178205
0.9556468565769436 10615 179275
