10 0
13 0
13 0
12 1
15 1
21 1
21 1
31 1
31 1
39 2
57 4
57 4
73 4
89 4
106 4
106 4
114 6
127 6
149 8
155 8
179 8
236 12
255 12
306 12
307 26
339 29
356 35
374 38
398 40
400 46
421 49
422 57
432 62
441 67
449 71
455 72
462 79
467 81
495 81
496 86
513 96
522 97
530 100
532 100
540 101
552 106
556 107
561 107
552 120
550 123
553 124
548 129
547 135
526 162
534 162
537 167
538 169
541 169
548 169
547 174
551 174
513 216
511 222
512 225
515 225
510 231
519 231
539 245
547 249
549 260
585 260
599 260
610 260
616 262
624 262
619 272
629 273
638 273
654 277
677 277
684 277
335 689
397 689
404 693
400 714
405 714
425 715
443 718
443 725
441 731
457 734
481 739
491 742
496 746
505 751
547 759
516 796
523 797
533 798
541 809
543 825
526 862
526 876
538 884
542 900
546 900
557 907
552 921
550 939
519 976
518 992
498 1038
487 1100
494 1109
492 1130
508 1136
485 1177
520 1177
533 1186
553 1187
541 1204
561 1217
531 1257
519 1277
503 1327
516 1339
526 1347
538 1347
523 1384
542 1404
607 1404
644 1438
730 1438
878 1456
960 1459
962 1489
1049 1493
1074 1525
1175 1525
1250 1525
1304 1555
1302 1603
1362 1618
1454 1650
1598 1662
1695 1712
1864 1718
2007 1743
2122 1760
2259 1764
2397 1808
2524 1810
2733 1822
2908 1822
3028 1857
3160 1902
3160 1902
3469 1948
3628 2044
3839 2112
4102 2121
4312 2205
4442 2370
4657 2464
4917 2496
5123 2588
5400 2645
5695 2747
6054 2827
6423 2914
6799 2959
7310 3037
7799 3153
8260 3320
8724 3467
8950 3748
9325 3830
9826 3861
10154 4094
10658 4279
11205 4408
11636 4639
12017 4853
12330 4978
12618 5159
13003 5372
13446 5517
13715 5775
13956 6055
14096 6330
14196 6630
14395 6929
14641 7236
14906 7531
15442 7541
15494 8175
15735 8575
16390 9011
15981 9468
16190 9893
16288 10480
16498 11020
16571 11726
16959 12344
17173 12814
17659 13193
17937 13855
18378 14441
18851 15111
19468 15774
19818 16436
20245 17027
20906 17471
21702 17932
22405 18477
23048 19125
23837 19657
24294 20188
25000 20657
26004 20914
26824 21553
27545 22199
28313 22857
29384 23174
29608 23960
30217 24407
30809 25060
31583 25663
32250 26495
33136 26977
33570 27714
33704 28582
33563 29381
34307 30029
34571 31006
35066 31961
35508 32971
35906 34000
36022 35368
36062 36124
36608 37387
37456 38389
38045 39733
38552 40977
38967 42261
39070 43547
39160 44537
40657 44552
41389 45708
42683 46503
44808 46520
45782 47315
46911 47325
42895 52460
42798 54109
43197 55632
44222 56481
44118 58489
44923 59344
44197 61233
44356 62090
44719 63234
46657 63380
47674 64272
48086 65569
48254 67029
47909 68567
47527 69990
47216 71489
48155 72186
49074 73126
48994 74988
49737 75941
49166 77778
43892 84052
45388 84067
47208 84089
47608 85209
47198 87097
47198 87097
45784 91328
46752 91344
44899 94236
45211 95198
45280 96907
44876 98829
45471 99774
43986 102534
43346 104267
43447 105430
45492 105441
45089 107960
46973 107971
44765 111805
44490 113614
44044 115242
44544 116435
45749 117476
47269 118664
47755 120314
47313 122159
47175 124051
47177 125643
48215 126903
50080 127916
52076 129427
54450 129438
53919 132489
55011 134267
56260 135879
58634 137125
61809 138116
65551 139148
69730 140409
73394 142159
75451 143845
77046 145345
80386 146562
84323 147613
87605 149527
93715 149571
96212 152946
97868 154944
99389 156567
102211 158104
105361 159286
108268 160973
108246 164215
109969 166618
111548 168049
111733 170516
114528 171226
117040 172620
118039 175118
118205 178077
117410 181503
117093 183959
119050 184022
116564 189278
117023 192139
116548 195721
117415 197925
113137 204699
109778 210139
106424 215556
105770 219096
106642 221381
105215 225944
105798 228295
106380 230619
95843 243286
91738 249130
90789 252812
90934 255146
88495 260315
86418 264647
84180 269191
82662 272411
80027 276587
79742 279595
80601 282249
80565 285754
80032 289660
79635 293157
