0.9999985337191802 10 0
0.9999980938349343 13 0
0.9999980938349343 13 0
0.9999980938349343 12 1
0.9999976539506884 15 1
0.9999967741821966 21 1
0.9999967741821966 21 1
0.9999953079013768 31 1
0.9999953079013768 31 1
0.9999939882486389 39 2
0.9999910556869995 57 4
0.9999910556869995 57 4
0.9999887096376878 73 4
0.9999863635883762 89 4
0.9999838709109827 106 4
0.9999838709109827 106 4
0.999982404630163 114 6
0.9999804984650973 127 6
0.9999769793911298 149 8
0.999976099622638 155 8
0.9999725805486706 179 8
0.9999636362356701 236 12
0.9999608503021125 255 12
0.9999533722699318 306 12
0.999951172848702 307 26
0.9999460408658329 339 29
0.9999426684199475 356 35
0.9999395892302261 374 38
0.9999357769000946 398 40
0.9999346038754389 400 46
0.9999310848014714 421 49
0.9999297651487337 422 57
0.9999275657275041 432 62
0.9999255129343564 441 67
0.9999237533973726 449 71
0.9999227270007989 455 72
0.9999206742076512 462 79
0.9999196478110773 467 81
0.9999155422247821 495 81
0.9999146624562901 496 86
0.9999107034980769 513 96
0.9999092372172571 522 97
0.9999076243083553 530 100
0.9999073310521914 532 100
0.9999060113994536 540 101
0.9999035187220601 552 106
0.9999027855816501 556 107
0.9999020524412403 561 107
0.9999014659289124 552 120
0.9999013193008304 550 123
0.9999007327885024 553 124
0.9999007327885024 548 129
0.9998999996480926 547 135
0.9998991198796008 526 162
0.9998979468549449 534 162
0.9998967738302892 537 167
0.9998963339460432 538 169
0.9998958940617972 541 169
0.9998948676652235 548 169
0.9998942811528956 547 174
0.9998936946405677 551 174
0.9998931081282397 513 216
0.9998925216159118 511 222
0.999891935103584 512 225
0.9998914952193381 515 225
0.9998913485912561 510 231
0.9998900289385183 519 231
0.9998850435837311 539 245
0.9998832840467474 547 249
0.9998813778816817 549 260
0.9998760992707306 585 260
0.9998740464775829 599 260
0.9998724335686812 610 260
0.9998712605440254 616 262
0.9998700875193696 624 262
0.9998693543789597 619 272
0.999867741470058 629 273
0.9998664218173202 638 273
0.9998634892556807 654 277
0.9998601168097953 677 277
0.9998590904132214 684 277
0.9998498528440569 335 689
0.9998407619029744 397 689
0.9998391489940727 404 693
0.9998366563166792 400 714
0.9998359231762692 405 714
0.9998328439865477 425 715
0.9998297647968263 443 718
0.9998287384002524 443 725
0.9998281518879245 441 731
0.999825365954367 457 734
0.9998211137399897 481 739
0.999819207574924 491 742
0.9998178879221863 496 746
0.9998158351290386 505 751
0.9998085037249398 547 759
0.999807623956448 516 796
0.9998064509317921 523 797
0.9998048380228904 533 798
0.9998020520893328 541 809
0.9997994127838573 543 825
0.9997964802222178 526 862
0.9997944274290701 526 876
0.9997914948674306 538 884
0.999788562305791 542 900
0.9997879757934632 546 900
0.9997853364879876 557 907
0.9997840168352499 552 921
0.9997816707859383 550 939
0.9997807910174464 519 976
0.9997785915962167 518 992
0.9997747792660854 498 1038
0.9997673012339047 487 1100
0.9997649551845931 494 1109
0.9997621692510354 492 1130
0.999758943433232 508 1136
0.9997563041277565 485 1177
0.9997511721448873 520 1177
0.9997479463270839 533 1186
0.9997448671373623 553 1187
0.9997441339969525 541 1204
0.9997392952702473 561 1217
0.9997378289894275 531 1257
0.9997366559647717 519 1277
0.9997316706099846 503 1327
0.9997280049079351 516 1339
0.9997253656024596 526 1347
0.999723606065476 538 1347
0.9997203802476724 523 1384
0.9997146617524754 542 1404
0.999705130927147 607 1404
0.9996947203333267 644 1438
0.9996821103182768 730 1438
0.9996577700566688 878 1456
0.9996453066697009 960 1459
0.9996406145710777 962 1489
0.9996272714156179 1049 1493
0.9996189136149453 1074 1525
0.9996041041786657 1175 1525
0.9995931070725176 1250 1525
0.9995807903136316 1304 1555
0.9995740454218607 1302 1603
0.9995630483157125 1362 1618
0.9995448664335476 1454 1650
0.9995219924527594 1598 1662
0.9995004381247089 1695 1712
0.9994747782103632 1864 1718
0.9994501446925913 2007 1743
0.9994307897857705 2122 1760
0.9994101152262119 2259 1764
0.9993834289152924 2397 1808
0.9993645138927175 2524 1810
0.9993321090866009 2733 1822
0.9993064491722552 2908 1822
0.9992837218195489 3028 1857
0.9992577686490393 3160 1902
0.9992577686490393 3160 1902
0.9992057156799379 3469 1948
0.9991683255190341 3628 2044
0.9991274162841629 3839 2112
0.9990875334458655 4102 2121
0.9990444247897646 4312 2205
0.9990011695055818 4442 2370
0.9989558614282513 4657 2464
0.9989130460283144 4917 2496
0.9988693508598857 5123 2588
0.9988203770805059 5400 2645
0.9987621657319615 5695 2747
0.9986977960039742 6054 2827
0.9986309335985933 6423 2914
0.9985692031760816 6799 2959
0.998482839235798 7310 3037
0.9983941292462026 7799 3153
0.9983020468107219 8260 3320
0.9982124570526348 8724 3467
0.9981381166150731 8950 3748
0.9980711075816102 9325 3830
0.9979931014419993 9826 3861
0.9979108430880108 10154 4094
0.9978098163395296 10658 4279
0.9977106957561142 11205 4408
0.9976136279658462 11636 4639
0.9975263842570707 12017 4853
0.9974621611571654 12330 4978
0.9973933925867188 12618 5159
0.9973057089936973 13003 5372
0.9972194916814957 13446 5517
0.9971422186822945 13715 5775
0.9970658254515852 13956 6055
0.9970049747975652 14096 6330
0.996946323564775 14196 6630
0.9968733027799511 14395 6929
0.9967922174506186 14641 7236
0.9967101057247122 14906 7531
0.9966300467919535 15442 7541
0.9965294599277182 15494 8175
0.9964354713271718 15735 8575
0.9962755000897364 16390 9011
0.9962684619418015 15981 9468
0.996175499737829 16190 9893
0.9960750595016756 16288 10480
0.9959650884401939 16498 11020
0.9958508651643349 16571 11726
0.9957033573138674 16959 12344
0.995603063705796 17173 12814
0.9954762304148871 17659 13193
0.99533840001783 17937 13855
0.995187812977641 18378 14441
0.9950202170799428 18851 15111
0.994832533135014 19468 15774
0.9946841455160546 19818 16436
0.9945348781286034 20245 17027
0.9943728540980202 20906 17471
0.9941885425989769 21702 17932
0.9940055507526713 22405 18477
0.9938162538988407 23048 19125
0.9936225582025509 23837 19657
0.9934776896575589 24294 20188
0.9933054016612375 25000 20657
0.9931205036498663 26004 20914
0.9929065732782637 26824 21553
0.992706132690203 27545 22199
0.9924970410453058 28313 22857
0.9922935212675236 29384 23174
0.9921454269047281 29608 23960
0.9919905876501618 30217 24407
0.9918080356881022 30809 25060
0.9916061288192216 31583 25663
0.9913863333243401 32250 26495
0.9911857461081974 33136 26977
0.991014044624204 33570 27714
0.9908671232860643 33704 28582
0.9907706420081244 33563 29381
0.9905665357180142 34307 30029
0.9903845702682824 34571 31006
0.9901719595494177 35066 31961
0.9899590555743891 35508 32971
0.9897498173014099 35906 34000
0.989532221227758 36022 35368
0.9894155052745054 36062 36124
0.9891502550742114 36608 37387
0.9888789931225564 37456 38389
0.9885955610400975 38045 39733
0.9883388152685582 38552 40977
0.9880896941572815 38967 42261
0.9878860277514173 39070 43547
0.9877276694228836 39160 44537
0.9875059677629364 40657 44552
0.9872291339441663 41389 45708
0.9869228278809192 42683 46503
0.9866087505293274 44808 46520
0.9863493654523124 45782 47315
0.9861823560669422 46911 47325
0.9860182792432114 42895 52460
0.9857907124599852 42798 54109
0.985508893286428 43197 55632
0.9852341122608056 44222 56481
0.9849549323927239 44118 58489
0.9847115297766443 44923 59344
0.9845410013173067 44197 61233
0.9843920271860194 44356 62090
0.9841710586664821 44719 63234
0.9838654857436449 46657 63380
0.9835855727351533 47674 64272
0.983334985343057 48086 65569
0.9830962748256006 48254 67029
0.9829213475238036 47909 68567
0.982768707690467 47527 69990
0.9825945135290799 47216 71489
0.9823546299869677 48155 72186
0.982082048382575 49074 73126
0.9818207571404943 48994 74988
0.9815720759134636 49737 75941
0.9813864447616825 49166 77778
0.9812398166797068 43892 84052
0.9810182616478416 45388 84067
0.9807481727208425 47208 84089
0.9805252980362394 47608 85209
0.9803085817310794 47198 87097
0.9803085817310794 47198 87097
0.979895530424154 45784 91328
0.97975124839149 46752 91344
0.9795989018143172 44899 94236
0.9794120976378803 45211 95198
0.9791513929081276 45280 96907
0.9789288114796885 44876 98829
0.978703004233446 45471 99774
0.978516053428927 43986 102534
0.9783557889353276 43346 104267
0.9781704510397105 43447 105430
0.9778689837031684 45492 105441
0.977558718681708 45089 107960
0.9772808584663641 46973 107971
0.9770424412050717 44765 111805
0.9768175137273211 44490 113614
0.9766441993344258 44044 115242
0.976395957991641 44544 116435
0.9760666313195238 45749 117476
0.9756695624735336 47269 118664
0.9753563648904336 47755 120314
0.9751506456914217 47313 122159
0.9748934600356365 47175 124051
0.9746597348729673 47177 125643
0.9743227835405872 48215 126903
0.9739007879206613 50080 127916
0.9733865632371727 52076 129427
0.9730368552616607 54450 129438
0.9726673524950821 53919 132489
0.972246529899812 55011 134267
0.9718270269572796 56260 135879
0.9712962333005277 58634 137125
0.9706853807110172 61809 138116
0.9699853782476654 65551 139148
0.9691877214817178 69730 140409
0.9683938770459016 73394 142159
0.9678450481350668 75451 143845
0.9673912342213521 77046 145345
0.966723050051789 80386 146562
0.9659916691788945 84323 147613
0.965229789664949 87605 149527
0.9643274404484707 93715 149571
0.9634664403511097 96212 152946
0.9629306613395707 97868 154944
0.9624696626498392 99389 156567
0.9618305108405073 102211 158104
0.9611953179893888 105361 159286
0.9605217085807927 108268 160973
0.960049566156831 108246 164215
0.9594445786905995 109969 166618
0.9590032281638528 111548 168049
0.9586143704904534 111733 170516
0.9581004390631287 114528 171226
0.9575277097749317 117040 172620
0.9570149513722629 118039 175118
0.9565567386160889 118205 178077
0.956170960132411 117410 181503
0.9558573226650651 117093 183959
0.9555611339394743 119050 184022
0.9551549741524017 116564 189278
0.9546681689202425 117023 192139
0.9542125954695442 116548 195721
0.9537623006297969 117415 197925
0.9533963169371857 113137 204699
0.9530911838985944 109778 210139
0.9527886901654786 106424 215556
0.9523655215208968 105770 219096
0.9519026166660997 106642 221381
0.951442791001024 105215 225944
0.9510125842085074 105798 228295
0.9505864830022862 106380 230619
0.950274165187678 95843 243286
0.9500191789531224 91738 249130
0.9496184444050829 90789 252812
0.9492549533898653 90934 255146
0.9488546587260718 88495 260315
0.9485240124012166 86418 264647
0.9481858880441808 84180 269191
0.9479363270486583 82662 272411
0.9477103731743337 80027 276587
0.947311104907114 79742 279595
0.9467960004551336 80601 282249
0.94628734763876 80565 285754
0.9457927711182561 80032 289660
0.9453382240641316 79635 293157
