1 0
1 0
1 0
1 0
1 0
1 0
1 0
1 0
1 0
1 0
3 0
3 0
4 0
5 1
8 1
11 1
18 1
26 1
36 0
47 0
69 0
111 0
128 0
165 1
206 2
260 3
288 4
335 4
374 4
420 4
464 4
506 6
573 6
625 6
676 7
708 8
740 10
772 11
809 12
845 13
882 14
911 15
936 16
950 20
954 23
966 29
986 36
988 62
1003 88
1032 121
1025 148
1021 205
1028 222
1009 263
993 298
985 316
920 396
888 440
831 506
802 562
766 609
742 647
717 677
680 719
659 748
616 794
578 838
528 893
507 923
519 940
508 963
497 982
480 1008
474 1028
423 1088
384 1137
375 1161
368 1177
350 1201
340 1219
353 1227
357 1235
354 1244
356 1256
358 1260
338 1290
325 1307
329 1311
331 1318
333 1321
334 1328
334 1333
333 1338
330 1346
322 1357
310 1374
309 1380
312 1388
310 1399
299 1417
299 1423
296 1432
299 1448
296 1455
297 1461
291 1472
280 1488
268 1503
260 1513
254 1525
253 1534
252 1538
251 1542
248 1548
243 1555
236 1563
231 1570
231 1572
231 1577
229 1581
229 1582
226 1586
218 1595
214 1606
212 1611
210 1616
210 1621
201 1635
196 1643
202 1647
202 1650
199 1657
200 1660
203 1661
205 1664
198 1672
219 1672
220 1677
223 1680
228 1682
245 1683
258 1684
258 1686
257 1689
261 1695
287 1695
300 1696
306 1697
311 1703
316 1706
327 1710
341 1715
351 1718
365 1722
374 1730
383 1731
396 1735
399 1742
418 1747
440 1749
475 1750
491 1756
482 1777
494 1783
511 1792
517 1807
526 1820
553 1826
579 1830
598 1832
630 1837
648 1841
675 1846
706 1852
735 1853
770 1859
789 1878
736 1952
761 1959
776 1980
810 1994
832 2001
853 2015
867 2033
858 2065
867 2085
849 2123
858 2140
880 2154
897 2180
883 2211
897 2229
895 2263
896 2298
908 2330
937 2354
961 2369
978 2403
954 2438
965 2472
986 2513
1009 2551
1084 2575
1138 2601
1171 2638
1172 2682
1219 2708
1318 2747
1396 2783
1492 2798
1551 2830
1623 2862
1686 2887
1766 2922
1803 2976
1947 3003
2053 3022
2128 3052
2191 3088
2227 3132
2287 3187
2365 3251
2445 3304
2635 3318
2755 3358
2818 3421
2872 3485
2913 3581
3033 3716
3232 3798
3426 3832
3578 3933
3647 4071
3716 4205
3942 4292
4182 4479
4511 4595
4938 4648
5428 4755
6040 4908
6312 5059
6917 5225
7686 5404
8273 5542
9178 5637
9985 5713
10561 5971
11280 6145
11691 6387
12367 6703
13842 6878
15684 6976
17204 7432
17769 7905
18355 8427
19270 8945
19519 10250
21324 10502
22637 10714
22881 11847
23142 12734
23203 13639
24357 14426
24132 16320
25828 16893
27374 17325
28233 18775
28122 20075
28072 21296
29210 22446
29244 24511
30815 25270
32504 25707
32522 27654
32663 28648
32348 30163
32888 31733
32339 34742
33890 35710
36099 36364
36081 38599
35857 40214
35407 42069
36684 43931
36749 47210
39050 48016
41818 48594
41761 51494
41418 53760
40537 56157
41702 58471
40411 62987
42416 64229
45184 64805
44546 68366
44074 70973
40785 76301
43277 77613
45864 78992
47303 80244
48776 81138
45429 86172
44521 88874
43834 91669
42160 97327
43359 98596
45444 99986
46067 100870
43235 104967
41616 107963
40301 110919
40578 113429
37822 118594
38693 119781
39856 120382
37931 123810
36014 126501
34321 129206
33660 131631
30564 136172
30673 137287
31234 137960
28808 141228
26838 143675
25093 146287
24435 148177
22532 151357
22917 152005
23364 152565
21578 155124
20272 156971
19256 158678
19057 160160
17676 162484
18091 162928
18433 163307
17343 165200
16305 166593
15498 167946
15177 169031
13695 171253
13990 171611
14461 171817
13493 173277
12804 174235
12086 175335
11840 176151
11261 177797
11684 177981
12150 178091
45341 145383
12823 178114
12891 178373
12037 179784
12139 180054
11715 181271
11036 182526
11371 182680
11531 182802
11004 183829
11051 184430
11031 185018
11202 185488
10785 186558
