0.9999996317219944 1 0
0.9999996317219944 1 0
0.9999996317219944 1 0
0.9999996317219944 1 0
0.9999996317219944 1 0
0.9999996317219944 1 0
0.9999996317219944 1 0
0.9999996317219944 1 0
0.9999996317219944 1 0
0.9999996317219944 1 0
0.999998895165983 3 0
0.999998895165983 3 0
0.9999985268879772 4 0
0.9999977903319658 5 1
0.9999966854979487 8 1
0.9999955806639316 11 1
0.9999930027178917 18 1
0.9999900564938461 26 1
0.9999867419917947 36 0
0.999982690933732 47 0
0.9999745888176066 69 0
0.9999591211413672 111 0
0.9999528604152703 128 0
0.9999388658510536 165 1
0.9999233981748142 206 2
0.9999031428845007 260 3
0.9998924628223353 288 4
0.9998751537560674 335 4
0.999860790913845 374 4
0.9998438501255827 420 4
0.999827645893332 464 4
0.9998114416610812 506 6
0.9997867670346992 573 6
0.9997676165784027 625 6
0.9997484661221062 676 7
0.9997363129479181 708 8
0.9997237914957243 740 10
0.9997116383215362 772 11
0.9996976437573195 809 12
0.9996840174711086 845 13
0.999670022906892 882 14
0.9996589745667209 911 15
0.9996493993385727 936 16
0.9996427703344701 950 20
0.9996401923884302 954 23
0.9996335633843275 966 29
0.9996236198781736 986 36
0.999613308094014 988 62
0.9995982086957803 1003 88
0.9995753754594268 1032 121
0.9995680098993128 1025 148
0.9995484911650107 1021 205
0.9995396524928738 1028 222
0.9995315503767483 1009 263
0.9995245530946401 993 298
0.999520870314583 985 316
0.9995153461444976 920 396
0.9995109268084291 888 440
0.9995076123063779 831 506
0.999497668800224 802 562
0.9994936177421612 766 609
0.9994884618500814 742 647
0.9994866204600529 717 677
0.9994847790700244 680 719
0.9994818328459788 659 748
0.9994807280119616 616 794
0.9994785183439274 578 838
0.999476676953899 528 893
0.9994733624518477 507 923
0.9994626823896823 519 940
0.999458263053614 508 963
0.9994553168295683 497 982
0.999452002327517 480 1008
0.9994468464354371 474 1028
0.9994435319333859 423 1088
0.9994398491533288 384 1137
0.9994343249832434 375 1161
0.9994310104811921 368 1177
0.9994288008131579 350 1201
0.9994258545891123 340 1219
0.9994181207509925 353 1227
0.9994137014149241 357 1235
0.9994114917468899 354 1244
0.9994063358548101 356 1256
0.9994041261867759 358 1260
0.9994004434067189 338 1290
0.999398970294696 325 1307
0.9993960240706504 329 1311
0.9993927095685992 331 1318
0.9993908681785706 333 1321
0.9993879219545251 334 1328
0.9993860805644965 334 1333
0.9993846074524737 333 1338
0.9993827660624452 330 1346
0.9993816612284281 322 1357
0.9993798198383996 310 1374
0.9993779784483711 309 1380
0.9993739273903084 312 1388
0.9993706128882571 310 1399
0.9993680349422172 299 1417
0.9993658252741829 299 1423
0.9993636156061487 296 1432
0.9993566183240404 299 1448
0.9993551452120176 296 1455
0.9993525672659778 297 1461
0.9993507258759492 291 1472
0.9993488844859207 280 1488
0.9993477796519036 268 1503
0.9993470430958922 260 1513
0.9993448334278581 254 1525
0.9993418872038125 253 1534
0.9993407823697953 252 1538
0.9993396775357782 251 1542
0.9993385727017611 248 1548
0.9993378361457497 243 1555
0.999337467867744 236 1563
0.9993367313117326 231 1570
0.9993359947557212 231 1572
0.9993341533656926 231 1577
0.9993334168096812 229 1581
0.9993330485316756 229 1582
0.9993326802536698 226 1586
0.9993323119756642 218 1595
0.9993297340296243 214 1606
0.9993286291956072 212 1611
0.9993275243615901 210 1616
0.9993256829715615 210 1621
0.9993238415815331 201 1635
0.9993227367475159 196 1643
0.9993190539674589 202 1647
0.9993179491334419 202 1650
0.999316476021419 199 1657
0.9993150029093962 200 1660
0.9993135297973734 203 1661
0.999311688407345 205 1664
0.9993113201293392 198 1672
0.9993035862912195 219 1672
0.9993013766231853 220 1677
0.9992991669551511 223 1680
0.9992965890091112 228 1682
0.9992899600050086 245 1683
0.9992848041129287 258 1684
0.9992840675569173 258 1686
0.9992833310009059 257 1689
0.9992796482208489 261 1695
0.9992700729927008 287 1695
0.9992649171006209 300 1696
0.999262339154581 306 1697
0.9992582880965183 311 1703
0.9992553418724727 316 1706
0.9992498177023872 327 1710
0.9992428204202789 341 1715
0.9992380328062047 351 1718
0.9992314038021022 365 1722
0.9992251430760052 374 1730
0.9992214602959482 383 1731
0.9992151995698513 396 1735
0.9992115167897943 399 1742
0.9992026781176575 418 1747
0.9991938394455206 440 1749
0.9991805814373154 475 1750
0.99917247932119 491 1756
0.9991680599851216 482 1777
0.999161430981019 494 1783
0.9991518557528707 511 1792
0.999144121914751 517 1807
0.9991360197986255 526 1820
0.9991238666244374 553 1826
0.9991128182842665 579 1830
0.9991050844461467 598 1832
0.9990914581599357 630 1837
0.9990833560438104 648 1841
0.9990715711476279 675 1846
0.999057944861417 706 1852
0.999046896521246 735 1853
0.9990317971230123 770 1859
0.9990178025587956 789 1878
0.9990100687206759 736 1952
0.9989982838244934 761 1959
0.9989850258162882 776 1980
0.9989673484720145 810 1994
0.9989566684098492 832 2001
0.9989437786796497 853 2015
0.9989319937834673 867 2033
0.9989235233893361 858 2065
0.9989128433271708 867 2085
0.9989054777670568 849 2123
0.9988959025389086 858 2140
0.9988826445307033 880 2154
0.9988668085764582 897 2180
0.9988605478503613 883 2211
0.9988487629541789 897 2229
0.9988369780579964 895 2263
0.9988237200497911 896 2298
0.9988075158175403 908 2330
0.9987879970832382 937 2354
0.9987736342410158 961 2369
0.9987548520627251 978 2403
0.9987508010046624 954 2438
0.9987342284944059 965 2472
0.9987113952580524 986 2513
0.9986889302997046 1009 2551
0.9986524707771403 1084 2575
0.9986230085366842 1138 2601
0.9985972290762851 1171 2638
0.9985806565660286 1172 2682
0.9985537722716123 1219 2708
0.9985029499068256 1318 2747
0.9984609662141758 1396 2783
0.998420087355543 1492 2798
0.9983865740570241 1551 2830
0.9983482731444313 1623 2862
0.9983158646799296 1686 2887
0.998273512709274 1766 2922
0.9982399994107551 1803 2976
0.9981770238717803 1947 3003
0.9981309891210677 2053 3022
0.9980923199304691 2128 3052
0.9980558604079047 2191 3088
0.9980263981674486 2227 3132
0.997984046196793 2287 3187
0.9979317507199835 2365 3251
0.9978827697452253 2445 3304
0.9978076410320623 2635 3318
0.9977487165511502 2755 3358
0.9977023135224318 2818 3421
0.9976588567177591 2872 3485
0.997608402630978 2913 3581
0.9975144917395243 3033 3716
0.9974110056199224 3232 3798
0.9973270382346225 3426 3832
0.9972338638991802 3578 3933
0.9971576303520001 3647 4071
0.9970828699168428 3716 4205
0.9969675989010585 3942 4292
0.9968103441926242 4182 4479
0.9966464604800872 4511 4595
0.9964696870373507 4938 4648
0.9962498250679472 5428 4755
0.9959680923935861 6040 4908
0.9958123107971746 6312 5059
0.9955283684547791 6917 5225
0.9951792409053747 7686 5404
0.9949122393512415 8273 5542
0.9945439613455406 9178 5637
0.9942187718665065 9985 5713
0.993911628009752 10561 5971
0.993582755750661 11280 6145
0.9933422702129383 11691 6387
0.992976938431283 12367 6703
0.9923692797218765 13842 6878
0.9916548203908166 15684 6976
0.9909271030515515 17204 7432
0.990544830481634 17769 7905
0.9901367784513173 18355 8427
0.9896090360691479 19270 8945
0.9890367320482886 19519 10250
0.9882791841905618 21324 10502
0.9877175602318679 22637 10714
0.9872104414180176 22881 11847
0.986787658267473 23142 12734
0.9864319017139659 23203 13639
0.9857170741049003 24357 14426
0.9851024181133854 24132 16320
0.98426679531845 25828 16893
0.9835383414231735 27374 17325
0.98268798750801 28233 18775
0.9822501049592316 28122 20075
0.9818188514145558 28072 21296
0.9809762313375121 29210 22446
0.9802032158035457 29244 24511
0.9793451280502626 30815 25270
0.9785621690101424 32504 25707
0.97783850272894 32522 27654
0.9774205071924694 32663 28648
0.9769785735856283 32348 30163
0.9762015069935993 32888 31733
0.975295543099575 32339 34742
0.9743678508032143 33890 35710
0.9733134708728925 36099 36364
0.9724969985342535 36081 38599
0.9719847238283236 35857 40214
0.9714672932303137 35407 42069
0.9703112685704184 36684 43931
0.9690797469193545 36749 47210
0.9679355071556417 39050 48016
0.9667032489485663 41818 48594
0.9656562345783585 41761 51494
0.9649480359733956 41418 53760
0.9643897265167529 40537 56157
0.9631084873349194 41702 58471
0.9619207907665338 40411 62987
0.9607249920820229 42416 64229
0.9594934704309589 45184 64805
0.9584169938202951 44546 68366
0.9576307202781236 44074 70973
0.9568798014244994 40785 76301
0.9554788718908129 43277 77613
0.9540182813202029 45864 78992
0.9530272452068618 47303 80244
0.9521555311673676 48776 81138
0.9515342461717501 45429 86172
0.9508735554295227 44521 88874
0.950097225393505 43834 91669
0.9486300058187925 42160 97327
0.9477210957007226 43359 98596
0.9464413296309118 45444 99986
0.9458863346763204 46067 100870
0.9454204629991088 43235 104967
0.9449133441852585 41616 107963
0.9443089999779033 40301 110919
0.9432826091760148 40578 113429
0.9423954274602813 37822 118594
0.9416375113245486 38693 119781
0.9409878689224922 39856 120382
0.9404343470799237 37931 123810
0.9401492999035111 36014 126501
0.9397766025617418 34321 129206
0.9391269601596853 33660 131631
0.9385947984414474 30564 136172
0.9381440261624695 30673 137287
0.9376895711034345 31234 137960
0.9373794810226344 28808 141228
0.937203812413915 26838 143675
0.9368845153829723 25093 146287
0.9364307968799488 24435 148177
0.9359605058666687 22532 151357
0.9355800746867795 22917 152005
0.9352092187350387 23364 152565
0.9349245398366319 21578 155124
0.9347253014355477 20272 156971
0.9344708213336083 19256 158678
0.933998320652294 19057 160160
0.933651034492918 17676 162484
0.9333346836860209 18091 162928
0.9330691552439105 18433 163307
0.9327734280053327 17343 165200
0.9326426893133088 16305 166593
0.9324416095221961 15498 167946
0.9321602451258406 15177 169031
0.9318877194016219 13695 171253
0.9316472338638991 13990 171611
0.9313979096540397 14461 171817
0.9312167168752348 13493 173277
0.9311176500917012 12804 174235
0.9309769678935235 12086 175335
0.9307670494302739 11840 176151
0.930374096798191 11261 177797
0.9301505520487305 11684 177981
0.9299384239174469 12150 178091
0.9297605456406932 45341 145383
0.929682102425479 12823 178114
0.9295616755176147 12891 178373
0.9293565446684393 12037 179784
0.9292195452503186 12139 180054
0.9289275007917978 11715 181271
0.928715372660514 11036 182526
0.9285352847157262 11371 182680
0.9284314303181186 11531 182802
0.9282472913152681 11004 183829
0.9280086471675738 11051 184430
0.9277994652603357 11031 185018
0.9275633990586815 11202 185488
0.9273229135209587 10785 186558
