0.9999991059582243 11 18
0.9999991059582243 11 18
0.9999988901550371 14 22
0.9999984585486625 28 22
0.9999984585486625 28 22
0.9999974411907798 61 22
0.9999971329005123 70 23
0.9999969479263519 75 24
0.9999963930038703 93 24
0.9999960230555494 105 24
0.9999954064750143 123 26
0.9999954064750143 123 26
0.9999939266817304 171 26
0.9999926626916336 203 35
0.9999868051765513 386 42
0.9999825507708597 524 42
0.9999792520649976 622 51
0.9999756450688679 728 62
0.9999722538759255 823 77
0.999968246102448 940 90
0.9999635292613553 1065 118
0.9999597372910651 1157 149
0.9999532015373942 1365 153
0.9999499336605588 1425 199
0.9999446310679578 1577 219
0.9999373862466717 1793 238
0.9999333784731943 1876 285
0.9999284766579412 1973 347
0.9999238523039287 2047 423
0.9999190429757557 2110 516
0.9999147269120109 2186 580
0.9999103491902124 2218 690
0.9999039367526485 2299 817
0.9998972468538438 2453 880
0.9998926224998315 2511 972
0.9998871041040432 2596 1066
0.999883065501539 2490 1303
0.9998778245669917 2579 1384
0.9998730152388188 2567 1552
0.9998696548749031 2553 1675
0.9998660170497466 2446 1900
0.9998603445088247 2462 2068
0.9998556276677321 2499 2184
0.9998514965781475 2464 2353
0.9998462556436002 2427 2560
0.9998436351763265 2342 2730
0.999840243983384 2332 2850
0.9998381167805384 2198 3053
0.9998364520130938 2115 3190
0.9998338623748468 2103 3286
0.9998327525298839 2041 3384
0.9998309952753591 2041 3441
0.9998294538240217 1987 3545
0.9998272649631225 1966 3637
0.9998245520087685 1932 3759
0.9998229797284043 1882 3860
0.9998218082253878 1820 3960
0.9998205750643179 1764 4056
0.9998196193644886 1719 4132
0.9998167214359741 1758 4187
0.9998149641814494 1729 4273
0.9998128369786037 1758 4313
0.999809599930795 1747 4429
0.9998058387895316 1780 4518
0.9998041431930603 1764 4589
0.9998032183222578 1710 4673
0.9998018310160541 1619 4809
0.9998006286840109 1584 4883
0.9997985323101919 1564 4971
0.9997968675427474 1552 5037
0.9997948019979552 1523 5133
0.9997926439660828 1504 5222
0.9997921507016547 1410 5332
0.999791010027665 1387 5392
0.9997897768665951 1356 5463
0.999788667021632 1304 5551
0.9997881429281773 1247 5625
0.9997874646895889 1210 5684
0.9997860157253317 1213 5728
0.9997848750513418 1218 5760
0.9997839193515127 1189 5820
0.9997823779001752 1149 5910
0.9997799732360887 1163 5974
0.9997784934428048 1158 6027
0.9997766437011998 1185 6060
0.9997713411085989 1323 6094
0.9997655760805967 1448 6156
0.9997651136451955 1421 6198
0.999764805354928 1345 6284
0.9997616299651727 1382 6350
0.9997607050943703 1317 6445
0.9997589478398455 1351 6468
0.999757776336829 1338 6519
0.9997571597562941 1292 6585
0.9997542926568064 1324 6646
0.9997457530163968 1573 6674
0.9997451672648885 1540 6726
0.9997440265908988 1551 6752
0.9997434408393906 1531 6791
0.9997432250362033 1518 6811
0.9997430092330161 1244 7092
0.9997429475749625 1206 7132
0.9997419918751334 1186 7183
0.9997409745172506 1115 7287
0.9997396488691004 1014 7431
0.9997394022368864 986 7467
0.9997381382467896 973 7521
0.9997377991274954 651 7854
0.9997374908372278 521 7994
0.9997370592308534 408 8121
0.9997368742566929 344 8191
0.9997362268471311 289 8267
0.9997357335827032 295 8277
0.9997352711473019 289 8298
0.9997351786602217 283 8307
0.9997349936860612 244 8352
0.9997348703699542 208 8392
0.9997346853957937 191 8415
0.9997343771055262 187 8429
0.9997338221830447 195 8439
0.9997337296959644 182 8455
0.999733668037911 164 8475
0.9997336372088842 144 8496
0.999733544721804 85 8558
0.9997333905766702 81 8567
0.9997330822864027 76 8582
0.9997329281412689 77 8586
0.9997327739961352 71 8597
0.9997325890219747 72 8602
0.9997324965348945 70 8607
0.9997323115607339 63 8620
0.9997319107833862 64 8632
0.9997316641511722 67 8637
0.9997312325447978 77 8641
0.9997310167416105 83 8642
0.9997308934255035 83 8646
0.9997307392803697 86 8648
0.9997306467932895 77 8660
0.999730091870808 92 8663
0.9997298144095672 96 8668
0.999729351974166 103 8676
0.9997287045646043 122 8678
0.9997282421292031 130 8685
0.999727748864775 142 8689
0.9997274714035342 143 8697
0.9997268239939725 161 8700
0.9997261149263573 167 8717
0.9997257141490096 173 8724
0.9997254983458224 179 8725
0.9997242960137791 212 8731
0.9997238952364313 220 8736
0.9997236486042174 223 8741
0.9997232786558964 207 8769
0.9997230011946556 213 8772
0.9997225695882811 210 8789
0.9997225079302277 208 8793
0.9997224771012009 193 8809
0.9997218296916391 196 8827
0.9997213672562378 200 8838
0.9997205965305691 210 8853
0.9997203807273819 170 8900
0.9997199799500341 174 8909
0.9997196408307399 166 8928
0.9997193633694992 169 8934
0.999719024250205 172 8942
0.9997185618148037 183 8946
0.9997179452342687 196 8953
0.9997171436795732 219 8956
0.9997163729539045 216 8984
0.9997160030055835 211 9001
0.9997157872023962 192 9027
0.9997152939379682 185 9050
0.9997151397928344 183 9057
0.9997148623315938 179 9070
0.9997146156993797 183 9074
0.9997143074091123 183 9084
0.9997140916059251 184 9090
0.9997137524866307 189 9096
0.9997135675124703 188 9103
0.9997134133673365 177 9119
0.999713105077069 151 9155
0.9997127659577748 154 9163
0.9997122418643201 160 9174
0.9997120568901595 159 9181
0.9997116252837851 151 9203
0.9997114403096246 153 9207
0.99971100870325 163 9211
0.9997106695839558 165 9220
0.9997104846097953 150 9241
0.9997102996356348 154 9243
0.9997083882359763 207 9252
0.9997053053333014 295 9264
0.9997045654366594 312 9271
0.9997031781304557 333 9295
0.9996975672475873 501 9309
0.9996957791640358 551 9317
0.9996943301997786 591 9324
0.9996933744999493 615 9331
0.9996926654323341 632 9337
0.9996907540326756 668 9363
0.9996901066231139 674 9378
0.9996871778655727 754 9393
0.9996865612850377 722 9445
0.9996849581756467 734 9485
0.999683200921122 751 9525
0.9996806729409285 665 9693
0.9996761410739964 770 9735
0.9996739522130972 777 9799
0.999670530191128 858 9829
0.9996680022109344 851 9918
0.999663377856922 950 9969
0.9996598325188458 1011 10023
0.9996567187871441 1062 10073
0.9996539750037634 1121 10103
0.9996459594568086 1334 10150
0.9996371115261314 1540 10231
0.9996273387246519 1735 10353
0.9996183058198143 1961 10420
0.9996049876802585 2336 10477
0.9995836848227746 2936 10568
0.9995686094286941 3351 10642
0.999557048543663 3703 10665
0.9995461350681937 3863 10859
0.9995346050121894 4161 10935
0.9995173099281829 4587 11070
0.9994999531861228 5039 11181
0.9994796060284682 5345 11535
0.9994592588708135 5768 11772
0.9994411005740581 5945 12184
0.9994217091162326 6323 12435
0.9993949186919873 6886 12741
0.9993680666096885 7049 13449
0.9993413995015501 7456 13907
0.9993148248804921 7681 14544
0.9992922580329114 7827 15130
0.9992661458472546 8183 15621
0.9992442572382624 8416 16098
0.999206399193414 8966 16776
0.9991810269043991 9202 17363
0.9991427989112298 9744 18061
0.9991170566738939 9903 18737
0.9990923626234676 10123 19318
0.9990723545851071 10087 20003
0.9990477221927343 10392 20497
0.9990274058641063 10051 21497
0.998997902485507 10036 22469
0.9989721910771979 9968 23371
0.9989396972830039 10135 24258
0.9989078817273984 10339 25086
0.9988767752394082 10503 25931
0.9988226702974629 11530 26659
0.9987866619942194 11666 27691
0.9987603956634288 11689 28520
0.9987304298494283 11308 29873
0.9987036394251829 11446 30604
0.9986782979651948 11497 31375
0.998649966089612 11419 32372
0.9986097650387307 11822 33273
0.9985754215029317 12131 34078
0.9985381800386183 12323 35094
0.9985041756221136 12601 35919
0.9984668724997466 12788 36942
0.998446525342092 12814 37576
0.9984067558975851 13222 38458
0.9983772216899591 13221 39417
0.9983451286731129 12854 40825
0.9983113400597954 12843 41932
0.9982532581733993 13842 42817
0.9981858042628713 14353 44494
0.9981559001069243 12971 46846
0.9981270749669136 11348 49404
0.9980928855762483 11307 50554
0.9980523454060727 11508 51668
0.9980119902100576 11481 53004
0.9979746254296372 10578 55119
0.9979292451022619 10495 56674
0.997903009600498 10686 57334
0.9978698683967423 10802 58293
0.9978346924772211 10799 59437
0.9978000714801815 10775 60584
0.9977589147294709 11039 61655
0.9977095882866716 11604 62690
0.9976783893116011 10862 64444
0.9976488242749483 10748 65517
0.9975799522291899 11867 66632
0.9975241516907732 12734 67575
0.9974644358659595 13751 68495
0.9974265469920843 13667 69808
0.9973842803964107 13830 71016
0.9973296513610106 14515 72103
0.9972897277713699 14751 73162
0.9972521163587356 14671 74462
0.9972002311067161 15140 75676
0.9971646852388739 15294 76675
0.9971233743430296 15563 77746
0.997061161367049 16496 78831
0.9969975919138916 17646 79743
0.9969560343858332 18279 80458
0.9969072936945422 18773 81545
0.9968688498981856 18576 82989
0.9967968641207254 20035 83865
0.996759992604733 20233 84863
0.9967108511360944 20643 86047
0.9966515052596016 21443 87172
0.99659385497958 22562 87923
0.9965160116870374 23598 89412
0.9964522572597194 23433 91645
0.9963815046433293 22398 94975
0.9963289719817481 21365 97712
0.9962752986461773 22089 98729
0.996212808208956 22887 99958
0.9961328685425944 24347 101091
0.9960395490786237 25221 103244
0.9959580679609247 25140 105968
0.9958825060163616 26185 107374
0.9958074989942801 27332 108660
0.9957386886065751 28554 109670
0.995636675357061 30390 111143
0.9955446507122138 32377 112141
0.9954417742499506 33989 113866
0.9953427822450579 35253 115813
0.9952185720962841 37126 117969
0.9951156339759675 37782 120652
0.9950137132135336 38791 122949
0.9949017730174061 39464 125907
0.994778210278194 41087 128292
0.9946804822633981 41755 130794
0.9945685420672706 42814 133366
0.9944367479779165 42769 137686
0.9943335940544126 41677 142124
0.99423962718088 41076 145773
0.994129105119983 40574 149860
0.9940156543015448 42389 151725
0.9938894402660323 43192 155016
0.9937129440878913 45478 158455
0.9935363554226702 47388 162273
0.9933730232389512 48150 166809
0.9932431097202288 48074 171099
0.9931365954328092 47847 174781
0.9930045238822143 48309 178603
0.9928636044009422 48771 182712
0.9927590631712346 48751 186123
0.9926404639053292 50894 187827
0.9925254408065268 51241 191211
0.9924298708236033 51977 193575
0.9923446593936677 50841 197475
0.9922432935537152 52186 199418
0.9921389681271949 51783 203205
0.99203667741644 51579 206727
0.9919288066518435 51558 210247
0.9918528439299327 49490 214779
0.9917857599677257 47135 219310
0.991701905014967 44129 225036
0.991609479592772 41396 230767
0.9915258712722274 38763 236112
0.9914353572496908 36797 241014
0.9913594870148602 34468 245804
0.991257843713667 33304 250265
0.9911902664870321 32076 253685
0.9911141804490143 30475 257754
0.9910048915491873 30677 261097
0.9909455765017212 28837 264861
0.9908761187044546 27994 267957
0.9908032388852187 27028 271287
