11 18
11 18
14 22
28 22
28 22
61 22
70 23
75 24
93 24
105 24
123 26
123 26
171 26
203 35
386 42
524 42
622 51
728 62
823 77
940 90
1065 118
1157 149
1365 153
1425 199
1577 219
1793 238
1876 285
1973 347
2047 423
2110 516
2186 580
2218 690
2299 817
2453 880
2511 972
2596 1066
2490 1303
2579 1384
2567 1552
2553 1675
2446 1900
2462 2068
2499 2184
2464 2353
2427 2560
2342 2730
2332 2850
2198 3053
2115 3190
2103 3286
2041 3384
2041 3441
1987 3545
1966 3637
1932 3759
1882 3860
1820 3960
1764 4056
1719 4132
1758 4187
1729 4273
1758 4313
1747 4429
1780 4518
1764 4589
1710 4673
1619 4809
1584 4883
1564 4971
1552 5037
1523 5133
1504 5222
1410 5332
1387 5392
1356 5463
1304 5551
1247 5625
1210 5684
1213 5728
1218 5760
1189 5820
1149 5910
1163 5974
1158 6027
1185 6060
1323 6094
1448 6156
1421 6198
1345 6284
1382 6350
1317 6445
1351 6468
1338 6519
1292 6585
1324 6646
1573 6674
1540 6726
1551 6752
1531 6791
1518 6811
1244 7092
1206 7132
1186 7183
1115 7287
1014 7431
986 7467
973 7521
651 7854
521 7994
408 8121
344 8191
289 8267
295 8277
289 8298
283 8307
244 8352
208 8392
191 8415
187 8429
195 8439
182 8455
164 8475
144 8496
85 8558
81 8567
76 8582
77 8586
71 8597
72 8602
70 8607
63 8620
64 8632
67 8637
77 8641
83 8642
83 8646
86 8648
77 8660
92 8663
96 8668
103 8676
122 8678
130 8685
142 8689
143 8697
161 8700
167 8717
173 8724
179 8725
212 8731
220 8736
223 8741
207 8769
213 8772
210 8789
208 8793
193 8809
196 8827
200 8838
210 8853
170 8900
174 8909
166 8928
169 8934
172 8942
183 8946
196 8953
219 8956
216 8984
211 9001
192 9027
185 9050
183 9057
179 9070
183 9074
183 9084
184 9090
189 9096
188 9103
177 9119
151 9155
154 9163
160 9174
159 9181
151 9203
153 9207
163 9211
165 9220
150 9241
154 9243
207 9252
295 9264
312 9271
333 9295
501 9309
551 9317
591 9324
615 9331
632 9337
668 9363
674 9378
754 9393
722 9445
734 9485
751 9525
665 9693
770 9735
777 9799
858 9829
851 9918
950 9969
1011 10023
1062 10073
1121 10103
1334 10150
1540 10231
1735 10353
1961 10420
2336 10477
2936 10568
3351 10642
3703 10665
3863 10859
4161 10935
4587 11070
5039 11181
5345 11535
5768 11772
5945 12184
6323 12435
6886 12741
7049 13449
7456 13907
7681 14544
7827 15130
8183 15621
8416 16098
8966 16776
9202 17363
9744 18061
9903 18737
10123 19318
10087 20003
10392 20497
10051 21497
10036 22469
9968 23371
10135 24258
10339 25086
10503 25931
11530 26659
11666 27691
11689 28520
11308 29873
11446 30604
11497 31375
11419 32372
11822 33273
12131 34078
12323 35094
12601 35919
12788 36942
12814 37576
13222 38458
13221 39417
12854 40825
12843 41932
13842 42817
14353 44494
12971 46846
11348 49404
11307 50554
11508 51668
11481 53004
10578 55119
10495 56674
10686 57334
10802 58293
10799 59437
10775 60584
11039 61655
11604 62690
10862 64444
10748 65517
11867 66632
12734 67575
13751 68495
13667 69808
13830 71016
14515 72103
14751 73162
14671 74462
15140 75676
15294 76675
15563 77746
16496 78831
17646 79743
18279 80458
18773 81545
18576 82989
20035 83865
20233 84863
20643 86047
21443 87172
22562 87923
23598 89412
23433 91645
22398 94975
21365 97712
22089 98729
22887 99958
24347 101091
25221 103244
25140 105968
26185 107374
27332 108660
28554 109670
30390 111143
32377 112141
33989 113866
35253 115813
37126 117969
37782 120652
38791 122949
39464 125907
41087 128292
41755 130794
42814 133366
42769 137686
41677 142124
41076 145773
40574 149860
42389 151725
43192 155016
45478 158455
47388 162273
48150 166809
48074 171099
47847 174781
48309 178603
48771 182712
48751 186123
50894 187827
51241 191211
51977 193575
50841 197475
52186 199418
51783 203205
51579 206727
51558 210247
49490 214779
47135 219310
44129 225036
41396 230767
38763 236112
36797 241014
34468 245804
33304 250265
32076 253685
30475 257754
30677 261097
28837 264861
27994 267957
27028 271287
