0.9999999612901311 5 0
0.9999999612901311 5 0
0.9999999612901311 4 1
0.9999999612901311 4 1
0.9999999612901311 4 1
0.9999999535481574 5 1
0.9999999535481574 5 1
0.9999999458061837 6 1
0.9999999458061837 6 1
0.9999999458061837 3 4
0.9999999380642098 4 4
0.9999999070963148 8 4
0.9999997987086822 22 4
0.9999996825790757 37 4
0.9999995896753905 49 4
0.9999993651581514 78 4
0.9999992799964399 89 4
0.9999990864470958 114 4
0.9999987303163027 159 5
0.9999984283793258 197 6
0.9999980567645852 245 6
0.9999975535362905 309 7
0.9999971586956286 359 8
0.9999968645006255 396 9
0.999996322562462 465 10
0.9999954709453479 573 12
0.999994449004811 701 16
0.9999934348062479 828 20
0.9999923122200521 969 24
0.999991530280702 1031 63
0.9999905935018765 1151 64
0.9999893315601529 1306 72
0.999988309619616 1425 85
0.9999869315482861 995 693
0.9999853676695857 1178 712
0.9999834089502233 1416 727
0.9999811173259892 1681 758
0.9999784386030668 2011 774
0.9999753727814561 2374 807
0.9999733598682774 2614 827
0.9999702398528505 2978 866
0.9999673366126889 3313 906
0.9999639146602851 2593 2068
0.9999611817435464 2839 2175
0.9999582010836472 3029 2370
0.9999547326794008 3273 2574
0.9999512487912069 3686 2611
0.9999467739303712 4204 2671
0.99994195842269 4722 2775
0.9999360435547341 4948 3313
0.9999320874061406 5433 3339
0.9999264435072664 6017 3484
0.9999183686286305 6947 3597
0.9999099376192012 7937 3696
0.9999003453137074 9024 3848
0.9998928355991562 5388 8454
0.999886371051063 4972 9705
0.9998797748894159 5009 10520
0.9998703064555023 3760 12992
0.9998622006089712 4644 13155
0.9998511682963573 5942 13282
0.9998394392061045 6390 14349
0.9998289952834967 7650 14438
0.9998182881337808 7870 15601
0.9998071861434029 9187 15718
0.9997985151327871 6708 19317
0.9997860582970005 7149 20485
0.9997707137049999 8874 20742
0.9997559575030054 8048 23474
0.9997409535578504 8283 25177
0.9997288605948307 9733 25289
0.9997187573190685 9654 26673
0.9997032965974614 8463 29861
0.9996888810423125 8976 31210
0.9996702306275146 9643 32952
0.9996513634374512 9814 35218
0.9996350123888612 10251 36893
0.9996189477933006 10713 38506
0.9996002586686338 10913 40720
0.9995792546938116 11355 42991
0.9995618507367897 12085 44509
0.9995388338487888 12905 46662
0.9995159176064468 13347 49180
0.9994901445757858 14253 51603
0.9994687457603016 14247 54373
0.9994495069554976 14020 57085
0.9994227584361424 14718 59842
0.999395947980997 15592 62431
0.9993698033355953 16315 65085
0.9993448199862583 16209 68418
0.9993224843919486 16486 71026
0.9992980816906439 16962 73702
0.9992766286813434 16303 77132
0.999246504661427 16940 80386
0.9992162180600614 16829 84409
0.9991818282126009 18377 87303
0.9991481815946218 19015 91011
0.999120364682887 19278 94341
0.9990933916462926 19629 97474
0.9990701734669738 18416 101686
0.999037664919138 18904 105397
0.9989998608612475 19897 109287
0.998962776806917 20832 113142
0.9989223482199205 21872 117324
0.9988952977635884 21740 120950
0.9988631917983883 22398 124439
0.9988366600542985 20392 129872
0.998801054716957 21159 133704
0.9987628867862995 22209 137584
0.9987190517308467 23528 141927
0.998680109602813 23653 146832
0.9986435907125673 23567 151635
0.9986022253467453 24225 156320
0.9985667903328265 23155 161967
0.9985181088017974 24387 167023
0.9984760156904414 24036 172811
0.9984287586825848 25529 177422
0.998386634603334 25786 182606
0.9983524924990339 25700 187102
0.998321137505289 25558 191294
0.9982916792951162 23389 197268
0.9982496248936291 23782 202307
0.9982056427406748 24734 207036
0.9981534540955305 25565 212946
0.9981012731923599 26063 219188
0.9980477451857542 26075 226090
0.9980114895226165 26295 230553
0.9979735383672246 25805 235945
0.9979250890954082 26557 241451
0.9978709339889278 27891 247112
0.9978145724199246 29129 253154
0.9977612224787156 29627 259547
0.9977140428905966 30682 264586
0.9976793433641855 29839 269911
0.9976430722171004 28843 275592
0.997588483560089 29329 282157
0.9975408781634131 28361 289274
0.9974912830794797 28786 295255
0.997435099575873 28786 302512
0.9973761444456587 28786 310127
0.9973350268229971 50099 294125
0.9972949853346887 46820 302576
0.9972418831366402 48448 307807
0.9971952841965536 50937 311337
0.9971299574219314 53350 317362
0.9970713274546152 52258 326027
0.9970190613897332 52843 332193
0.9969766353735054 51614 338902
0.9969381345379762 47657 347832
0.996882330391084 49679 353018
0.9968377985579924 48550 359899
0.9967779531007952 50079 366100
0.9967124714866977 50834 373803
0.9966384891854072 51854 382339
0.9966009173867296 48773 390273
0.9965640113977957 42359 401454
0.9965164137430935 43648 406313
0.9964688857661552 44638 411462
0.9964178661590491 46862 415828
0.9963658633212752 47998 421409
0.9963155792016768 46771 429131
0.9962817003244847 43548 436730
0.9962386704343034 39673 446163
0.996186907597716 41315 451207
0.9961415551154055 42532 455848
0.9960844890267896 43875 461876
0.9960409946181824 44982 466387
0.9959918717946487 43007 474707
0.9959574354953455 41107 481055
0.9959297889070337 37870 487863
0.9958871615994881 39656 491583
0.9958423200874459 40175 496856
0.9957898682151936 41918 501888
0.9957439737947195 41780 507954
0.99569379032078 42858 513358
0.995663225008359 41561 518603
0.99563581067926 36696 527009
0.9955977511362353 37965 530656
0.9955569741604193 39615 534273
0.9955103210265164 41788 538126
0.9954652317713137 42822 542916
0.9954189812200465 43610 548102
0.9953870146103742 41959 553882
0.9953582222099452 38924 560636
0.9953080851878483 39073 566963
0.9952699869349547 40600 570357
0.9952240228367167 39939 576955
0.9951760535672739 41576 581514
0.995127132035058 43239 586170
0.99509141056811 41796 592227
0.9950644220475681 38394 599115
0.9950229947459559 39235 603625
0.9949884578009939 39758 607563
0.9949494150273012 40911 611453
0.9949034664130108 41028 617271
0.9948595384538728 42256 621717
0.9948254118335201 40179 628202
0.9947995923510167 36614 635102
0.9947626553941877 35263 641224
0.9947282500627797 34750 646181
0.994703615102262 32789 651324
0.9946661362072696 34042 654912
0.9946261334288301 34709 659412
0.9945987113577573 33711 663952
0.9945761280202872 30566 670014
0.9945398723571495 31962 673301
0.9945028192707142 33489 676560
0.9944609506765975 34222 681235
0.9944191362762971 35973 684885
0.9943759902565092 37827 688604
0.9943459049464616 37191 693126
0.9943195822356634 34716 699001
0.9942851614203079 35488 702675
0.9942460412268774 37563 705653
0.9942065649026538 40607 707708
0.9941695969779298 40792 712298
0.9941319477595146 41080 716873
0.994103209552902 37454 724211
0.9938855439605219 37869 751911
0.9938481657111884 35337 759271
0.9938127074713484 36769 762419
0.9937716750103982 38788 765700
0.9937288464115348 39400 770620
0.9936954939885586 41309 773019
0.9936709132218574 39508 777995
0.9936434911507847 36274 784771
0.9936102393734675 37463 787877
0.9935788379278799 41009 788387
0.9935361486845442 41994 792916
0.9934838826196621 43707 797954
0.9934417120885687 45201 801907
0.993409822898634 44087 807140
0.9933811853376803 40829 814097
0.9933363747935332 43227 817487
0.9932833809831173 46247 821312
0.9932321910525885 49319 824852
0.9931810630578498 51529 829246
0.9931344176659206 51118 835682
0.9931006626603088 49545 841615
0.9930684095976072 45896 849430
0.9930224067895004 48349 852919
0.9929790904462898 51426 855437
0.9929330411863404 52031 860780
0.9928865893437553 52955 865856
0.9928389684631318 53838 871124
0.9928046715193565 50981 878411
0.9927755384720819 45699 887456
0.9927348931098199 42726 895679
0.992694441296902 45515 898115
0.9926513417289567 46362 902835
0.9926054240825614 48249 906879
0.9925527012412273 50471 911467
0.9925071242416775 48443 919382
0.9924687240518072 53205 919580
0.9924242386705582 58334 920197
0.9923650435391572 65392 920785
0.9923212394515994 158582 833253
0.9922782095614181 158429 838964
0.99223284159516 159633 843620
0.9922075330829249 157790 848732
0.9921852826503266 156335 853061
0.992171680002423 154176 856977
0.9921413469492149 153518 861553
0.9921067248425414 153078 866465
0.9920569749191328 154418 871551
0.9920049565974112 160587 872101
0.9919338310844397 161095 880780
0.9918758978947623 162739 886619
0.9917923310299516 165897 894255
0.9917123177310988 168853 901634
0.9916495535497926 170771 907823
0.9915560227647474 177184 913491
0.9914729668702053 182690 918713
0.9914290853629099 183019 924052
0.991378979308708 184017 929526
0.9913107028420817 185780 936582
0.9912235978952608 189481 944132
0.9911382039246418 193239 951404
0.9910443170088036 195188 961582
0.990954316563795 199296 969099
0.990896600149383 199947 975903
0.9908470592592659 198620 983629
0.9907618510960173 201331 991924
0.9906691487021649 204406 1000823
0.9905770424402924 208670 1008456
0.9904821800357598 212318 1017061
0.9903888350580851 215767 1025669
0.9903221921479229 217410 1032634
0.9902762822435014 213922 1042052
0.9901893553620771 214014 1053188
0.9901096362582272 216057 1061442
0.9900182887097837 219049 1070249
0.98992346501512 221900 1079646
0.9898295626153342 224684 1088991
0.9897763752555742 224341 1096204
0.9897348008564605 219989 1105926
0.9896379410226968 222629 1115797
0.9895477238024227 224520 1125559
0.9894510652599768 226136 1136428
0.9893761306959133 226490 1145753
0.9893376221184103 223327 1153890
0.9892894902675183 222242 1161192
0.9892430693928282 218036 1171394
0.9891493992522554 219255 1182274
0.9890533523257369 222267 1191668
0.9889592176667382 225492 1200602
0.9888733514357196 226910 1210275
0.9888241202245531 225788 1217756
0.988783776799268 223111 1225644
0.9887337326808563 221628 1233591
0.9886464728945602 224531 1241959
0.9885431562546771 229880 1249955
0.9884368279869998 235067 1258502
0.9883256377597985 240985 1266946
0.9882009532723264 247578 1276458
0.9881235103087632 249911 1284128
0.988064717759998 246892 1294741
0.9879532720476626 251992 1304036
0.9878303836981036 258326 1313575
0.987702888874155 264832 1323537
0.9875374738627095 270903 1338832
0.9873785853351471 277614 1352644
0.9872921074882012 277616 1363812
0.9872295987920291 270933 1378569
0.9870833219397286 273782 1394614
0.9869242398628222 279793 1409151
0.986751291910904 300329 1410954
0.9865886562680398 292736 1439554
0.9864333755002515 297125 1455222
0.9863492047614872 293157 1470062
0.9862832354030426 285591 1486149
0.9861503444233805 288229 1500676
0.9860114224461559 290685 1516164
0.9858668797959785 294301 1531218
0.9857401127175638 294408 1547485
0.9856213740659425 296092 1561138
0.9855669479903802 293331 1570929
0.985524769717313 284860 1584848
0.9854908289043308 278077 1596015
0.9853967406971746 274768 1611477
0.9853967406971746 274768 1611477
0.9851906029037295 276430 1636441
0.9850883391722783 278156 1647924
0.9850413841013985 275868 1656277
0.9850114381468786 267702 1668311
0.9849283048325989 267120 1679631
0.9848420747288134 268557 1689332
0.9847594136749331 269028 1699538
0.9846789900514709 270611 1708343
0.9846035754850339 271933 1716762
0.9845718411345745 270413 1722381
0.984547856499853 265312 1730580
0.9844806329416587 264597 1739978
0.9844110480814662 265431 1748132
0.9843406038621858 266716 1755946
0.984279991949586 266822 1763669
0.9842197206838318 267783 1770493
0.9841956895972678 265953 1775427
0.9841782546723509 261072 1782560
0.9841114104708709 262588 1789678
0.9840445043336008 263479 1797429
0.9839789917516083 265670 1803700
0.9839208340446917 267080 1809802
0.9838647357027964 268869 1815259
