5 0
5 0
4 1
4 1
4 1
5 1
5 1
6 1
6 1
3 4
4 4
8 4
22 4
37 4
49 4
78 4
89 4
114 4
159 5
197 6
245 6
309 7
359 8
396 9
465 10
573 12
701 16
828 20
969 24
1031 63
1151 64
1306 72
1425 85
995 693
1178 712
1416 727
1681 758
2011 774
2374 807
2614 827
2978 866
3313 906
2593 2068
2839 2175
3029 2370
3273 2574
3686 2611
4204 2671
4722 2775
4948 3313
5433 3339
6017 3484
6947 3597
7937 3696
9024 3848
5388 8454
4972 9705
5009 10520
3760 12992
4644 13155
5942 13282
6390 14349
7650 14438
7870 15601
9187 15718
6708 19317
7149 20485
8874 20742
8048 23474
8283 25177
9733 25289
9654 26673
8463 29861
8976 31210
9643 32952
9814 35218
10251 36893
10713 38506
10913 40720
11355 42991
12085 44509
12905 46662
13347 49180
14253 51603
14247 54373
14020 57085
14718 59842
15592 62431
16315 65085
16209 68418
16486 71026
16962 73702
16303 77132
16940 80386
16829 84409
18377 87303
19015 91011
19278 94341
19629 97474
18416 101686
18904 105397
19897 109287
20832 113142
21872 117324
21740 120950
22398 124439
20392 129872
21159 133704
22209 137584
23528 141927
23653 146832
23567 151635
24225 156320
23155 161967
24387 167023
24036 172811
25529 177422
25786 182606
25700 187102
25558 191294
23389 197268
23782 202307
24734 207036
25565 212946
26063 219188
26075 226090
26295 230553
25805 235945
26557 241451
27891 247112
29129 253154
29627 259547
30682 264586
29839 269911
28843 275592
29329 282157
28361 289274
28786 295255
28786 302512
28786 310127
50099 294125
46820 302576
48448 307807
50937 311337
53350 317362
52258 326027
52843 332193
51614 338902
47657 347832
49679 353018
48550 359899
50079 366100
50834 373803
51854 382339
48773 390273
42359 401454
43648 406313
44638 411462
46862 415828
47998 421409
46771 429131
43548 436730
39673 446163
41315 451207
42532 455848
43875 461876
44982 466387
43007 474707
41107 481055
37870 487863
39656 491583
40175 496856
41918 501888
41780 507954
42858 513358
41561 518603
36696 527009
37965 530656
39615 534273
41788 538126
42822 542916
43610 548102
41959 553882
38924 560636
39073 566963
40600 570357
39939 576955
41576 581514
43239 586170
41796 592227
38394 599115
39235 603625
39758 607563
40911 611453
41028 617271
42256 621717
40179 628202
36614 635102
35263 641224
34750 646181
32789 651324
34042 654912
34709 659412
33711 663952
30566 670014
31962 673301
33489 676560
34222 681235
35973 684885
37827 688604
37191 693126
34716 699001
35488 702675
37563 705653
40607 707708
40792 712298
41080 716873
37454 724211
37869 751911
35337 759271
36769 762419
38788 765700
39400 770620
41309 773019
39508 777995
36274 784771
37463 787877
41009 788387
41994 792916
43707 797954
45201 801907
44087 807140
40829 814097
43227 817487
46247 821312
49319 824852
51529 829246
51118 835682
49545 841615
45896 849430
48349 852919
51426 855437
52031 860780
52955 865856
53838 871124
50981 878411
45699 887456
42726 895679
45515 898115
46362 902835
48249 906879
50471 911467
48443 919382
53205 919580
58334 920197
65392 920785
158582 833253
158429 838964
159633 843620
157790 848732
156335 853061
154176 856977
153518 861553
153078 866465
154418 871551
160587 872101
161095 880780
162739 886619
165897 894255
168853 901634
170771 907823
177184 913491
182690 918713
183019 924052
184017 929526
185780 936582
189481 944132
193239 951404
195188 961582
199296 969099
199947 975903
198620 983629
201331 991924
204406 1000823
208670 1008456
212318 1017061
215767 1025669
217410 1032634
213922 1042052
214014 1053188
216057 1061442
219049 1070249
221900 1079646
224684 1088991
224341 1096204
219989 1105926
222629 1115797
224520 1125559
226136 1136428
226490 1145753
223327 1153890
222242 1161192
218036 1171394
219255 1182274
222267 1191668
225492 1200602
226910 1210275
225788 1217756
223111 1225644
221628 1233591
224531 1241959
229880 1249955
235067 1258502
240985 1266946
247578 1276458
249911 1284128
246892 1294741
251992 1304036
258326 1313575
264832 1323537
270903 1338832
277614 1352644
277616 1363812
270933 1378569
273782 1394614
279793 1409151
300329 1410954
292736 1439554
297125 1455222
293157 1470062
285591 1486149
288229 1500676
290685 1516164
294301 1531218
294408 1547485
296092 1561138
293331 1570929
284860 1584848
278077 1596015
274768 1611477
274768 1611477
276430 1636441
278156 1647924
275868 1656277
267702 1668311
267120 1679631
268557 1689332
269028 1699538
270611 1708343
271933 1716762
270413 1722381
265312 1730580
264597 1739978
265431 1748132
266716 1755946
266822 1763669
267783 1770493
265953 1775427
261072 1782560
262588 1789678
263479 1797429
265670 1803700
267080 1809802
268869 1815259
