1.0 0 0
1.0 0 0
1.0 0 0
1.0 0 0
1.0 0 0
1.0 0 0
1.0 0 0
0.9999997520022101 1 0
0.9999997520022101 1 0
0.9999992560066304 3 0
0.9999992560066304 3 0
0.9999992560066304 3 0
0.999998512013261 6 0
0.9999970240265219 12 0
0.9999942960508336 23 0
0.9999942960508336 23 0
0.9999925600663047 29 1
0.9999925600663047 28 2
0.9999878481082977 47 2
0.9999836321458703 64 2
0.9999801601768125 78 2
0.9999766882077546 92 2
0.9999729682409071 107 2
0.9999690002762696 122 3
0.9999630483293133 146 3
0.9999561043911976 174 3
0.9999506484398211 195 4
0.9999427125105461 227 4
0.9999347765812711 259 4
0.9999260966586265 281 17
0.9999124567801851 331 22
0.9998950969348961 395 28
0.9998747611161289 476 29
0.9998534333062024 557 34
0.9998135056620375 711 41
0.999785729909575 819 45
0.9997606821328008 909 56
0.999738114333925 994 62
0.9997088505947235 1107 67
0.9996803308488915 1210 79
0.9996433791782048 1353 85
0.9996131234478438 1455 105
0.9995878276732798 1537 125
0.9995754277837876 1570 142
0.9995203722744422 1760 174
0.9994918525286103 1832 217
0.9994658127606767 1865 289
0.9994385330037938 1932 332
0.9994102612557517 1930 448
0.9993869494635064 1948 524
0.9993681016314783 2021 527
0.9993517337773485 2037 577
0.9993110621398142 2143 635
0.9992743584669174 2185 741
0.9992287268735861 2271 839
0.9991806153023565 2385 919
0.9991548235322126 2417 991
0.9991367196935541 2454 1027
0.9990977840405486 2560 1078
0.9990648003344994 2546 1225
0.9990335526129791 2599 1298
0.9990129687964221 2586 1394
0.9989951129555533 2594 1458
0.9989780011080541 2614 1507
0.998946505388744 2693 1555
0.9989179856429119 2683 1680
0.9988899618926597 2675 1801
0.9988579701777698 2713 1892
0.998827466449619 2752 1976
0.9987929947568307 2781 2086
0.9987781148894401 2800 2127
0.9987612510397307 2840 2155
0.9987218193911456 2903 2251
0.998659323948105 3045 2361
0.998622868272998 3131 2422
0.9985752526973479 3315 2430
0.9985283811150675 3383 2551
0.9984971333935472 3505 2555
0.9984777895659394 3496 2642
0.998427694012391 3611 2729
0.9983748704831542 3372 3181
0.9983374228168879 3518 3186
0.9983019591329402 3241 3606
0.9982655034578332 3300 3694
0.9982409516766386 3130 3963
0.9982275597959871 3084 4063
0.9981883761451918 3154 4151
0.9981308406579481 3379 4158
0.9980842170734574 3320 4405
0.9980418094513942 3330 4566
0.9979917138978457 3352 4746
0.9979537702359996 3375 4876
0.9979267384769067 3433 4927
0.9978801148924161 3503 5045
0.9978188594383247 3622 5173
0.9977635559311896 3694 5324
0.9977067644373153 3684 5563
0.9976412930207966 3730 5781
0.9975944214385162 3721 5979
0.9975678856750029 3716 6091
0.9975138221568169 3863 6162
0.9974404148110232 4020 6301
0.9973397277083467 4280 6447
0.9972489605172639 4479 6614
0.997158193326181 4640 6819
0.997088505947235 4711 7029
0.9970540342544467 4674 7205
0.9969610350832553 4930 7324
0.9968424921397101 5222 7510
0.9967497409663085 5410 7696
0.9966381419608789 5581 7975
0.9965396868383108 5744 8209
0.9964784313842195 5831 8369
0.996438007744475 5864 8499
0.9963509605202399 6012 8702
0.9962606893247368 6183 8895
0.9961676901535453 6352 9101
0.9960875868674258 6496 9280
0.9960121955393133 6596 9484
0.99597003591504 6639 9611
0.9959435001515267 6592 9765
0.9958800127173266 6686 9927
0.9958093333472212 6755 10143
0.9957468379041806 6744 10406
0.9956736785561767 6780 10665
0.9956173830578822 6696 10976
0.9955821673717243 6511 11303
0.9955593515750588 6267 11639
0.9955010720944455 6297 11844
0.9954192328237971 6308 12163
0.9953708732547776 6106 12560
0.9953068898249979 6101 12823
0.9952364584526823 6112 13096
0.9951933068372495 6073 13309
0.9951791709632284 5997 13442
0.9951124595577604 6020 13688
0.9950301242915323 6083 13957
0.9949745727866073 5958 14306
0.9949175332949433 5906 14588
0.9948431339579902 5931 14863
0.9947970063690792 5920 15060
0.9947635266674504 5953 15162
0.9946824313901714 6136 15306
0.9945941441769871 6230 15568
0.9945180088555051 6212 15893
0.9944242656909441 6350 16133
0.9943387064534481 6488 16340
0.9942876189087403 6390 16644
0.994257859173959 6252 16902
0.9941668439850864 6306 17215
0.994061196926613 6403 17544
0.9939629898018348 6532 17811
0.9938662706637958 6686 18047
0.9937720315036552 6754 18359
0.9937102800539842 6755 18607
0.993680520319203 6740 18742
0.9935981850529748 6837 18977
0.9934970019547186 7232 18990
0.993396314852042 7124 19504
0.9933065396521186 7237 19753
0.9931941966533194 7502 19941
0.9931403811329234 7515 20145
0.9930954935329617 7691 20150
0.9930007583772413 7626 20597
0.9928832074248555 7836 20861
0.9927864882868164 7933 21154
0.9926882811620383 8043 21440
0.9925836260947243 8102 21803
0.9925146827091477 8067 22116
0.992466571137918 8249 22128
0.9923643960485025 7996 22793
0.9922091494320603 8616 22799
0.9920796945857618 9131 22806
0.9919440397947173 8872 23612
0.9917982170942893 9454 23618
0.9916975299916128 9855 23623
0.9916107307651674 9313 24515
0.9914792919365503 9529 24829
0.9913245413156878 9859 25123
0.9911846705622159 10413 25133
0.9910958873534519 10767 25137
0.99097188845853 10275 26129
0.9908984811127364 10569 26131
0.9908439215989707 10053 26867
0.9907724982354957 10328 26880
0.9906405634112989 10527 27213
0.9904838288081177 10319 28053
0.9903513979883412 10842 28064
0.9902107832414998 10611 28862
0.9901304319575904 10935 28862
0.9900664485278107 11182 28873
0.989942201635099 10891 29665
0.989796378934671 11086 30058
0.9896575001723584 11636 30068
0.9895387092310234 10632 31551
0.9894070224046163 11160 31554
0.9893415509880976 11418 31560
0.9892847594942233 11641 31566
0.9891540646589757 10298 33436
0.9889985700447438 10470 33891
0.9888443154194609 10574 34409
0.9886793968892149 10728 34920
0.9885087744098024 10899 35437
0.9884442949844431 11157 35439
0.9883946954264744 10567 36229
0.9882334968630759 10674 36772
0.9880385706002588 10917 37315
0.9878597641937815 11058 37895
0.9876829417696229 11379 38287
0.9874676796880386 11815 38719
0.987383112441702 11746 39129
0.9873040011467418 11676 39518
0.9870969229922223 12140 39889
0.9868457012311106 12725 40317
0.9865922474898904 13229 40835
0.9863561535939591 13670 41346
0.9861398995212155 14060 41828
0.9859685330484335 14258 42321
0.9858886777601038 14059 42842
0.9856825915967437 14405 43327
0.9854192179439297 14908 43886
0.9851412124215149 15483 44432
0.9849135504504384 15902 44931
0.9846831605036735 16322 45440
0.9845866893634244 16333 45818
0.9844708743955674 16412 46206
0.9843079398476401 16678 46597
0.9840229903871097 17365 47059
0.9838612958281315 17536 47540
0.9836668655608941 17768 48092
0.9834704513113379 17853 48799
0.9833717481909802 17624 49426
0.9833092527479395 17209 50093
0.983146566197802 17258 50700
0.9829399840388623 17459 51332
0.9827472897561537 17505 52063
0.9825766672767412 17500 52756
0.9823700851178014 17701 53388
0.9822674140328062 17528 53975
0.9821910307135343 17381 54430
0.9820300801479257 17549 54911
0.9818165540508703 17776 55545
0.9815903800665329 17991 56242
0.9813503182059642 18245 56956
0.9811422480602853 18473 57567
0.98100783325819 18470 58112
0.9809594736891705 18084 58693
0.9807833952583814 18247 59240
0.9805304375127409 18364 60143
0.9802678078532964 18480 61086
0.9800359299197926 18399 62102
0.9797447805145161 18470 63205
0.9795783739975309 17945 64401
0.9794962867290927 17119 65558
0.9792693687513857 16836 66756
0.97899285121571 16642 68065
0.978662766157428 16799 69239
0.9783346650814648 16982 70379
0.9779847401999954 17240 71532
0.9778590053205446 16448 72831
0.9777191345670727 15934 73909
0.9774540249297299 15799 75113
0.977055492481451 16218 76301
0.9766978796684964 16340 77621
0.9763452268113386 16392 78991
0.9760213416978027 16447 80242
0.9757108484649185 16236 81705
0.9755925535191631 15367 83051
0.975291236204503 15110 84523
0.9749018796744483 15205 85998
0.9744825154118226 10180 92714
0.9741735101656774 10093 94047
0.973748937949465 10555 95297
0.9734600205242971 10141 96876
0.9733739652912213 9706 97658
0.9730022166042456 10622 98241
0.972576404399084 11526 99054
0.9721481122160239 12395 99912
0.9717706595798818 13169 100660
0.9713421193990319 13548 102009
0.9711417371848382 12702 103663
0.9708614996823148 13119 104376
0.9704376714594719 14179 105025
0.969999707362608 14516 106454
0.969574391153026 14947 107738
0.9691828026428628 15272 108992
0.9688209738674809 15443 110280
0.9686238156245551 15045 111473
0.96844153724902 14476 112777
0.9680935963498694 14717 113939
0.9676786960474608 15002 115327
0.9672843795616094 15015 116904
0.9669270147464446 15048 118312
0.9666249534384149 14849 119729
0.9664689628286033 13820 121387
0.9662946203823432 13118 122792
0.9660414146389127 12726 124205
0.9657234814723331 12774 125439
0.9654204281731441 12663 126772
0.9652183099744215 12167 128083
0.9650333036231981 11462 129534
0.9649442724166443 11060 130295
0.9648031616742232 11202 130722
0.9645732677230381 11416 131435
0.9643277499110928 11342 132499
0.9640854560704155 11190 133628
0.9639763370428843 10553 134705
0.9638682100065125 10332 135362
0.9638238184021304 9589 136284
0.9637156913657585 9234 137075
0.9635639167183742 9100 137821
0.9633283188180227 8872 138999
0.9632234157529188 8388 139906
0.9631304165817274 8131 140538
0.9630252655188337 7860 141233
0.9629513621774602 7812 141579
0.9628841547764126 7641 142021
0.9627661078284471 7535 142603
0.9625657256142534 7536 143410
0.9623819592519791 7493 144194
0.9622391125250291 7060 145203
0.9621456173582581 6726 145914
0.9620925458312316 6454 146400
0.9620285624014518 6515 146597
0.9619308512722534 6458 147048
0.9617790766248692 6463 147655
0.9616129181056738 6305 148483
0.9614854472416942 6139 149163
0.9613279686451435 6184 149753
0.9612622492308348 5893 150309
0.9612066977259098 5880 150546
0.9610712909326552 6211 150761
0.9609091003780974 6366 151260
0.9607397178876342 6464 151845
0.9606030711054303 6410 152450
0.9604411285486624 6517 152996
0.9603689611918178 6276 153528
0.960299025815082 6138 153948
0.9601405552273719 6543 154182
0.9599131412540851 6930 154712
0.9596696074244586 7247 155377
0.95947716113954 7333 156067
0.9592680990027017 7517 156726
0.9591872517232126 7241 157328
0.9591155803619478 6998 157860
0.9589159421411236 7646 158017
0.9586952241081628 8008 158545
0.9584489623028479 8382 159164
0.9581315251318481 9002 159824
0.957888735295591 9329 160476
0.9577942481376606 9108 161078
0.9577042249399473 8883 161666
0.9574649070727481 9217 162297
0.9571422619481615 9779 163036
0.956809944909771 10507 163648
0.9565550031818116 10825 164358
0.9562916295289976 11265 164980
0.9561658946495469 11079 165673
0.9560034560971993 11013 166394
0.9557224746013063 11341 167199
0.955323198159658 12408 167742
0.9548926739964894 13694 168192
0.9545325812056363 14551 168787
0.9541561205606536 15443 169413
