0 0
0 0
0 0
0 0
0 0
0 0
0 0
1 0
1 0
3 0
3 0
3 0
6 0
12 0
23 0
23 0
29 1
28 2
47 2
64 2
78 2
92 2
107 2
122 3
146 3
174 3
195 4
227 4
259 4
281 17
331 22
395 28
476 29
557 34
711 41
819 45
909 56
994 62
1107 67
1210 79
1353 85
1455 105
1537 125
1570 142
1760 174
1832 217
1865 289
1932 332
1930 448
1948 524
2021 527
2037 577
2143 635
2185 741
2271 839
2385 919
2417 991
2454 1027
2560 1078
2546 1225
2599 1298
2586 1394
2594 1458
2614 1507
2693 1555
2683 1680
2675 1801
2713 1892
2752 1976
2781 2086
2800 2127
2840 2155
2903 2251
3045 2361
3131 2422
3315 2430
3383 2551
3505 2555
3496 2642
3611 2729
3372 3181
3518 3186
3241 3606
3300 3694
3130 3963
3084 4063
3154 4151
3379 4158
3320 4405
3330 4566
3352 4746
3375 4876
3433 4927
3503 5045
3622 5173
3694 5324
3684 5563
3730 5781
3721 5979
3716 6091
3863 6162
4020 6301
4280 6447
4479 6614
4640 6819
4711 7029
4674 7205
4930 7324
5222 7510
5410 7696
5581 7975
5744 8209
5831 8369
5864 8499
6012 8702
6183 8895
6352 9101
6496 9280
6596 9484
6639 9611
6592 9765
6686 9927
6755 10143
6744 10406
6780 10665
6696 10976
6511 11303
6267 11639
6297 11844
6308 12163
6106 12560
6101 12823
6112 13096
6073 13309
5997 13442
6020 13688
6083 13957
5958 14306
5906 14588
5931 14863
5920 15060
5953 15162
6136 15306
6230 15568
6212 15893
6350 16133
6488 16340
6390 16644
6252 16902
6306 17215
6403 17544
6532 17811
6686 18047
6754 18359
6755 18607
6740 18742
6837 18977
7232 18990
7124 19504
7237 19753
7502 19941
7515 20145
7691 20150
7626 20597
7836 20861
7933 21154
8043 21440
8102 21803
8067 22116
8249 22128
7996 22793
8616 22799
9131 22806
8872 23612
9454 23618
9855 23623
9313 24515
9529 24829
9859 25123
10413 25133
10767 25137
10275 26129
10569 26131
10053 26867
10328 26880
10527 27213
10319 28053
10842 28064
10611 28862
10935 28862
11182 28873
10891 29665
11086 30058
11636 30068
10632 31551
11160 31554
11418 31560
11641 31566
10298 33436
10470 33891
10574 34409
10728 34920
10899 35437
11157 35439
10567 36229
10674 36772
10917 37315
11058 37895
11379 38287
11815 38719
11746 39129
11676 39518
12140 39889
12725 40317
13229 40835
13670 41346
14060 41828
14258 42321
14059 42842
14405 43327
14908 43886
15483 44432
15902 44931
16322 45440
16333 45818
16412 46206
16678 46597
17365 47059
17536 47540
17768 48092
17853 48799
17624 49426
17209 50093
17258 50700
17459 51332
17505 52063
17500 52756
17701 53388
17528 53975
17381 54430
17549 54911
17776 55545
17991 56242
18245 56956
18473 57567
18470 58112
18084 58693
18247 59240
18364 60143
18480 61086
18399 62102
18470 63205
17945 64401
17119 65558
16836 66756
16642 68065
16799 69239
16982 70379
17240 71532
16448 72831
15934 73909
15799 75113
16218 76301
16340 77621
16392 78991
16447 80242
16236 81705
15367 83051
15110 84523
15205 85998
10180 92714
10093 94047
10555 95297
10141 96876
9706 97658
10622 98241
11526 99054
12395 99912
13169 100660
13548 102009
12702 103663
13119 104376
14179 105025
14516 106454
14947 107738
15272 108992
15443 110280
15045 111473
14476 112777
14717 113939
15002 115327
15015 116904
15048 118312
14849 119729
13820 121387
13118 122792
12726 124205
12774 125439
12663 126772
12167 128083
11462 129534
11060 130295
11202 130722
11416 131435
11342 132499
11190 133628
10553 134705
10332 135362
9589 136284
9234 137075
9100 137821
8872 138999
8388 139906
8131 140538
7860 141233
7812 141579
7641 142021
7535 142603
7536 143410
7493 144194
7060 145203
6726 145914
6454 146400
6515 146597
6458 147048
6463 147655
6305 148483
6139 149163
6184 149753
5893 150309
5880 150546
6211 150761
6366 151260
6464 151845
6410 152450
6517 152996
6276 153528
6138 153948
6543 154182
6930 154712
7247 155377
7333 156067
7517 156726
7241 157328
6998 157860
7646 158017
8008 158545
8382 159164
9002 159824
9329 160476
9108 161078
8883 161666
9217 162297
9779 163036
10507 163648
10825 164358
11265 164980
11079 165673
11013 166394
11341 167199
12408 167742
13694 168192
14551 168787
15443 169413
