0 0
1 0
1 0
1 0
2 0
2 0
2 0
2 0
2 0
2 1
4 1
5 1
5 2
15 2
26 2
27 2
35 3
46 3
60 3
73 4
90 6
108 7
136 7
159 11
212 13
256 19
311 34
366 36
440 39
508 48
557 60
586 68
633 75
686 105
794 125
875 146
959 161
1001 183
1085 190
1168 206
1219 229
1288 257
1366 295
1434 329
1545 343
1668 356
1904 379
2148 416
2234 451
2387 468
2553 493
2671 538
2880 566
2957 611
3114 644
3201 696
3311 754
3263 857
3309 943
3225 1096
3269 1154
3315 1254
3300 1429
3291 1612
3221 1832
3200 2019
3208 2200
3186 2362
3201 2510
3263 2647
3321 2742
3282 2999
3239 3179
3193 3319
3107 3500
3062 3590
3062 3679
3018 3852
3002 3950
2929 4094
2841 4292
2735 4476
2758 4574
2570 4836
2531 4902
2558 4974
2494 5083
2421 5180
2246 5397
2241 5473
2175 5605
2143 5664
1735 6098
1250 6616
850 7072
600 7403
595 7476
628 7523
652 7572
686 7616
734 7703
732 7776
743 7794
780 7830
784 7908
816 7977
845 8040
782 8149
791 8206
820 8254
1283 8330
1403 8436
1479 8498
1592 8580
1723 8621
2223 8684
2621 8717
2759 8874
2934 8943
3091 8961
3232 9058
3385 9148
3382 9254
3650 9319
3898 9390
4261 9561
4255 9960
3969 10410
3728 10879
3213 11558
3390 11689
3258 12070
3232 12310
3212 12533
2747 13189
2398 13699
2182 14080
2317 14228
2102 14624
2126 14889
2042 15194
2154 15408
2073 15669
2041 15921
2100 16164
2435 16399
3058 16587
3527 16751
4018 16869
3994 17393
4754 17459
5602 17657
6311 18011
6688 18327
6720 18817
6827 19369
7171 20046
8071 20429
8642 21002
8653 22009
9337 22670
9392 23845
9023 25040
9277 25918
10461 26233
10664 27271
10986 28255
11819 29198
12487 30002
12936 30622
13087 31716
13994 32319
14057 33581
14231 35016
14914 35898
15118 37231
14854 38398
15280 39248
14294 41570
14173 42912
14388 44101
14360 45696
13933 47466
13854 48736
13675 50106
13880 51573
14379 52476
14830 53775
14902 55258
15759 56635
16290 57490
17055 58666
16702 61176
16426 63341
16479 65718
17015 67420
17580 69106
17619 70584
17629 72695
17362 74654
17860 76644
18819 78445
19013 80803
19181 82562
17106 86013
17574 87772
17581 90162
17957 92142
18592 93930
19050 96191
20025 97660
19526 99581
18778 102405
18744 104909
19679 106365
20258 108307
20248 110980
19906 113366
18990 115705
19484 117764
19443 120581
20192 122761
20846 125552
22415 127426
22392 130012
21627 132134
22799 134147
23648 136685
24842 138808
25341 141807
26652 144259
26732 146900
26352 149397
27138 151865
27867 154713
29118 157613
30036 160380
30834 163627
30985 166496
30450 169295
31582 172151
32621 175097
33555 178483
33744 181550
34114 184970
34469 188075
34143 190927
35756 193809
37442 197868
39677 201274
41268 205081
42432 209753
42708 214073
42690 217261
43889 221276
44377 226249
46211 230610
48545 233791
48610 239601
49800 243377
47980 248209
49078 252526
48631 258364
48472 263082
48866 267394
48995 271967
49168 275773
46974 280554
46782 284745
46471 290035
45257 295427
45551 299725
45375 304313
45700 308103
45199 311137
43736 316108
43968 320222
43574 325050
42670 329950
42861 333877
42111 337546
40599 340589
39999 344089
40072 348112
39103 352426
38201 356363
37910 359687
36962 362647
35102 365724
33997 369622
33386 373584
32944 376802
32814 379579
32694 382532
32014 385111
30868 387134
30693 389955
30233 392981
30006 395858
29103 399090
27263 403299
26779 405300
26182 406847
26446 408743
24726 412606
24301 414892
23907 417063
22521 419620
22268 420878
21292 422510
21150 424289
20719 426362
20464 428214
20464 429757
20387 431250
19893 432639
19215 433773
18654 435135
17967 437088
17313 439021
17161 440464
17017 441848
16804 442867
16481 443663
16753 444637
16544 445998
16329 447377
16087 448757
15948 449821
15698 450591
14982 451644
14483 453010
13995 454388
13839 455300
13878 456112
13804 456887
13722 457435
13099 458339
13117 459156
12944 460103
12794 460873
12709 461670
12664 462302
12457 462898
12184 463405
11669 464456
11502 465187
11395 465765
11250 466406
11171 466964
11145 467329
10555 468040
9939 469132
9596 469983
9096 470960
8693 471811
8357 472591
7937 473218
7407 473856
7030 474679
6721 475407
6375 476139
5999 476995
5988 477422
