1.0 0 0
0.9999999729624678 1 0
0.9999999729624678 1 0
0.9999999729624678 1 0
0.9999999459249356 2 0
0.9999999459249356 2 0
0.9999999459249356 2 0
0.9999999459249356 2 0
0.9999999459249356 2 0
0.9999999188874034 2 1
0.9999998648123389 4 1
0.9999998377748067 5 1
0.9999998107372746 5 2
0.9999995403619525 15 2
0.9999992429490983 26 2
0.999999215911566 27 2
0.9999989725737762 35 3
0.999998675160922 46 3
0.9999982966354711 60 3
0.9999979181100203 73 4
0.9999974043969084 90 6
0.9999968906837965 108 7
0.9999961336328947 136 7
0.9999954036195252 159 11
0.999993916555254 212 13
0.9999925646786438 256 19
0.9999906720513895 311 34
0.9999891309120539 366 36
0.9999870490220741 440 39
0.9999849671320944 508 48
0.9999833178426298 557 60
0.9999823174539383 586 68
0.9999808574271993 633 75
0.9999786133120263 686 105
0.9999751525079041 794 125
0.9999723946796193 875 146
0.9999697179639311 959 161
0.99996798756187 1001 183
0.9999655271464394 1085 190
0.9999628504307512 1168 206
0.9999608496533681 1219 229
0.9999582270127442 1288 257
0.9999550906590084 1366 295
0.9999523328307236 1434 329
0.9999489531391981 1545 343
0.9999452760348183 1668 356
0.9999382733139773 1904 379
0.9999306757674279 2148 416
0.9999274042260312 2234 451
0.9999228078455564 2387 468
0.9999176436769054 2553 493
0.9999132365591561 2671 538
0.9999068286640236 2880 566
0.9999035300850947 2957 611
0.9998983929539759 3114 644
0.9998946347369995 3201 696
0.9998900924315891 3311 754
0.9998886053673178 3263 857
0.9998850364130669 3309 943
0.9998831708233448 3225 1096
0.9998804129950599 3269 1154
0.999876465515358 3315 1254
0.9998721395102054 3300 1429
0.9998674349796018 3291 1612
0.9998633793497711 3221 1832
0.9998588911194252 3200 2019
0.9998537810258386 3208 2200
0.9998499957713299 3186 2362
0.9998455886535806 3201 2510
0.999840208184672 3263 2647
0.9998360714422447 3321 2742
0.9998301772602242 3282 2999
0.9998264731183122 3239 3179
0.9998239315902849 3193 3319
0.9998213630247255 3107 3500
0.9998201463357763 3062 3590
0.9998177399954101 3062 3679
0.9998142521537557 3018 3852
0.9998120350761149 3002 3950
0.9998101154113285 2929 4094
0.999807141282786 2841 4292
0.9998050323552741 2735 4476
0.9998017608138773 2758 4574
0.9997997600364942 2570 4836
0.9997990300231246 2531 4902
0.9997963533074364 2558 4974
0.9997951366184872 2494 5083
0.9997944877177143 2421 5180
0.9997933521413618 2246 5397
0.9997914324765752 2241 5473
0.9997896479994497 2175 5605
0.9997889179860802 2143 5664
0.999788215010243 1735 6098
0.9997873227716801 1250 6616
0.9997858086698767 850 7072
0.9997836186297682 600 7403
0.9997817800775782 595 7476
0.9997796170750018 628 7523
0.999777643335151 652 7572
0.999775534407639 686 7616
0.9997718843407915 734 7703
0.9997699646760049 732 7776
0.999769180587571 743 7794
0.99976720684772 780 7830
0.9997649897700793 784 7908
0.9997622589793267 816 7977
0.9997597715263639 845 8040
0.9997585277998825 782 8149
0.999756743322757 791 8206
0.9997546614327772 820 8254
0.999740088202919 1283 8330
0.9997339777206409 1403 8436
0.9997302465411967 1479 8498
0.9997249742224168 1592 8580
0.9997203237668776 1723 8621
0.9997051016362466 2223 8684
0.9996934484598664 2621 8717
0.9996854723878662 2759 8874
0.9996788752300083 2934 8943
0.9996741436618725 3091 8961
0.9996677087292078 3232 9058
0.9996611386088822 3385 9148
0.9996583537430651 3382 9254
0.999649350244841 3650 9319
0.9996407252720678 3898 9390
0.9996262872298707 4261 9561
0.9996156614797144 4255 9960
0.9996112273244329 3969 10410
0.9996050627670903 3728 10879
0.9996006286118088 3213 11558
0.9995923010518898 3390 11689
0.9995855687063709 3258 12070
0.9995797826744791 3232 12310
0.9995742940554416 3212 12533
0.9995691298867906 2747 13189
0.9995647768441057 2398 13699
0.999560315651292 2182 14080
0.9995526640296781 2317 14228
0.9995477702363491 2102 14624
0.9995399563895421 2126 14889
0.9995339810949249 2042 15194
0.9995251668594263 2154 15408
0.9995203001036295 2073 15669
0.9995143518465445 2041 15921
0.9995061865118188 2100 16164
0.9994907751184623 2435 16399
0.9994688476798445 3058 16587
0.9994517329219591 3527 16751
0.9994352670648466 4018 16869
0.9994217482987444 3994 17393
0.9993994152971436 4754 17459
0.9993711340384578 5602 17657
0.9993423931417245 6311 18011
0.9993236561319068 6688 18327
0.9993095425400961 6720 18817
0.9992917248063734 6827 19369
0.9992641194859927 7171 20046
0.9992294303321745 8071 20429
0.9991984993953327 8642 21002
0.9991709751875485 8653 22009
0.9991346097067336 9337 22670
0.9991013535421222 9392 23845
0.9990790205405213 9023 25040
0.999048414054066 9277 25918
0.9990078847932916 10461 26233
0.9989743312158259 10664 27271
0.998939020198767 10986 28255
0.998891001541572 11819 29198
0.998851202294167 12487 30002
0.9988222991722405 12936 30622
0.9987886374446461 13087 31716
0.9987478107710174 13994 32319
0.9987119860408465 14057 33581
0.9986684826515296 14231 35016
0.9986261689136298 14914 35898
0.9985846122266316 15118 37231
0.9985601973350511 14854 38398
0.9985256974439582 15280 39248
0.9984895753009332 14294 41570
0.9984565624741115 14173 42912
0.9984186017788966 14388 44101
0.9983762339659322 14360 45696
0.9983399225601818 13933 47466
0.9983077208593263 13854 48736
0.9982755191584709 13675 50106
0.9982303124046251 13880 51573
0.9981924057844745 14379 52476
0.9981450901031168 14830 53775
0.998103046740539 14902 55258
0.9980426448935943 15759 56635
0.998005170873959 16290 57490
0.9979526910239502 17055 58666
0.9978943710669854 16702 61176
0.9978432971686513 16426 63341
0.9977775959653945 16479 65718
0.9977170859683211 17015 67420
0.997656224483329 17580 69106
0.9976152085469749 17619 70584
0.9975578619411694 17629 72695
0.9975121144366795 17362 74654
0.997444845056555 17860 76644
0.9973702214676707 18819 78445
0.9973012216854852 19013 80803
0.9972491203609273 19181 82562
0.997211916716614 17106 86013
0.9971517041323948 17574 87772
0.9970868951677009 17581 90162
0.9970231947418272 17957 92142
0.9969576828012959 18592 93930
0.9968841677512322 19050 96191
0.9968180880225247 20025 97660
0.99677964065173 19526 99581
0.9967235107348736 18778 102405
0.9966567280303288 18744 104909
0.996592081290828 19679 106365
0.9965239196721407 20258 108307
0.9964519187238804 20248 110980
0.9963966540080545 19906 113366
0.9963581795997277 18990 115705
0.9962891527800098 19484 117764
0.9962140965906104 19443 120581
0.9961349036587838 20192 122761
0.9960417593603396 20846 125552
0.9959486691369598 22415 127426
0.9958793719419199 22392 130012
0.9958426820107186 21627 132134
0.9957565674706476 22799 134147
0.9956649913490712 23648 136685
0.9955753078547492 24842 138808
0.9954807305670982 25341 141807
0.995378988333413 26652 144259
0.9953054192082849 26732 146900
0.9952481807526081 26352 149397
0.995160200622815 27138 151865
0.9950634873701198 27867 154713
0.9949512545739393 29118 157613
0.994851621267766 30036 160380
0.9947422544499993 30834 163627
0.994660601102742 30985 166496
0.9945993881298312 30450 169295
0.9944915624514 31582 172151
0.9943838178855655 32621 175097
0.9942670157464425 33555 178483
0.9941789815415849 33744 181550
0.9940765092945302 34114 184970
0.993982959433103 34469 188075
0.9939146626267547 34143 190927
0.9937931289194959 35756 193809
0.9936377982969815 37442 197868
0.9934852795778165 39677 201274
0.9933393309789771 41268 205081
0.9931815399410322 42432 209753
0.9930572754430208 42708 214073
0.9929715664659328 42690 217261
0.9928305927730191 43889 221276
0.9926829408096508 44377 226249
0.9925154432976445 46211 230610
0.9923663313075373 48545 233791
0.9922074858058364 48610 239601
0.9920732174209093 49800 243377
0.9919917803739096 47980 248209
0.9918453721370227 49078 252526
0.9916996128009088 48631 258364
0.991576348691589 48472 263082
0.991449110065035 48866 267394
0.9913219795886099 48995 271967
0.9912143972479686 49168 275773
0.9911444511521558 46974 280554
0.9910363280608704 46782 284745
0.9909017081880246 46471 290035
0.9907887453784746 45257 295427
0.990664589030592 45551 299725
0.9905452994385061 45375 304313
0.990434039993485 45700 308103
0.9903655539244113 45199 311137
0.9902707062614382 43736 316108
0.9901532011464779 43968 320222
0.9900333167286836 43574 325050
0.9899252747499948 42670 329950
0.9898139341923771 42861 333877
0.9897350116358724 42111 337546
0.9896936171740675 40599 340589
0.9896152083306746 39999 344089
0.9895044625987655 40072 348112
0.9894140220535417 39103 352426
0.9893319631433013 38201 356363
0.9892499583081253 37910 359687
0.9891955587933301 36962 362647
0.9891626541166373 35102 365724
0.9890871382891904 33997 369622
0.9889965355187734 33386 373584
0.988921479329374 32944 376802
0.988849910981629 32814 379579
0.9887733136528939 32694 382532
0.9887219693792377 32014 385111
0.9886982574634945 30868 387134
0.9886267161532816 30693 389955
0.9885573378456451 30233 392981
0.9884856883853035 30006 395858
0.9884227179727993 29103 399090
0.9883586660590071 27263 403299
0.988317650122653 26779 405300
0.9882919644670589 26182 406847
0.9882335633974973 26446 408743
0.9881756219659833 24726 412606
0.9881253051185509 24301 414892
0.9880772594238237 23907 417063
0.9880455984736124 22521 419620
0.9880184257537469 22268 420878
0.9880006891326208 21292 422510
0.9879564286924022 21150 424289
0.9879120330645226 20719 426362
0.9878688541255921 20464 428214
0.9878271352134007 20464 429757
0.9877888500677993 20387 431250
0.9877646514764764 19893 432639
0.9877523223617911 19215 433773
0.9877306652984954 18654 435135
0.9876964357827247 17967 437088
0.9876618547790352 17313 439021
0.9876269493249593 17161 440464
0.9875934227850259 17017 441848
0.9875716305340692 16804 442867
0.9875588417813365 16481 443663
0.9875251530162098 16753 444637
0.9874940057791103 16544 445998
0.9874625340916243 16329 447377
0.9874317653799758 16087 448757
0.9874067556626867 15948 449821
0.9873926961459404 15698 450591
0.9873835844975875 14982 451644
0.9873601429571662 14483 453010
0.9873360795535043 13995 454388
0.9873156391791579 13839 455300
0.9872926302392518 13878 456112
0.9872736769291766 13804 456887
0.9872610774391694 13722 457435
0.9872534798926199 13099 458339
0.9872309035532292 13117 459156
0.987209976503303 12944 460103
0.9871932132333363 12794 460873
0.9871739625104068 12709 461670
0.9871580914790028 12664 462302
0.9871475738789752 12457 462898
0.9871412470964395 12184 463405
0.9871267549791779 11669 464456
0.9871115058110146 11502 465187
0.9870987711333463 11395 465765
0.987085360517373 11250 466406
0.987072409539447 11171 466964
0.9870632438160297 11145 467329
0.9870599722746329 10555 468040
0.9870471024093037 9939 469132
0.9870333673429439 9596 469983
0.9870204704400823 9096 470960
0.9870083576256548 8693 471811
0.986996352961356 8357 472591
0.9869907561921897 7937 473218
0.9869878361387117 7407 473856
0.9869757773993485 7030 474679
0.9869644486733549 6721 475407
0.9869540121859239 6375 476139
0.9869410341704657 5999 476995
0.9869297865570688 5988 477422
