0.9999999657829498 0 1
0.9999999657829498 0 1
0.9999999657829498 0 1
0.9999999657829498 0 1
0.9999999657829498 0 1
0.9999999657829498 0 1
0.9999999657829498 0 1
0.9999999657829498 0 1
0.9999999657829498 0 1
0.9999999657829498 0 1
0.9999999657829498 0 1
0.9999999657829498 0 1
0.9999999657829498 0 1
0.9999999657829498 0 1
0.9999999657829498 0 1
0.9999999657829498 0 1
0.9999999657829498 0 1
0.9999999657829498 0 1
0.9999999657829498 0 1
0.9999999657829498 0 1
0.9999999657829498 0 1
0.9999999657829498 0 1
0.9999999315658995 1 1
0.9999999315658995 1 1
0.9999998973488493 2 1
0.9999998973488493 2 1
0.999999863131799 3 1
0.9999998289147488 4 1
0.9999998289147488 4 1
0.9999998289147488 4 1
0.9999998289147488 4 1
0.9999998289147488 4 1
0.9999997946976985 5 1
0.9999997946976985 5 1
0.9999996920465478 8 1
0.9999996920465478 8 1
0.9999996920465478 8 1
0.9999996920465478 8 1
0.9999996920465478 8 1
0.9999996920465478 8 1
0.9999996920465478 8 1
0.9999996920465478 8 1
0.999999589395397 11 1
0.9999995209612965 13 1
0.999999452527196 15 1
0.999999452527196 15 1
0.999999452527196 14 2
0.9999989734884926 28 2
0.9999989392714423 29 2
0.9999989392714423 27 4
0.9999989392714423 27 4
0.9999985286668394 39 4
0.9999984602327389 38 7
0.9999983575815882 38 10
0.9999983233645379 38 11
0.9999983233645379 37 12
0.9999982207133872 36 16
0.9999982207133872 36 16
0.9999981522792867 38 16
0.999998049628136 41 16
0.999998049628136 41 16
0.9999979811940355 43 16
0.9999979811940355 43 16
0.9999974337212315 59 16
0.9999974337212315 59 16
0.9999971942018798 66 16
0.9999966125120255 77 22
0.999996544077925 79 22
0.9999965098608748 71 31
0.9999962361244729 79 31
0.9999962361244729 79 31
0.999995414915267 101 33
0.9999925749000965 184 33
0.9999914457374384 215 35
0.9999914799544886 214 35
0.9999908640475842 231 36
0.9999900428383782 254 37
0.9999899059701772 257 38
0.9999871686061576 337 38
0.9999862447458009 363 39
0.9999853893195447 380 47
0.9999843628080373 405 52
0.9999823440020728 443 73
0.999980017242656 511 73
0.9999793671187013 513 90
0.9999766639717318 566 116
0.9999735844372096 613 159
0.9999696836934815 699 187
0.999964345833643 850 192
0.9999585289351011 1000 212
0.9999520619126044 1176 225
0.9999462107970123 1344 228
0.9999380329220033 1582 229
0.9999281784115323 1825 274
0.9999213007844328 2013 287
0.9999098722896503 2334 300
0.9999003599496817 2568 344
0.9998893078424521 2857 378
0.9998820196107496 2968 480
0.9998712754569721 3260 502
0.9998601891326923 3487 599
0.9998506767927237 3675 689
0.999842122530162 3738 876
0.9998267932916515 4169 893
0.9998174520369342 4404 931
0.9998029097905793 4767 993
0.9997874779009182 5151 1060
0.9997744754218244 5414 1177
0.9997544242303799 5990 1187
0.9997314645896643 6640 1208
0.9997168881262593 6850 1424
0.9997055622826276 7005 1600
0.9996911569044737 7231 1795
0.9996728507825918 7390 2171
0.9996544420095591 7851 2248
0.999632919484954 8366 2362
0.999618069285147 8486 2676
0.9995977785743507 9030 2725
0.999578822328514 9447 2862
0.9995629798342499 9731 3041
0.9995466925183325 10085 3163
0.9995358799304546 10341 3223
0.9995193873122357 9360 4686
0.999503202647469 9168 5351
0.9994778820302864 9084 6175
0.9994699436746293 9042 6449
0.999459918078907 9203 6581
0.9994537590098626 9118 6846
0.9994467787316123 8634 7534
0.9994380533837994 8636 7787
0.9994343579423728 8605 7926
0.9994303203304437 8603 8046
0.9994279251369264 8239 8480
0.9994251193388062 8174 8627
0.9994201920835706 6613 10332
0.9994162229057421 6695 10366
0.9994122537279134 6113 11064
0.9994065394805223 6056 11288
0.9994030835584473 5871 11574
0.9994011331865833 5825 11677
0.9993957953267447 5923 11735
0.9993894309553989 5936 11908
0.9993842983978619 5477 12517
0.9993808766928373 5368 12726
0.999375846786451 5358 12883
0.9993712959187682 5383 12991
0.9993675662602913 5385 13098
0.9993631180437592 5440 13173
0.9993583618737749 4950 13802
0.9993477203711483 5139 13924
0.9993405347905965 5203 14070
0.9993311593188289 5247 14300
0.9993234946995736 5316 14455
0.999312716328746 5538 14548
0.9993042989343852 5672 14660
0.9992899962073821 5732 15018
0.9992811339913683 5925 15084
0.9992680972952243 6174 15216
0.9992557791571355 6296 15454
0.9992399024458211 6330 15884
0.9992269684008278 6206 16386
0.9992139659217341 6544 16428
0.9992024005587508 6738 16572
0.9991805700806934 7201 16747
0.999164009028374 7613 16819
0.9991460450769946 8025 16932
0.999125720149148 8375 17176
0.9991097065696326 8716 17303
0.9990877734404245 9221 17439
0.9990678933342312 9639 17602
0.9990331288111806 10563 17694
0.9990098269999627 11118 17820
0.9989856355454383 11555 18090
0.9989569616573316 12132 18351
0.9989352680474752 12621 18496
0.9989072785003734 13155 18780
0.9988818552320402 13715 18963
0.9988525996540794 14250 19283
0.998822317564611 14739 19679
0.9987843024217871 15273 20256
0.9987525832162084 16019 20437
0.9987223353437903 16578 20762
0.9986805563254392 17518 21043
0.9986497951972675 17822 21638
0.9986132171705538 18112 22417
0.9985748940742776 18108 23541
0.9985328755365747 18413 24464
0.9984863745652894 18404 25832
0.9984507546159828 17870 27407
0.998417221906741 17027 29230
0.9983837234145495 16259 30977
0.9983528596352271 14868 33270
0.9983158710039105 15025 34194
0.9982732365593031 14448 36017
0.9982234849682445 14925 36994
0.9981823902908983 15260 37860
0.998146838775692 15117 39042
0.9981068048269035 15393 39936
0.9980568821505936 15779 41009
0.9980042221102641 16242 42085
0.9979615876656567 16241 43332
0.9978924692241585 17383 44210
0.9978512718956616 17129 45668
0.9978059343040847 17478 46644
0.9977664478281001 17611 47665
0.9977200495079657 18142 48490
0.9976799471250766 17414 50390
0.9976287242008574 18437 50864
0.9975837972138836 18289 52325
0.9975424972342358 18341 53480
0.9974886738141978 19019 54375
0.9974424465793147 19624 55121
0.9973906761822915 20396 55862
0.997337331800957 20891 56926
0.9972719430179356 21830 57898
0.9971788042071642 21234 61216
0.9971062640606414 21302 63268
0.9970291730464357 22219 64604
0.9969456834438338 23507 65756
0.9968926127989013 22709 68105
0.9967749403631031 25007 69246
0.9966256171558268 26684 71933
0.996555164249369 27053 73623
0.9963838052617338 30818 74866
0.996312941750673 31315 76440
0.9961744653483248 33880 77922
0.9960527895176478 35915 79443
0.9959625249390971 36367 81629
0.9958342452177225 36533 85212
0.9956839639330392 37382 88755
0.9955755985349081 38737 90567
0.9954749319730825 39341 92905
0.9953452493526477 40778 95258
0.9952394160162348 41755 97374
0.9950429074966682 44476 100396
0.9949184600849212 44877 103632
0.9947645175758616 46691 106317
0.9946883846390628 46057 109176
0.9945906607435584 45572 112517
0.994531088859079 43293 116537
0.9945115851404384 40681 119719
0.9944447250242565 39643 122711
0.9943638359174733 38952 125766
0.994243494551756 38357 129878
0.9941576781897373 38584 132159
0.9940610492398408 37765 135802
0.9939606906314674 37524 138976
0.9938541387369993 37476 142138
0.9937409145177333 36911 146012
0.9936365182974307 36514 149460
0.9935369808982633 34905 153978
0.9934427813589343 35435 156201
0.9933463919283895 35419 159034
0.9932584198922053 36174 160850
0.9931648020427305 38035 161725
0.993076898440647 38912 163417
0.993011441223525 38461 165781
0.9929392090304544 37022 169331
0.9928726226506744 36452 171847
0.9928220840674602 35125 174651
0.9927811262583149 33379 177594
0.9927639492990911 30986 180489
0.9927146083126355 28878 184039
0.9926426498559667 28106 186914
0.9925760976932371 24665 192300
0.9925188183511241 24009 194630
0.9924617100942625 19963 200345
0.9923939603347741 18884 203404
0.9923327118148326 17859 206219
0.9922660570009522 16639 209387
0.9922108306818541 16793 210847
0.9921525590452841 18473 210870
0.9921053395159437 18083 212640
0.9920623971178841 17909 214069
0.9920119611858206 17423 216029
0.9920119611858206 15329 218123
0.9919163587474314 16547 219699
0.9918704052489502 15766 221823
0.9918268811610366 15447 223414
0.991791842901584 14255 225630
0.9917543410145137 13582 227399
0.9917196449255635 12948 229047
0.9916723569621226 12686 230691
0.9916362237570622 12245 232188
0.991594581606912 12386 233264
0.9915588590064546 12148 234546
0.9915280978782829 11673 235920
0.9914996977265781 10994 237429
0.9914716055283256 10955 238289
0.9914395783692947 9881 240299
0.9914143946203132 10604 240312
0.9913878421893219 9580 242112
0.991361084456029 9317 243157
0.9913367903503538 8840 244344
0.9913166707248088 8320 245452
0.9912912816735259 7976 246538
0.9912665769632477 7729 247507
0.9912411536949145 7515 248464
0.9912201786431133 7384 249208
0.9911993746765634 7092 250108
0.99118226615144 6749 250951
0.9911658077502714 6493 251688
0.9911432587141589 6427 252413
0.9911190330425842 6396 253152
0.9911015481299081 6300 253759
0.9910832762250765 6378 254215
0.9910686997616714 6048 254971
0.991054362817618 5711 255727
0.9910399574394643 5487 256372
0.9910261679682149 5289 256973
0.9910083066679861 5225 257559
0.9909943118944352 5133 258060
0.9909802144697336 5058 258547
0.9909612582238969 5021 259138
0.9909488716517076 4681 259840
0.9909400094356938 4422 260358
0.9909233115151734 4373 260895
0.9909085981835674 4408 261290
0.9908933715962076 4434 261709
0.9908795821249582 4426 262120
0.9908703435213916 4301 262515
0.9908621314293324 4058 262998
0.9908530296939668 3919 263403
0.9908420118037874 3861 263783
0.9908301042703016 3764 264228
0.9908192232483232 3693 264617
0.9908077263194403 3799 264847
0.9907973927702658 3614 265334
0.9907894544146085 3452 265728
0.9907802158110419 3312 266138
0.9907686162310083 3240 266549
0.9907582484647836 3252 266840
0.9907485650395638 3286 267089
0.9907412768078613 3203 267385
0.9907359047309725 3022 267723
0.9907321750724957 2779 268075
0.9907285822822197 2594 268365
0.9907231417712306 2489 268629
0.9907172906556384 2400 268889
0.9907124318345033 2335 269096
0.9907065807189112 2277 269325
0.9907029879286353 2108 269599
0.9906996004406609 1959 269847
0.9906955286116815 1815 270110
0.9906910803951494 1744 270311
0.99068560566711 1737 270478
0.990681020582377 1753 270596
0.990678249001307 1718 270712
0.9906739034359257 1707 270850
0.9906719530640615 1631 270983
0.9906683944908359 1604 271114
0.9906642200107059 1581 271259
0.9906606272204299 1587 271358
0.9906563500891491 1621 271449
0.9906530652523254 1603 271563
0.9906497461984515 1583 271680
0.9906467350980298 1535 271816
0.99064399773401 1494 271937
0.9906397206027292 1529 272027
0.9906359567272021 1533 272133
0.9906327403244789 937 272823
0.9906289080148513 964 272908
0.9906250757052236 936 273048
0.9906223041241536 967 273098
