0 1
0 1
0 1
0 1
0 1
0 1
0 1
0 1
0 1
0 1
0 1
0 1
0 1
0 1
0 1
0 1
0 1
0 1
0 1
0 1
0 1
0 1
1 1
1 1
2 1
2 1
3 1
4 1
4 1
4 1
4 1
4 1
5 1
5 1
8 1
8 1
8 1
8 1
8 1
8 1
8 1
8 1
11 1
13 1
15 1
15 1
14 2
28 2
29 2
27 4
27 4
39 4
38 7
38 10
38 11
37 12
36 16
36 16
38 16
41 16
41 16
43 16
43 16
59 16
59 16
66 16
77 22
79 22
71 31
79 31
79 31
101 33
184 33
215 35
214 35
231 36
254 37
257 38
337 38
363 39
380 47
405 52
443 73
511 73
513 90
566 116
613 159
699 187
850 192
1000 212
1176 225
1344 228
1582 229
1825 274
2013 287
2334 300
2568 344
2857 378
2968 480
3260 502
3487 599
3675 689
3738 876
4169 893
4404 931
4767 993
5151 1060
5414 1177
5990 1187
6640 1208
6850 1424
7005 1600
7231 1795
7390 2171
7851 2248
8366 2362
8486 2676
9030 2725
9447 2862
9731 3041
10085 3163
10341 3223
9360 4686
9168 5351
9084 6175
9042 6449
9203 6581
9118 6846
8634 7534
8636 7787
8605 7926
8603 8046
8239 8480
8174 8627
6613 10332
6695 10366
6113 11064
6056 11288
5871 11574
5825 11677
5923 11735
5936 11908
5477 12517
5368 12726
5358 12883
5383 12991
5385 13098
5440 13173
4950 13802
5139 13924
5203 14070
5247 14300
5316 14455
5538 14548
5672 14660
5732 15018
5925 15084
6174 15216
6296 15454
6330 15884
6206 16386
6544 16428
6738 16572
7201 16747
7613 16819
8025 16932
8375 17176
8716 17303
9221 17439
9639 17602
10563 17694
11118 17820
11555 18090
12132 18351
12621 18496
13155 18780
13715 18963
14250 19283
14739 19679
15273 20256
16019 20437
16578 20762
17518 21043
17822 21638
18112 22417
18108 23541
18413 24464
18404 25832
17870 27407
17027 29230
16259 30977
14868 33270
15025 34194
14448 36017
14925 36994
15260 37860
15117 39042
15393 39936
15779 41009
16242 42085
16241 43332
17383 44210
17129 45668
17478 46644
17611 47665
18142 48490
17414 50390
18437 50864
18289 52325
18341 53480
19019 54375
19624 55121
20396 55862
20891 56926
21830 57898
21234 61216
21302 63268
22219 64604
23507 65756
22709 68105
25007 69246
26684 71933
27053 73623
30818 74866
31315 76440
33880 77922
35915 79443
36367 81629
36533 85212
37382 88755
38737 90567
39341 92905
40778 95258
41755 97374
44476 100396
44877 103632
46691 106317
46057 109176
45572 112517
43293 116537
40681 119719
39643 122711
38952 125766
38357 129878
38584 132159
37765 135802
37524 138976
37476 142138
36911 146012
36514 149460
34905 153978
35435 156201
35419 159034
36174 160850
38035 161725
38912 163417
38461 165781
37022 169331
36452 171847
35125 174651
33379 177594
30986 180489
28878 184039
28106 186914
24665 192300
24009 194630
19963 200345
18884 203404
17859 206219
16639 209387
16793 210847
18473 210870
18083 212640
17909 214069
17423 216029
15329 218123
16547 219699
15766 221823
15447 223414
14255 225630
13582 227399
12948 229047
12686 230691
12245 232188
12386 233264
12148 234546
11673 235920
10994 237429
10955 238289
9881 240299
10604 240312
9580 242112
9317 243157
8840 244344
8320 245452
7976 246538
7729 247507
7515 248464
7384 249208
7092 250108
6749 250951
6493 251688
6427 252413
6396 253152
6300 253759
6378 254215
6048 254971
5711 255727
5487 256372
5289 256973
5225 257559
5133 258060
5058 258547
5021 259138
4681 259840
4422 260358
4373 260895
4408 261290
4434 261709
4426 262120
4301 262515
4058 262998
3919 263403
3861 263783
3764 264228
3693 264617
3799 264847
3614 265334
3452 265728
3312 266138
3240 266549
3252 266840
3286 267089
3203 267385
3022 267723
2779 268075
2594 268365
2489 268629
2400 268889
2335 269096
2277 269325
2108 269599
1959 269847
1815 270110
1744 270311
1737 270478
1753 270596
1718 270712
1707 270850
1631 270983
1604 271114
1581 271259
1587 271358
1621 271449
1603 271563
1583 271680
1535 271816
1494 271937
1529 272027
1533 272133
937 272823
964 272908
936 273048
967 273098
