10 0
18 0
24 0
38 0
82 0
127 1
187 1
262 3
318 3
378 4
498 5
498 5
796 10
950 12
1118 20
1392 24
1668 43
2000 58
2390 77
2896 107
3503 137
4037 180
4550 214
5302 278
6080 358
7030 438
8097 550
9176 643
10155 775
10949 868
11624 1043
12511 1185
13437 1351
14321 1500
15059 1668
16175 1778
17044 1882
17579 2130
18405 2277
19472 2431
20692 2557
21877 2694
22954 2792
23832 2878
24578 3002
25117 3199
25995 3388
27083 3536
28086 3680
29069 3769
29752 3836
30314 4003
30863 4169
31628 4293
32323 4406
32858 4526
33432 4608
33789 4651
33913 4699
34152 4846
34576 4936
34942 5047
35293 5141
35559 5210
35732 5236
35962 5324
36151 5367
36520 5453
36768 5524
36991 5590
37218 5608
37363 5624
37505 5678
37672 5738
37912 5768
38059 5821
38214 5856
38329 5866
38461 5880
38548 5901
38711 5936
38937 5963
39107 5981
39261 6004
39422 6015
39624 6023
39731 6049
39903 6067
40052 6100
40200 6128
40312 6148
40492 6153
40589 6160
40686 6166
40763 6176
40959 6189
41153 6205
41330 6211
41567 6213
41729 6216
41878 6231
42052 6242
42214 6244
42415 6253
42590 6257
42731 6259
42885 6270
43020 6275
43133 6279
43244 6283
43348 6286
43416 6294
43506 6295
43571 6295
43630 6300
43710 6302
43817 6305
43905 6308
43972 6310
44045 6310
44121 6312
44165 6318
44225 6320
44300 6323
44373 6325
44429 6332
44501 6333
44536 6334
44569 6338
44618 6341
44665 6348
44708 6347
44787 6349
44888 6349
44959 6349
45015 6347
45123 6348
45222 6350
45331 6351
45460 6349
45606 6349
45793 6349
45958 6349
46123 6352
46287 6353
46484 6353
46629 6355
46904 6374
47068 6356
47287 6360
47533 6362
47883 6366
48224 6366
48654 6367
49033 6375
49410 6376
49902 6377
50370 6380
51057 6408
51706 6411
52302 6415
52945 6415
53643 6415
53985 6406
55283 6435
55966 6440
56685 6442
57360 6529
57929 6539
58429 6551
58941 6619
59566 6652
60167 6676
60637 6819
61193 6858
61703 6867
62348 6876
62697 6986
63334 7048
63911 7073
64346 7211
64890 7238
65441 7238
65970 7262
66402 7400
67111 7549
67709 7647
68436 7737
69078 7829
70020 7837
70807 7895
71844 7948
73062 8023
73929 8087
75180 8190
76383 8326
77548 8328
78837 8357
80227 8446
81884 8541
83642 8620
85311 9034
87220 9041
89053 9164
91171 9320
93447 9397
95817 9487
98221 9678
100951 9807
103587 9931
106494 10065
109325 10184
112258 10362
115512 10476
118702 10581
122477 10689
126386 10808
130337 10889
134836 11001
139311 11102
144284 11181
150059 11273
156038 11310
162509 11385
168863 11425
175652 11486
182987 11604
190212 11730
198001 11798
205948 11873
213989 11981
222186 12017
230095 12122
238210 12201
246908 12299
256105 12412
266003 12543
274581 12648
284739 12727
295049 12782
305249 12903
313305 13003
323504 13125
334549 13252
344299 13341
352945 13406
361202 13461
368825 13615
376365 13755
383231 13881
390363 14029
396956 14151
402597 14209
407234 14269
411831 14396
417164 14532
422629 14747
428693 14840
434555 14946
439954 15007
444746 15091
449005 15200
453592 15308
459229 15412
465159 15490
471256 15564
476684 15609
481787 15714
485670 15833
490609 15948
495101 16061
500849 16196
505347 16292
510989 16347
515530 16400
519594 16535
524588 16650
530208 16774
536133 16907
542707 17009
549560 17068
556623 17127
562727 17270
569169 17474
577837 17636
586654 17798
595688 17942
605561 18006
613973 18112
620470 18331
631587 18485
644211 18732
656014 18953
668187 19063
681155 19167
692307 19233
701966 19463
712275 19627
723706 19787
735090 19948
744871 20036
753886 20123
761182 20285
768497 20562
777786 20806
787272 21110
795341 21275
803895 21354
811076 21626
817498 21818
823778 22044
830661 22399
840247 22558
848280 22783
855321 23122
861685 23413
866965 23601
871705 23838
877657 24083
883903 24403
889738 24650
894860 24852
900358 24997
905007 25140
909201 25302
914654 25452
920354 25594
925961 25786
931262 25951
936079 26074
939998 26196
943802 26354
948482 26490
953080 26622
957350 26770
961442 26908
965057 27018
968191 27109
971660 27264
975626 27384
979766 27502
984011 27625
988003 27754
991875 27845
994029 27937
995706 28073
998836 28187
1003104 28350
1007368 28473
1011462 28608
1014877 28664
1017653 28728
1020261 28859
1023558 28986
1027992 29124
1032668 29235
1037170 29352
1041822 29401
1045936 29489
1049658 29614
1053938 29748
1058883 29847
1063943 29956
1068829 30046
