0.9999994166219799 10 0
0.9999989499195638 18 0
0.9999985998927517 24 0
0.9999977831635236 38 0
0.9999952163002352 82 0
0.9999925327613428 127 1
0.9999890324932224 187 1
0.9999845404824677 262 3
0.9999812735655551 318 3
0.9999777149596326 378 4
0.9999706560855894 498 5
0.9999706560855894 498 5
0.9999529797315808 796 10
0.9999438790344674 950 12
0.9999336115813138 1118 20
0.9999173936723553 1392 24
0.9999001840207626 1668 43
0.9998799408034655 2000 58
0.9998560806424439 2390 77
0.999824811580567 2896 107
0.9997876504006874 3503 137
0.9997539894889281 4037 180
0.9997220787112293 4550 214
0.99967447506479 5302 278
0.9996244212306663 6080 358
0.999564333294597 7030 438
0.9994955530260284 8097 550
0.999427181122074 9176 643
0.999362367824042 10155 775
0.9993106221936601 10949 868
0.9992610350619524 11624 1043
0.9992010054636852 12511 1185
0.9991373005838914 13437 1351
0.9990770376344161 14321 1500
0.999024183585796 15059 1668
0.998952661440533 16175 1778
0.9988958987591783 17044 1882
0.9988502202602053 17579 2130
0.9987934575788505 18405 2277
0.9987222271225976 19472 2431
0.9986437044410935 20692 2557
0.9985665818668377 21877 2694
0.9984980349494771 22954 2792
0.9984417973083405 23832 2878
0.9983910434205927 24578 3002
0.9983481067983141 25117 3199
0.9982858603635705 25995 3388
0.9982137548402874 27083 3536
0.9981468413813831 28086 3680
0.9980843032576295 29069 3769
0.9980405499061228 29752 3836
0.9979980216484583 30314 4003
0.9979563101200218 30863 4169
0.9979044478140359 31628 4293
0.9978573108700126 32323 4406
0.9978190996096967 32858 4526
0.9977808300115789 33432 4608
0.9977574948907753 33789 4651
0.9977474607888298 33913 4699
0.9977249423972543 34152 4846
0.9976949567670217 34576 4936
0.9976671296354634 34942 5047
0.9976411693135694 35293 5141
0.9976216261498965 35559 5210
0.9976100169272967 35732 5236
0.9975914655062578 35962 5324
0.9975779311361918 36151 5367
0.9975513874362776 36520 5453
0.9975327776774368 36768 5524
0.9975159180526562 36991 5590
0.9975016252911639 37218 5608
0.9974922329050405 37363 5624
0.9974807986958467 37505 5678
0.9974675560147908 37672 5738
0.9974518048082484 37912 5768
0.9974401372478465 38059 5821
0.9974290530654648 38214 5856
0.9974217608402137 38329 5866
0.9974132435211204 38461 5880
0.9974069430385034 38548 5901
0.9973953921537057 38711 5936
0.9973806326897974 38937 5963
0.9973696651830197 39107 5981
0.9973593393920641 39261 6004
0.9973493052901186 39422 6015
0.9973370543516967 39624 6023
0.9973292954240295 39731 6049
0.9973182112416478 39903 6067
0.9973075937616821 40052 6100
0.9972973263085285 40200 6128
0.9972896257186634 40312 6148
0.9972788332252918 40492 6153
0.9972727660938828 40589 6160
0.9972667573002759 40686 6166
0.9972616819115011 40763 6176
0.9972494893108812 40959 6189
0.9972372383724594 41153 6205
0.9972265625546917 41330 6211
0.9972126198200115 41567 6213
0.9972029940826801 41729 6216
0.9971934266831506 41878 6231
0.9971826341897789 42052 6242
0.9971730667902494 42214 6244
0.9971608158518276 42415 6253
0.997150373385268 42590 6257
0.9971420310795807 42731 6259
0.9971324053422492 42885 6270
0.997124238049968 43020 6275
0.9971174125271329 43133 6279
0.9971107036799018 43244 6283
0.9971044615350869 43348 6286
0.9971000278621343 43416 6294
0.9970947191221514 43506 6295
0.9970909271650208 43571 6295
0.9970871935456923 43630 6300
0.9970824098459276 43710 6302
0.9970759926877065 43817 6305
0.9970706839477237 43905 6308
0.9970666586393852 43972 6310
0.9970623999798385 44045 6310
0.9970578496312817 44121 6312
0.9970549327411813 44165 6318
0.9970513157974568 44225 6320
0.9970467654489 44300 6323
0.9970423901137494 44373 6325
0.9970387148322228 44429 6332
0.9970344561726762 44501 6333
0.9970323560118038 44536 6334
0.9970301975131295 44569 6338
0.9970271639474251 44618 6341
0.9970240137061166 44665 6348
0.9970215635184322 44708 6347
0.9970168381564695 44787 6349
0.9970109460384665 44888 6349
0.9970068040545239 44959 6349
0.9970036538132154 45015 6347
0.9969972949927964 45123 6348
0.9969914028747936 45222 6350
0.9969849857165726 45331 6351
0.9969775768157174 45460 6349
0.9969690594966241 45606 6349
0.9969581503276485 45793 6349
0.9969485245903169 45958 6349
0.9969387238395795 46123 6352
0.996929098102248 46287 6353
0.9969176055552522 46484 6353
0.9969090298983568 46629 6355
0.9968918785845663 46904 6374
0.996883361265473 47068 6356
0.9968703519356249 47287 6360
0.9968558841607267 47533 6362
0.9968352325788156 47883 6366
0.9968153393883304 48224 6366
0.9967901957956646 48654 6367
0.9967676190662872 49033 6375
0.9967455673771277 49410 6376
0.9967168068407374 49902 6377
0.9966893297359911 50370 6380
0.9966476182075547 51057 6408
0.9966095819606449 51706 6411
0.9965745792794395 52302 6415
0.9965370680727477 52945 6415
0.9964963482869454 53643 6415
0.9964769217988765 53985 6406
0.9963995075356106 55283 6435
0.9963593711278284 55966 6440
0.9963173095725799 56685 6442
0.9962728561674491 57360 6529
0.9962390785800859 57929 6539
0.9962092096254573 58429 6551
0.9961753737002921 58941 6619
0.9961369874265702 59566 6652
0.9961005263003146 60167 6676
0.9960647652276831 60637 6819
0.9960300542354877 61193 6858
0.9959997769162451 61703 6867
0.9959616239937312 62348 6876
0.9959348469426091 62697 6986
0.9958940688190049 63334 7048
0.9958589494621954 63911 7073
0.9958255219016443 64346 7211
0.9957922110166972 64890 7238
0.9957600668877903 65441 7238
0.9957278060832793 65970 7262
0.9956945535361342 66402 7400
0.9956444997020105 67111 7549
0.9956038965918123 67709 7647
0.9955562346075709 68436 7737
0.9955134146608964 69078 7829
0.9954579937489878 70020 7837
0.9954086983062903 70807 7895
0.9953451101021005 71844 7948
0.9952696793241029 73062 8023
0.9952153668304325 73929 8087
0.9951363774465124 75180 8190
0.9950582631296224 76383 8326
0.9949901829146779 77548 8328
0.9949132936916301 78837 8357
0.9948270120824588 80227 8446
0.9947248042533391 81884 8541
0.9946176377110487 83642 8620
0.994496120069464 85311 9034
0.9943843448408148 87220 9041
0.9942702361000852 89053 9164
0.9941375759383169 91171 9320
0.9940003070901898 93447 9397
0.9938567960972478 95817 9487
0.9937054095010345 98221 9678
0.9935386217250908 100951 9807
0.9933776093915461 103587 9931
0.9932002041356368 106494 10065
0.9930281076197104 109325 10184
0.9928466187176604 112258 10362
0.9926501370004942 115512 10476
0.9924579139428746 118702 10581
0.9922313882576739 122477 10689
0.9919964035911818 126386 10808
0.9917611855734816 130337 10889
0.9914921899684183 134836 11001
0.9912252361864252 139311 11102
0.9909305136106759 144284 11181
0.9905882457262893 150059 11273
0.9902372855094034 156038 11310
0.9898554062574526 162509 11385
0.9894823943514073 168863 11425
0.9890827804076459 175652 11486
0.9886479887692731 182987 11604
0.9882191475867051 190212 11730
0.9877607874763207 198001 11798
0.9872928016286048 205948 11873
0.9868174068800337 213989 11981
0.9863371117560938 222186 12017
0.985869592610794 230095 12122
0.9853915726611325 238210 12201
0.9848784333546616 246908 12299
0.9843353084179581 256105 12412
0.9837502386016103 266003 12543
0.9832436914667664 274581 12648
0.9826464873876005 284739 12727
0.9820418160697776 295049 12782
0.981439711615243 305249 12903
0.980963908502058 313305 13003
0.9803618040475234 323504 13125
0.9797100541234792 334549 13252
0.979136068489513 344299 13341
0.9786278878962128 352945 13406
0.9781429840859143 361202 13461
0.9776892909996906 368825 13615
0.9772412566802617 376365 13755
0.976833358768615 383231 13881
0.9764086595699897 390363 14029
0.9760169212294996 396956 14151
0.9756844540958504 402597 14209
0.9754104414398143 407234 14269
0.9751348536631239 411831 14396
0.9748158042239369 417164 14532
0.974484445508526 422629 14747
0.9741252596615567 428693 14840
0.9737770996591673 434555 14946
0.9734585752601983 439954 15007
0.9731741201376025 444746 15091
0.9729193006184274 449005 15200
0.9726454046379953 453592 15308
0.9723104873166618 459229 15412
0.9719599938021919 465159 15490
0.9715999912259946 471256 15564
0.9712807084355995 476684 15609
0.9709768851627368 481787 15714
0.970743417279097 485670 15833
0.9704485780277436 490609 15948
0.9701799324494923 495101 16061
0.9698367311602736 500849 16196
0.9695687272978444 505347 16292
0.9692363768397992 510989 16347
0.96896837297737 515530 16400
0.9687234125467344 519594 16535
0.9684253647162706 524588 16650
0.9680902723815311 530208 16774
0.9677368619769607 536133 16907
0.9673473988107489 542707 17009
0.9669441679232629 549560 17068
0.9665286860973551 556623 17127
0.966164249848205 562727 17270
0.9657765368160535 569169 17474
0.9652614140243143 577837 17636
0.9647375989000757 586654 17798
0.9642021745532374 595688 17942
0.9636224718146743 605561 18006
0.963125550417162 613973 18112
0.9627337537388697 620470 18331
0.9620762283724267 631587 18485
0.9613253625227692 644211 18732
0.9606239087914135 656014 18953
0.9599073455693373 668187 19063
0.959144753821476 681155 19167
0.9584903203585394 692307 19233
0.9579134178344728 701966 19463
0.9573024460340329 712275 19627
0.9566262525709469 723706 19787
0.9559527426467535 735090 19948
0.955377006878727 744871 20036
0.9548460162048413 753886 20123
0.9544109328774584 761182 20285
0.9539680322846064 768497 20562
0.9534118980180548 777786 20806
0.9528407709363871 787272 21110
0.9523604174746452 795341 21275
0.9518567872299019 803895 21354
0.951421995591529 811076 21626
0.9510361493690417 817498 21818
0.9506566036291714 823778 22044
0.9502343546182305 830661 22399
0.949665852737653 840247 22558
0.949184099168663 848280 22783
0.9487535661898369 855321 23122
0.9483653281174671 861685 23413
0.9480463370160821 866965 23601
0.9477559897754835 871705 23838
0.9473944704164339 877657 24083
0.947011424408443 883903 24403
0.9466566138966245 889738 24650
0.9463460234387288 894860 24852
0.9460168232219921 900358 24997
0.9457372684747651 905007 25140
0.9454831490092142 909201 25302
0.9451562823045578 914654 25452
0.9448154728652215 920354 25594
0.9444771719513715 925961 25786
0.9441582975255904 931262 25951
0.9438701087836662 936079 26074
0.9436343657257479 939998 26196
0.9434032313541884 943802 26354
0.9431222764997133 948482 26490
0.9428463386962108 953080 26622
0.9425886022869352 957350 26770
0.9423418333844372 961442 26908
0.9421245250719539 965057 27018
0.9419363856604749 968191 27109
0.9417249694659944 971660 27264
0.9414866012069858 975626 27384
0.9412381988460317 979766 27502
0.9409833793268564 984011 27625
0.9407429692447775 988003 27754
0.940511776535416 991875 27845
0.9403807498321038 994029 27937
0.9402749833970615 995706 28073
0.9400857355673444 998836 28187
0.9398272407666427 1003104 28350
0.9395713128292293 1007368 28473
0.9393246022645335 1011462 28608
0.9391221117537604 1014877 28664
0.9389564323960549 1017653 28728
0.9387966451563523 1020261 28859
0.9385968965222736 1023558 28986
0.9383301760914886 1027992 29124
0.9380509130332717 1032668 29235
0.9377814507257922 1037170 29352
0.9375072047185481 1041822 29401
0.9372620692745064 1045936 29489
0.937037643750178 1049658 29614
0.9367801406921104 1053938 29748
0.9364858848187771 1058883 29847
0.9361843367201927 1063943 29956
0.9358940478173962 1068829 30046
