4 0
5 0
5 0
5 0
6 0
6 0
5 1
5 1
15 1
17 2
18 2
26 2
29 2
51 2
134 2
234 2
297 2
439 15
485 16
714 16
766 10
864 11
947 25
1034 29
1171 30
1339 34
1454 41
1554 43
1620 97
1836 102
1997 121
2262 159
2520 166
2646 172
2899 258
3454 312
3549 486
3735 528
3852 637
3902 793
4163 848
4111 1119
4308 1188
4363 1474
4826 1557
5146 1773
5125 1900
5663 1975
6312 2036
6272 2146
7291 2274
7708 2368
8391 2764
8932 3008
9588 3135
10111 3217
10594 3321
11067 3545
11757 3768
12117 4700
12982 5132
13846 5257
14513 5571
14830 6111
15734 6315
17045 7028
17595 7049
18306 8129
20291 8445
21612 8722
22820 9261
24787 9549
25638 9660
25323 10465
27085 11714
27085 11714
27937 12214
29300 12825
30538 13428
31812 14086
32919 15172
34426 16268
34683 17754
36270 18331
37700 18649
38194 19511
38784 20367
39736 21491
40406 23622
40931 25526
42742 26754
44834 27626
47667 28731
49852 30611
53366 31898
56213 33036
59467 34516
63476 35467
67249 36422
71127 37190
75139 38563
80872 38664
83223 42710
83223 42710
79798 52607
88028 56450
89692 59229
93348 61412
97810 62308
100450 64612
104780 66886
105224 71393
106040 75048
107868 77166
107417 81509
107760 85210
107615 88130
107942 90941
106213 96742
106938 99574
106530 102807
108273 105197
108642 109167
103722 118174
103722 118174
95570 129713
95407 136411
94713 139796
91602 145887
90554 150294
89449 154150
88094 158257
86975 161897
84442 167183
77628 175976
77573 178196
73751 184163
73751 184163
57886 204031
53652 209844
53555 211528
52427 213669
51283 216145
50307 218884
44854 225546
29504 242383
29857 243256
29857 243256
27421 246868
26924 248301
25513 250775
25347 252055
25177 253128
25177 253128
25146 254553
25065 255396
25065 255396
20836 260300
19770 262093
18494 264151
17815 265672
17791 266330
17799 266861
17833 267358
16599 269322
16475 270199
15932 271368
16261 271786
13953 275262
13953 275262
13653 276179
12116 278329
11945 279013
11790 279798
10626 281548
10188 283073
10188 283073
9031 284680
8987 285206
8803 285835
8833 286220
8748 286624
8801 286835
8873 286976
8881 287268
8761 288253
8909 288603
9132 288893
9132 288893
6542 292361
6726 292507
6794 292865
6007 294023
5795 294576
6046 294909
5673 295808
5831 296189
5774 296650
5936 297153
6066 297568
6295 298091
6572 298459
6952 298719
7015 299289
7303 299583
7070 300348
7388 300829
7831 301184
7797 301784
8205 302070
8353 302488
8702 302814
8903 303360
8825 303981
8877 304554
8884 305100
9135 305481
9135 305481
8588 307139
8528 307823
8015 308919
8335 309260
8646 309620
8904 310028
8552 310765
8651 311197
8782 311681
9209 312009
9421 312456
9174 313278
9296 313723
9384 314068
9351 314683
9378 315366
9642 315838
9855 316361
10235 316828
10668 317227
10788 317814
11190 318185
11627 318573
11695 319413
11864 320322
12121 320872
12592 321378
13242 321851
13965 322295
14646 322927
15317 323558
16242 324009
16912 324841
17804 325385
18981 325858
20045 326431
21098 327086
22088 327904
23641 328655
24938 329523
26538 330366
28048 330984
29055 332027
30362 333018
32005 333922
33562 335103
34974 336534
36683 337490
38348 338581
40379 339504
42115 340777
43963 342235
45533 343778
46861 345495
47390 347795
48576 349448
49105 351377
49780 353531
51654 355156
51507 358565
52359 360832
53126 363373
55354 364940
44218 378961
45324 380818
46376 382904
44582 387745
45124 389932
46629 391796
47236 393551
48008 395238
48369 397608
42851 405671
42478 409016
40922 413751
40553 416735
40491 418477
40261 420411
37905 424909
38268 426802
38511 428711
39177 430305
39329 432006
39488 433821
39599 435486
37080 440160
34537 445178
34773 447405
35130 449232
35663 450971
35722 452807
35707 454769
33740 458854
34049 461026
33124 464386
33474 466043
34803 467613
35246 469047
34007 472694
33102 475722
33869 478052
34169 480169
33763 483007
34701 484590
34986 486225
35485 487526
35163 489620
35293 491853
34916 493975
35063 495755
34628 497784
33820 500221
34412 501502
33820 503657
33295 506092
32726 508305
33439 509775
33182 511631
33493 512935
33365 514283
33184 515848
32889 517651
32454 519388
32514 520614
32265 522209
31983 523528
31510 525009
30512 527079
30225 528868
29981 530382
25649 535976
25635 537394
25747 538330
25747 538330
25008 540981
24176 543085
24139 544367
24081 545765
24466 546708
24226 548108
24483 548901
23665 550915
23281 552660
22285 555197
21554 557243
21836 558137
