0.9999999819504999 4 0
0.9999999774381247 5 0
0.9999999774381247 5 0
0.9999999774381247 5 0
0.9999999729257497 6 0
0.9999999729257497 6 0
0.9999999729257497 5 1
0.9999999729257497 5 1
0.9999999278019993 15 1
0.9999999142648742 17 2
0.9999999097524992 18 2
0.9999998736534988 26 2
0.9999998601163737 29 2
0.9999997608441228 51 2
0.9999993863169943 134 2
0.9999989350794901 234 2
0.9999986507998625 297 2
0.999997951381731 439 15
0.999997739300104 485 16
0.9999967059662194 714 16
0.9999964983969675 766 10
0.9999960516718384 864 11
0.9999956139714593 947 25
0.9999952033453304 1034 29
0.9999945806375746 1171 30
0.9999938045090675 1339 34
0.9999932539993124 1454 41
0.9999927937370581 1554 43
0.999992252252053 1620 97
0.9999912550171688 1836 102
0.9999904427896612 1997 121
0.9999890755400236 2262 159
0.9999878797606374 2520 166
0.9999872841271319 2646 172
0.9999857544319927 2899 258
0.9999830063955922 3454 312
0.9999817925667059 3549 486
0.9999807637451964 3735 528
0.9999797439484369 3852 637
0.9999788143991782 3902 793
0.999977388488665 4163 848
0.9999764002785309 4111 1119
0.9999751999867698 4308 1188
0.9999736612668805 4363 1474
0.9999711975101075 4826 1557
0.9999687788770851 5146 1773
0.9999683005653307 5125 1900
0.9999655344794299 5663 1975
0.9999623306931502 6312 2036
0.9999620148268973 6272 2146
0.9999568391327243 7291 2274
0.9999545333090778 7708 2368
0.9999496644564076 8391 2764
0.9999461222419997 8932 3008
0.9999425890523419 9588 3135
0.9999398590654416 10111 3217
0.999937210301292 10594 3321
0.9999340651758878 11067 3545
0.9999299453774745 11757 3768
0.9999241153889203 12117 4700
0.9999182628384911 12982 5132
0.9999138000995745 13846 5257
0.9999093734596585 14513 5571
0.9999055063542476 14830 6111
0.9999005066427011 15734 6315
0.9998913735956163 17045 7028
0.9998887970294674 17595 7049
0.9998807153657674 18306 8129
0.9998703323907959 20291 8445
0.999863121615479 21612 8722
0.9998552384962808 22820 9261
0.9998450630905613 24787 9549
0.999840722185771 25638 9660
0.9998385111220005 25323 10465
0.9998249243607493 27085 11714
0.9998249243607493 27085 11714
0.9998188236296927 27937 12214
0.99980991620136 29300 12825
0.9998016089189078 30538 13428
0.9997928910103269 31812 14086
0.99978299537186 32919 15172
0.9997712496596259 34426 16268
0.9997633845899279 34683 17754
0.9997536198103372 36270 18331
0.999745732178764 37700 18649
0.9997396133982072 38194 19511
0.9997330885038965 38784 20367
0.9997237208133096 39736 21491
0.9997110816508172 40406 23622
0.9997001210918405 40931 25526
0.9996864079840881 42742 26754
0.9996730333044639 44834 27626
0.9996552635715489 47667 28731
0.9996369207670036 49852 30611
0.9996152568544274 53366 31898
0.9995972750398855 56213 33036
0.999575913456437 59467 34516
0.9995535320762292 63476 35467
0.9995321975670312 67249 36422
0.9995112330725865 71127 37190
0.9994869339329858 75139 38563
0.9994606087369914 80872 38664
0.9994317430738484 83223 42710
0.9994317430738484 83223 42710
0.9994025389825772 79798 52607
0.9993480610786963 88028 56450
0.9993280125963852 89692 59229
0.9993016648385156 93348 61412
0.999277487533041 97810 62308
0.9992551783508339 100450 64612
0.9992253786260572 104780 66886
0.9992030378572248 105224 71393
0.9991828630284124 106040 75048
0.9991650571964971 107868 77166
0.999147495032834 107417 81509
0.9991292469881645 107760 85210
0.9991167251474232 107615 88130
0.9991025653145418 107942 90941
0.9990841909233711 106213 96742
0.9990681404053471 106938 99574
0.9990553929458538 106530 102807
0.9990367432998055 108273 105197
0.9990171641044987 108642 109167
0.9989987220277025 103722 118174
0.9989987220277025 103722 118174
0.9989834386134356 95570 129713
0.9989539502425367 95407 136411
0.998941807441299 94713 139796
0.9989283605636742 91602 145887
0.9989132034959084 90554 150294
0.9989007899521681 89449 154150
0.9988883718960528 88094 158257
0.9988769961985722 86975 161897
0.9988645736300819 84442 167183
0.9988556436398739 77628 175976
0.9988458743479082 77573 178196
0.9988361953034434 73751 184163
0.9988361953034434 73751 184163
0.9988181322661506 57886 204031
0.9988110072259595 53652 209844
0.998803846086768 53555 211528
0.9987992750508505 52427 213669
0.9987932645672947 51283 216145
0.9987853092500958 50307 218884
0.9987798537886702 44854 225546
0.9987731438869829 29504 242383
0.9987676117151815 29857 243256
0.9987676117151815 29857 243256
0.9987623051621323 27421 246868
0.998758081579093 26924 248301
0.9987532849244235 25513 250775
0.9987482581386268 25347 252055
0.998744183463964 25177 253128
0.998744183463964 25177 253128
0.9987378932131555 25146 254553
0.9987344547833736 25065 255396
0.9987344547833736 25065 255396
0.9987314089302204 20836 260300
0.9987281284335648 19770 262093
0.9987245997562821 18494 264151
0.9987208003364968 17815 265672
0.9987179394907203 17791 266330
0.9987155073205727 17799 266861
0.9987131112494254 17833 267358
0.9987098172156449 16599 269322
0.9987064193972383 16475 270199
0.9987035946504621 15932 271368
0.9987002239063058 16261 271786
0.9986949534522568 13953 275262
0.9986949534522568 13953 275262
0.998692169316856 13653 276179
0.9986894032309553 12116 278329
0.9986870883825588 11945 279013
0.9986842455862824 11790 279798
0.9986816013345079 10626 281548
0.9986766963828373 10188 283073
0.9986766963828373 10188 283073
0.9986746658140685 9031 284680
0.9986724908492982 8987 285206
0.9986704828424046 8803 285835
0.9986686102067622 8833 286220
0.9986671707591238 8748 286624
0.9986659794921128 8801 286835
0.9986650183562289 8873 286976
0.9986636646437163 8881 287268
0.998659761439305 8761 288253
0.9986575142765342 8909 288603
0.9986551994281377 9132 288893
0.9986551994281377 9132 288893
0.9986512375628509 6542 292361
0.998649748479087 6726 292507
0.9986478262073192 6794 292865
0.9986461521161787 6007 294023
0.9986446133962894 5795 294576
0.9986419781692649 6046 294909
0.9986396046599929 5673 295808
0.9986371724898453 5831 296189
0.9986353494903284 5774 296650
0.9986323487609255 5936 297153
0.9986298895165276 6066 297568
0.9986264962104962 6295 298091
0.9986235857285941 6572 298459
0.9986206978085673 6952 298719
0.9986178414751657 7015 299289
0.9986152152728914 7303 299583
0.9986128146893691 7070 300348
0.9986092093017106 7388 300829
0.9986056084264272 7831 301184
0.9986030544221535 7797 301784
0.9985999228338744 8205 302070
0.9985973688296007 8353 302488
0.9985943229764475 8702 302814
0.9985909522322911 8903 303360
0.9985885020126434 8825 303981
0.9985856817782421 8877 304554
0.998583186434844 8884 305100
0.9985803346138176 9135 305481
0.9985803346138176 9135 305481
0.9985753213651459 8588 307139
0.9985725056431198 8528 307823
0.9985698749284704 8015 308919
0.9985668922485677 8335 309260
0.9985638644449146 8646 309620
0.9985608592031366 8904 310028
0.9985591219387455 8552 310765
0.9985567258675982 8651 311197
0.9985539507569475 8782 311681
0.9985505439137909 9209 312009
0.9985475702586383 9421 312456
0.9985449756429892 9174 313278
0.9985424171263404 9296 313723
0.9985404632679473 9384 314068
0.9985378370656729 9351 314683
0.9985346332793932 9378 315366
0.9985313121713623 9642 315838
0.9985279910633315 9855 316361
0.998524169081671 10235 316828
0.9985204147856361 10668 317227
0.9985172245364815 10788 317814
0.9985137364705741 11190 318185
0.9985100137611645 11627 318573
0.9985059165246265 11695 319413
0.9985010521843314 11864 320322
0.9984974106976725 12121 320872
0.9984930021072566 12592 321378
0.9984879347100846 13242 321851
0.9984826687684106 13965 322295
0.9984767440199807 14646 322927
0.9984708689076761 15317 323558
0.9984646598796184 16242 324009
0.9984578822923055 16912 324841
0.9984514025217454 17804 325385
0.9984439571029262 18981 325858
0.9984365703449826 20045 326431
0.9984288632084111 21098 327086
0.9984207048343352 22088 327904
0.9984103083222388 23641 328655
0.998400539030273 24938 329523
0.9983895152980456 26538 330366
0.9983799129639565 28048 330984
0.9983706625951206 29055 332027
0.9983602931572743 30362 333018
0.9983488001380426 32005 333922
0.9983364452551778 33562 335103
0.9983236165729338 34974 336534
0.998311591093447 36683 337490
0.9982991549878316 38348 338581
0.9982858254319578 40379 339504
0.9982722476954567 42115 340777
0.9982573297835682 43963 342235
0.9982432827600628 45533 343778
0.9982295425780602 46861 345495
0.9982167770690666 47390 347795
0.9982039664363227 48576 349448
0.9981928750184698 49105 351377
0.9981801095094762 49780 353531
0.9981643207092046 51654 355156
0.9981496013418178 51507 358565
0.9981355272440622 52359 360832
0.9981206003074236 53126 363373
0.9981034758441396 55354 364940
0.9980904576421437 44218 378961
0.9980770874748945 45324 380818
0.9980629276420131 46376 382904
0.9980491784352604 44582 387745
0.998036864163771 45124 389932
0.998021661972255 46629 391796
0.9980110037424059 47236 393551
0.9979999078121778 48008 395238
0.9979875845159385 48369 397608
0.9979761005214568 42851 405671
0.9979626897428323 42478 409016
0.9979483449025741 40922 413751
0.9979365450418395 40553 416735
0.9979289642517691 40491 418477
0.9979212751646978 40261 420411
0.997911609657358 37905 424909
0.9979014297392634 38268 426802
0.9978917191081733 38511 428711
0.9978815211405786 39177 430305
0.997873159709626 39329 432006
0.9978642522812933 39488 433821
0.9978562383032188 39599 435486
0.9978465141350036 37080 440160
0.9978353460067748 34537 445178
0.9978242320270466 34773 447405
0.9978143769999551 35130 449232
0.9978041248838599 35663 450971
0.9977955739331555 35722 452807
0.997786788338949 35707 454769
0.9977772311286102 33740 458854
0.9977660359261312 34049 461026
0.9977550482929042 33124 464386
0.9977459919561952 33474 466043
0.9977329105809487 34803 467613
0.997724440852995 35246 469047
0.9977135750538941 34007 472694
0.9977039952816802 33102 475722
0.9976900204561754 33869 478052
0.9976791140456991 34169 480169
0.9976681399495972 33763 483007
0.9976567642521166 34701 484590
0.9976481004920361 34986 486225
0.9976399782169607 35485 487526
0.9976319822883865 35163 489620
0.9976213195461625 35293 491853
0.9976134454517144 34916 493975
0.9976047501050086 35063 495755
0.9975975573791919 34628 497784
0.9975902067202486 33820 500221
0.9975817550417951 34412 501502
0.9975747021996046 33820 503657
0.9975660835632746 33295 506092
0.9975586652187057 32726 508305
0.9975488147039893 33439 509775
0.9975415994162972 33182 511631
0.9975343119306046 33493 512935
0.9975288068330534 33365 514283
0.9975225617059954 33184 515848
0.9975157570444323 32889 517651
0.9975098819321278 32454 519388
0.9975040790178238 32514 520614
0.9974980053610174 32265 522209
0.9974933260280989 31983 523528
0.9974887775540567 31510 525009
0.9974839402880118 30512 527079
0.9974771627006989 30225 528868
0.9974714319843957 29981 530382
0.9974657373670928 25649 535976
0.9974594019925339 25635 537394
0.99745467302349 25747 538330
0.99745467302349 25747 538330
0.9974460453624099 25008 540981
0.9974403056213567 24176 543085
0.9974346877144294 24139 544367
0.9974286411318734 24081 545765
0.9974226486978177 24466 546708
0.9974174143427691 24226 548108
0.9974126763489751 24483 548901
0.997407279548425 23665 550915
0.997401138205993 23281 552660
0.9973941846360533 22285 555197
0.9973882508628733 21554 557243
0.997382944309824 21836 558137
