0 0
0 0
0 0
0 0
0 0
0 0
0 0
0 0
0 0
1 0
7 1
10 1
26 1
35 1
42 1
54 1
68 1
85 1
108 1
136 1
199 1
310 3
339 6
338 7
434 9
548 10
663 11
770 16
880 21
961 28
1142 39
1142 39
1276 41
1428 47
1619 54
1742 59
1921 67
2031 69
2174 75
2449 79
2670 82
2883 91
3132 102
3284 116
3317 155
3407 167
3573 178
3809 207
3972 238
4013 260
4176 291
4318 340
4449 372
4749 417
4865 473
5041 497
5276 503
5399 622
5399 622
5673 705
5768 764
5906 814
6252 838
6252 838
6356 841
6490 1033
6654 1077
6757 1111
6953 1117
3544 4738
3517 4931
3680 4936
2510 6273
2621 6323
2778 6340
2922 6346
3100 6349
3250 6356
3366 6360
3392 6475
3496 6481
3580 6536
3697 6570
3999 6578
4341 6585
4594 6589
4755 6692
4034 7694
4432 7699
4665 7866
3274 9744
3613 9850
3979 9858
4229 9866
4733 9876
5062 9982
5374 10089
5500 10504
5814 10611
6055 10799
6269 10964
6499 11390
7191 11395
5031 14180
5871 14188
7215 14203
7208 14214
7731 14231
8353 14244
9094 14257
9430 14844
10370 14852
11170 14860
11567 15185
12084 15230
12689 15341
13673 15364
14060 15845
14696 15962
15612 16074
16570 16215
17174 16376
17873 16590
18125 17112
18352 17643
18502 18481
19416 18733
20528 18806
20766 19525
20963 20288
20940 21276
20968 22289
21269 23063
21685 23948
22322 24851
22469 25627
22844 26399
23531 26842
23850 27558
23696 28565
23890 29578
24135 30291
23919 31234
23604 32302
23780 33037
24039 33954
24161 34703
24871 35425
25034 36408
24693 37530
24579 38690
24576 39615
24669 40587
24853 41530
24944 42509
24866 43590
24572 44852
23886 46345
24186 47232
24294 48266
24558 49093
24105 50387
24220 51174
24119 52345
24077 53300
24514 53932
24782 54620
25062 55603
25172 56768
24910 57633
23790 59000
23653 60101
22837 61018
22811 61581
23074 62406
23588 63312
23394 64091
23703 64678
23555 65527
24038 65944
24056 66568
24235 67102
24323 67742
24807 68175
24560 68992
24567 69517
24670 70244
24791 70805
25007 71298
25296 71747
25232 72346
25549 72858
25507 73535
25385 74330
25332 74998
25410 75631
25472 76273
25249 76955
25053 77779
24481 78985
24044 80094
23557 81322
23164 82437
22581 83622
22218 84592
21681 85603
21262 86728
20935 87791
20962 88469
20989 89119
21000 89555
21234 90043
21287 90566
21162 91433
21052 92290
20784 93178
21044 93609
21054 94232
21066 94853
21212 95390
21242 96058
21200 96854
21405 97436
21632 98034
21658 98655
21625 99177
21488 99808
21690 100438
21683 101200
21666 101832
21202 102905
21140 103605
21062 104119
21126 104613
21113 105322
21217 106010
21259 106607
21325 107190
21336 107864
21403 108348
21332 109090
21193 110054
21025 111020
20810 112057
20346 113252
19996 114340
19630 115285
19482 116110
19073 116951
18733 117834
19000 118760
18902 119604
18959 120568
18812 121519
18778 122524
18819 123646
18452 124900
18392 126085
18171 127138
18410 128243
18040 129627
17586 131135
17171 132662
16852 134237
16609 135680
16271 137306
15864 138919
15681 139977
15937 140993
16174 142358
16293 143994
16668 145076
17542 145911
18053 146676
18265 147541
18695 148616
19649 149690
19682 151537
20402 153205
21487 154420
21636 156083
21688 157542
22055 159111
22843 160134
24249 161175
25400 162379
26613 163972
27546 165461
27903 166716
28721 168266
29908 170039
31576 171719
32636 173674
34312 175272
35265 177074
35490 178548
37142 180060
38457 181804
39914 183760
41155 185505
41403 187321
41551 189806
42261 191444
44582 193697
46168 196576
47630 199160
47741 201992
47967 203797
47780 205956
48345 207885
49445 210325
52053 212903
52114 216977
53313 219724
54822 221950
55597 223599
56020 225333
56897 228196
56673 231735
55932 235353
54608 238984
54577 241692
54233 243786
53405 245956
53513 248021
52413 251364
50593 255159
49310 258483
48220 261631
47086 264158
45769 266389
45202 268632
43690 271710
41975 274833
40852 277401
39403 280050
38692 281687
37365 283738
36035 286166
34718 288664
33608 290881
32215 293272
30885 295579
29309 297782
27738 299916
25295 303181
23207 306160
20893 309182
18756 312229
16775 314917
14760 317419
13254 319425
12799 320452
12035 321720
11337 323126
10833 324506
10489 325548
10111 326410
9892 327195
9795 328010
9629 329072
9417 329966
9125 330656
9123 331322
