1.0 0 0
1.0 0 0
1.0 0 0
1.0 0 0
1.0 0 0
1.0 0 0
1.0 0 0
1.0 0 0
1.0 0 0
0.9999997688553904 1 0
0.999998150843123 7 1
0.9999974574092942 10 1
0.9999937590955403 26 1
0.9999916787940538 35 1
0.9999900607817865 42 1
0.9999872870464711 54 1
0.9999840510219365 68 1
0.9999801215635731 85 1
0.9999748052375519 108 1
0.9999683331884827 136 1
0.9999537710780769 199 1
0.9999276517371904 310 3
0.9999202551096827 339 6
0.9999202551096827 338 7
0.9998976029379405 434 9
0.9998710213078347 548 10
0.9998442085331193 663 11
0.9998183203368424 770 16
0.9997917387067367 880 21
0.9997713979810905 961 28
0.9997270182160444 1142 39
0.9997270182160444 1142 39
0.9996955825491367 1276 41
0.9996590617008175 1428 47
0.9996132950681137 1619 54
0.999583708558083 1742 59
0.9995404845160849 1921 67
0.999514596319808 2031 69
0.9994801557729753 2174 75
0.9994156664268926 2449 79
0.9993638900343389 2670 82
0.9993125759310043 2883 91
0.9992524783325043 3132 102
0.9992141083273082 3284 116
0.9991974659154159 3317 155
0.9991738891652351 3407 167
0.9991329765693332 3573 178
0.9990717232477851 3809 207
0.9990268811935198 3972 238
0.999012319083114 4013 260
0.9989674770288487 4176 291
0.9989233284084121 4318 340
0.9988856518370449 4449 372
0.9988059069467277 4749 417
0.9987661500738738 4865 473
0.9987199211519507 5041 497
0.9986642153010334 5276 503
0.9986082783055066 5399 622
0.9986082783055066 5399 622
0.998525759679874 5673 705
0.9984901634099932 5768 764
0.9984467082233855 5906 814
0.9983611847178279 6252 838
0.9983611847178279 6252 838
0.9983364522445991 6356 841
0.9982610991018646 6490 1033
0.9982130210230645 6654 1077
0.9981813542115473 6757 1111
0.998134663000405 6953 1117
0.9980856603431665 3544 4738
0.9980472903379703 3517 4931
0.9980084580435551 3680 4936
0.9979698568937493 2510 6273
0.9979326426116012 2621 6323
0.9978924234495282 2778 6340
0.9978577517580859 2922 6346
0.9978159145837455 3100 6349
0.9977796248800359 3250 6356
0.9977518875268822 3366 6360
0.9977192961369263 3392 6475
0.9976938702298687 3496 6481
0.9976617411291322 3580 6536
0.9976268382930803 3697 6570
0.9975551834640995 3999 6578
0.9974745139953438 4341 6585
0.9974151098306727 4594 6589
0.9973540876537342 4755 6692
0.9972891360184324 4034 7694
0.9971959847407574 4432 7699
0.9971035268969114 4665 7866
0.9969909594720288 3274 9744
0.9968881001207499 3613 9850
0.9968016520367539 3979 9858
0.9967420167274731 4229 9866
0.9966232083981309 4733 9876
0.9965226604929482 5062 9982
0.9964258109015195 5374 10089
0.9963007616677176 5500 10504
0.9962034497870695 5814 10611
0.9961042887495446 6055 10799
0.9960166849425005 6269 10964
0.9958650540785928 6499 11390
0.995703946285691 7191 11395
0.9955594809046815 5031 14180
0.9953634702757278 5871 14188
0.9950493447512606 7215 14203
0.9950484201728222 7208 14214
0.99492360208363 7731 14231
0.9947768252565243 8353 14244
0.9946025422208744 9094 14257
0.9943891957461996 9430 14844
0.9941700706562843 10370 14852
0.9939833058117151 11170 14860
0.9938164194035729 11567 15185
0.9936865161329692 12084 15230
0.9935210165924847 12689 15341
0.993288253970602 13673 15364
0.9930876204494561 14060 15845
0.9929135685584158 14696 15962
0.9926759518997313 15612 16074
0.9924219239737642 16570 16215
0.9922450983474085 17174 16376
0.9920340633188298 17873 16590
0.9918551573909876 18125 17112
0.9916799497768992 18352 17643
0.9914515789025994 18502 18481
0.991182064287788 19416 18733
0.9909081579253939 20528 18806
0.9906869525339921 20766 19525
0.9904650537087615 20963 20288
0.9902419991604828 20940 21276
0.9900013776218733 20968 22289
0.9897528971665369 21269 23063
0.9894521780294275 21685 23948
0.98909621533062 22322 24851
0.9888828688559451 22469 25627
0.9886177459887164 22844 26399
0.9883565525798512 23531 26842
0.9881173179088995 23850 27558
0.9879201515568976 23696 28565
0.987641160013092 23890 29578
0.9874197234770806 24135 30291
0.9872516813458904 23919 31234
0.9870776294548501 23604 32302
0.9868670567154906 23780 33037
0.986595230654583 24039 33954
0.9863939036996081 24161 34703
0.9860629046186391 24871 35425
0.9857980128960201 25034 36408
0.9856174889559105 24693 37530
0.985375711694253 24579 38690
0.9851625963641878 24576 39615
0.9849164273549476 24669 40587
0.9846559273799111 24853 41530
0.9844086026476229 24944 42509
0.9841767646041787 24866 43590
0.9839530166220711 24572 44852
0.9837664829221117 23886 46345
0.9834921142704983 24186 47232
0.9832281471263178 24294 48266
0.9829759683572276 24558 49093
0.9827815757405411 24105 50387
0.9825730833026681 24220 51174
0.9823257585703798 24119 52345
0.9821147235418011 24077 53300
0.9818676299541225 24514 53932
0.9816466557073302 24782 54620
0.9813547200653862 25062 55603
0.9810600106881268 25172 56768
0.9809206304885287 24910 57633
0.9808635377699538 23790 59000
0.9806407143662846 23653 60101
0.9806173687607136 22837 61018
0.9804932441053502 22811 61581
0.9802417587700888 23074 62406
0.9799135334244351 23588 63312
0.9797783138278102 23394 64091
0.9795712082575949 23703 64678
0.9794091758862546 23555 65527
0.979201145737601 24038 65944
0.979052750898228 24056 66568
0.9788879447915723 24235 67102
0.9787196715157724 24323 67742
0.9785077119087552 24807 68175
0.9783759594812745 24560 68992
0.9782529905489592 24567 69517
0.9780611405229785 24670 70244
0.977903499899221 24791 70805
0.9777396183710038 25007 71298
0.9775690336491077 25296 71747
0.9774453712829635 25232 72346
0.9772537524015925 25549 72858
0.9771069755744868 25507 73535
0.9769514152522157 25385 74330
0.9768092613173024 25332 74998
0.9766449174998659 25410 75631
0.9764821916946969 25472 76273
0.9763760963188834 25249 76955
0.976230937504045 25053 77779
0.9760843918215489 24481 78985
0.9759290626438876 24044 80094
0.9757577844881626 23557 81322
0.9755908980800204 23164 82437
0.9754517490250321 22581 83622
0.9753114442469956 22218 84592
0.9752018817020379 21681 85603
0.9750386936076496 21262 86728
0.9748685711749727 20935 87791
0.974705614225194 20962 88469
0.9745491293244845 20989 89119
0.9744458076839865 21000 89555
0.9742789212758443 21234 90043
0.9741457819807059 21287 90566
0.9739742726803714 21162 91433
0.9738016076569888 21052 92290
0.9736582979990274 20784 93178
0.9734985770737832 21044 93609
0.9733522625358968 21054 94232
0.9732059479980103 21066 94853
0.9730480762296431 21212 95390
0.9728867372921316 21242 96058
0.9727124542564818 21200 96854
0.9725305434487146 21405 97436
0.972339849145782 21632 98034
0.9721902985833609 21658 98655
0.972077268869259 21625 99177
0.9719630834321091 21488 99808
0.9717707711169092 21690 100438
0.9715962569366497 21683 101200
0.9714541030017364 21666 101832
0.9713133359344807 21202 102905
0.9711658656735461 21140 103605
0.9710650866237539 21062 104119
0.9709361079315886 21126 104613
0.9707752312832963 21113 105322
0.9705921647524811 21217 106010
0.970444463346937 21259 106607
0.9702944504952967 21325 107190
0.9701361164377102 21336 107864
0.9700087557578122 21403 108348
0.9698536577247604 21332 109090
0.9696629634218278 21193 110054
0.9694785100233548 21025 111020
0.9692885091542511 20810 112057
0.9691195424446224 20346 113252
0.9689489577227264 19996 114340
0.9688151249937591 19630 115285
0.9686586400930496 19482 116110
0.9685587856216958 19073 116951
0.9684332740986747 18733 117834
0.9681575185794037 19000 118760
0.9679850847006307 18902 119604
0.9677490860542136 18959 120568
0.967563245788083 18812 121519
0.9673388043721465 18778 122524
0.967069983191164 18819 123646
0.9668649579224353 18452 124900
0.9666049202366181 18392 126085
0.9664126079214183 18171 127138
0.9661019495660953 18410 128243
0.9658675689319455 18040 129627
0.965623942513411 17586 131135
0.9653669097075188 17171 132662
0.9650765920778421 16852 134237
0.9647992185463038 16609 135680
0.9645015042891194 16271 137306
0.9642227438899234 15864 138919
0.96402049235651 15681 139977
0.9637264764130794 15937 140993
0.9633561827484758 16174 142358
0.962950523958601 16293 143994
0.9626137462623917 16668 145076
0.9622187201245592 17542 145911
0.9619237796026902 18053 146676
0.9616748368581345 18265 147541
0.9613269642206635 18695 148616
0.9608582029523639 19649 149690
0.9604236510862872 19682 151537
0.959871677758526 20402 153205
0.9593400451564109 21487 154420
0.9589212111237881 21636 156083
0.9585719516186595 21688 157542
0.9581244556544444 22055 159111
0.9577058527664312 22843 160134
0.9571402419067027 24249 161175
0.9565958963510587 25400 162379
0.9559473045764784 26613 163972
0.9553874723319903 27546 165461
0.9550148672212905 27903 166716
0.9544675167857215 28721 168266
0.9537833287412604 29908 170039
0.9530094565882686 31576 171719
0.9523125555902786 32636 173674
0.9515557881383983 34312 175272
0.9509189847389083 35265 177074
0.9505262700471719 35490 178548
0.9497949285023494 37142 180060
0.9490878571415363 38457 181804
0.9482989605889195 39914 183760
0.9476087627846084 41155 185505
0.9471316803103625 41403 187321
0.9465230765532455 41551 189806
0.9459803490098689 42261 191444
0.9449230935654889 44582 193697
0.9438910328835567 46168 196576
0.9429558217930535 47630 199160
0.9422755632069558 47741 201992
0.9418061085048273 47967 203797
0.941350291334666 47780 205956
0.9407738166782855 48345 207885
0.9399555647602476 49445 210325
0.9387568488147829 52053 212903
0.9378010658540239 52114 216977
0.9368889692244821 53313 219724
0.9360256441075692 54822 221950
0.9354653495738618 55597 223599
0.9349667706509217 56020 225333
0.9341022898109607 56897 228196
0.9333360454300862 56673 231735
0.9326710423882231 55932 235353
0.9321377917738407 54608 238984
0.9315190176539007 54577 241692
0.9311145145870741 54233 243786
0.9308043185209703 53405 245956
0.9303020412842764 53513 248021
0.9297835839249095 52413 251364
0.9293270733209194 50593 255159
0.9288553071726946 49310 258483
0.9283796115661065 48220 261631
0.9280576271249124 47086 264158
0.927846360951724 45769 266389
0.9274589625860089 45202 268632
0.9270969901273515 43690 271710
0.9267715385170132 41975 274833
0.9264375345561191 40852 277401
0.9261601610245809 39403 280050
0.9259461211160771 38692 281687
0.9257787724187156 37365 283738
0.9255249756373581 36035 286166
0.9252519938534025 34718 288664
0.9249961167705585 33608 290881
0.9247654344501625 32215 293272
0.9245396061665684 30885 295579
0.9243946784963396 29309 297782
0.9242645440811262 27738 299916
0.9240745432120224 25295 303181
0.9238685933648553 23207 306160
0.9237049429812477 20893 309182
0.9234946013864979 18756 312229
0.9233311821474999 16775 314917
0.9232186147226172 14760 317419
0.9231030424178096 13254 319425
0.9229708277011097 12799 320452
0.9228543308178636 12035 321720
0.922690680434256 11337 323126
0.922488197756233 10833 324506
0.9223268588187216 10489 325548
0.9222149848276678 10111 326410
0.9220841569786256 9892 327195
0.9219181951489218 9795 328010
0.9217110895787066 9629 329072
0.921553448954949 9417 329966
0.9214614534003222 9125 330656
0.9213079733795376 9123 331322
