1.0 0 0
1.0 0 0
1.0 0 0
1.0 0 0
1.0 0 0
1.0 0 0
1.0 0 0
0.9999998600919783 1 0
0.9999998600919783 1 0
0.9999998600919783 1 0
0.9999993004598916 5 0
0.9999993004598916 5 0
0.99999916055187 6 0
0.99999916055187 6 0
0.99999916055187 6 0
0.9999988807358267 8 0
0.9999987408278049 9 0
0.9999984610117616 11 0
0.9999984610117616 11 0
0.9999981811957183 13 0
0.99999748165561 17 1
0.9999969220235233 21 1
0.9999969220235233 21 1
0.9999962224834149 25 2
0.9999948234031982 34 3
0.9999942637711116 38 3
0.9999927247828733 48 4
0.9999921651507866 52 4
0.9999917454267215 55 4
0.9999910458866133 60 4
0.9999909059785915 61 4
0.9999903463465049 65 4
0.9999892270823315 72 5
0.9999871284620065 83 9
0.9999865688299199 81 15
0.9999854495657465 89 15
0.9999841903935515 96 17
0.9999839105775081 95 20
0.9999833509454215 99 20
0.9999826514053132 101 23
0.9999819518652048 105 24
0.9999813922331181 109 24
0.9999812523250964 106 28
0.9999794335208148 119 28
0.9999777546245547 130 29
0.9999774748085114 130 31
0.9999756560042297 136 38
0.999972158303688 161 38
0.999971738579623 159 43
0.9999711789475363 157 49
0.999970899131493 154 54
0.999970899131493 147 61
0.9999701995913847 142 71
0.9999701995913847 137 76
0.999968800511168 136 87
0.9999681009710596 134 94
0.9999681009710596 134 94
0.9999681009710596 126 102
0.9999665619828213 128 111
0.9999665619828213 128 111
0.9999627844662362 143 123
0.9999534106287844 208 125
0.9999482340319827 241 129
0.9999445964234193 260 136
0.9999419381710076 275 140
0.9999396996426609 286 145
0.9999384404704659 288 152
0.9999353624939892 304 158
0.9999212317838007 401 162
0.9999036033730705 524 165
0.9999002455805505 538 175
0.9998987065923121 544 180
0.9998968877880304 554 183
0.9998964680639654 547 193
0.999894509351662 559 195
0.9998938098115537 555 204
0.999891151559142 569 209
0.9998900322949686 573 213
0.9998897524789253 558 230
0.9998840162500369 588 241
0.9998834566179502 580 253
0.9998830368938852 569 267
0.9998827570778419 563 275
0.9998810781815819 541 309
0.9998793992853219 544 318
0.9998789795612568 510 355
0.9998773006649968 484 393
0.9998763213088452 481 403
0.9998740827804985 487 413
0.9998717043441301 493 424
0.9998651286671116 487 477
0.9998620506906349 498 488
0.99986079151844 496 499
0.99985827317405 504 509
0.9998502984168148 548 522
0.9998480598884681 564 522
0.9998479199804464 560 527
0.9998475002563815 547 543
0.9998412043954064 549 586
0.9998398053151897 531 614
0.9998339291782796 572 615
0.9998318305579545 572 630
0.9998279131333478 595 635
0.9998245553408278 610 644
0.9998235759846762 603 658
0.9998196585600695 628 661
0.9998186792039178 611 685
0.999817699847766 591 712
0.9998170003076577 584 724
0.999813922331181 600 730
0.999813082883051 582 754
0.9998094452744877 558 804
0.9998070668381193 495 884
0.9998052480338376 476 916
0.9998010507931876 483 939
0.9997862205428907 571 957
0.9997804843140022 580 989
0.9997606173749254 685 1026
0.99972829862192 882 1060
0.9997024156379113 1047 1080
0.9996934615245245 1095 1096
0.9996892642838745 1115 1106
0.9996838078710294 1139 1121
0.9996777918260977 1176 1127
0.9996713560571009 1217 1132
0.9996663193683208 1231 1154
0.9996604432314108 1241 1186
0.9996563858987825 1256 1200
0.9996499501297856 1289 1213
0.9996426749126589 1322 1232
0.9996309226388388 1389 1249
0.9996172116527152 1460 1276
0.9996054593788951 1538 1282
0.9995875511521216 1651 1297
0.9995830740954282 1662 1318
0.9995699227413913 1741 1333
0.9995525741467045 1835 1363
0.9995324273915842 1936 1406
0.9995163379690923 1948 1509
0.9994922737893654 1957 1672
0.9994794022513719 1772 1949
0.9994756247347869 1544 2204
0.9994659710812918 1475 2342
0.9994403679133265 1573 2427
0.9994245583068779 1590 2523
0.9994090285164727 1590 2634
0.9993944780822192 1609 2719
0.9993782487517057 1609 2835
0.9993636983174521 1600 2948
0.9993460699067219 1590 3084
0.9993192075665616 1651 3215
0.9992714989311726 1910 3297
0.9992531709803341 1741 3597
0.9992326045011488 1647 3838
0.9992103591257036 1626 4018
0.9991991664839701 1420 4304
0.9991812582571965 1148 4704
0.9991521573886896 1160 4900
0.999108086361864 1335 5040
0.9990894785949821 1316 5192
0.9990619167147134 1452 5253
0.9990336552943364 1610 5297
0.9989879053712508 1876 5358
0.9989480315850754 2107 5412
0.9988782174822628 2541 5477
0.9988263116062238 2776 5613
0.9987377498285077 3257 5765
0.9986875228487287 3413 5968
0.9986301605598448 3619 6172
0.9985820322003908 3780 6355
0.998516135522185 4043 6563
0.9984424039947658 4386 6747
0.9983467069079446 4864 6953
0.998246113040365 5347 7189
0.9981848333268742 5585 7389
0.9981485971492622 5611 7622
0.9980969710892665 5734 7868
0.9980093886677021 6114 8114
0.9979192879017477 6491 8381
0.9978608063486902 6677 8613
0.9977792399720575 6998 8875
0.9976951552510349 7326 9148
0.9976068732893622 7651 9454
0.9975289445212928 7915 9747
0.9974343666986449 8269 10069
0.9973224402813102 8799 10339
0.9972075757955206 9335 10624
0.9971103397204609 9733 10921
0.9969400716580905 10649 11222
0.9968540282247644 10918 11568
0.996732727969978 11380 11973
0.9966122671633215 11831 12383
0.9964986618497268 12243 12783
0.9964140174966174 12417 13214
0.9962907585295275 12835 13677
0.9961771532159328 13131 14193
0.9961081785612502 13004 14813
0.9960312291493326 13014 15353
0.9959009747811594 13485 15813
0.9957441378888691 14113 16306
0.9956470417218313 14216 16897
0.9955051749878595 14595 17532
0.9953809366646179 14844 18171
0.9953102831136754 14744 18776
0.9952067511776408 14955 19305
0.9951272834213332 14866 19962
0.9950233317612335 14977 20594
0.9949067883791838 15159 21245
0.9947917839853724 15348 21878
0.9946944080022911 15383 22539
0.9945877980897798 15462 23222
0.9944831468895718 15551 23881
0.9943895484230757 15512 24589
0.9942976288528396 15452 25306
0.9941519846022827 15763 26036
0.9940281660031063 15991 26693
0.993920716642465 16027 27425
0.993818583786647 16050 28132
0.9937440128110977 15881 28834
0.9936136185349028 16135 29512
0.9935033710138281 16176 30259
0.9933801120467383 16328 30988
0.9932459402539583 16587 31688
0.9931475849147253 16562 32416
0.9930500690236225 16508 33167
0.9929564705571263 16497 33847
0.9928371290146432 16764 34433
0.9927464686166021 16793 35052
0.9926413976923291 17019 35577
0.9925174391851309 17390 36092
0.9924428682095816 17312 36703
0.9923436734222187 17468 37256
0.9922418203824441 17582 37870
0.9921549375009882 17675 38398
0.9920505661168235 17896 38923
0.9919516511455039 18077 39449
0.991849098565621 18184 40075
0.991739410676633 18536 40507
0.9916623213566936 18550 41044
0.9915902687255345 18529 41580
0.991527589931827 18462 42095
0.9914250373519441 18643 42647
0.9913187072554761 18877 43173
0.9912423174756452 18872 43724
0.9911599116508825 18881 44304
0.9910835218710515 18910 44821
0.9910240609618425 18721 45435
0.990958024375615 18664 45964
0.9908698823219639 18681 46577
0.9907971301506964 18522 47256
0.9906987748114634 18543 47938
0.990634417121496 18308 48633
0.9905437567234548 18277 49312
0.9904935297436759 18009 49939
0.99041672023978 17942 50555
0.9903315162545839 18029 51077
0.9902549865667313 18065 51588
0.9901515945387184 18322 52070
0.9900574364401356 18531 52534
0.9899862232571063 18612 52962
0.9899127715457304 18721 53378
0.9898067212653058 19062 53795
0.9896973131923611 19407 54232
0.989577551925813 19799 54696
0.9894987837096136 19909 55149
0.9893869972003005 20217 55640
0.9893003941348878 20328 56148
0.9892170089539735 20361 56711
0.989102424284227 20683 57208
0.9889643350668403 21162 57716
0.9888749338409942 21303 58214
0.988746358369081 21725 58711
0.9886491222940215 21904 59227
0.9885406935772285 22216 59690
0.9884682212220043 22215 60209
0.9883206182591441 22759 60720
0.9881802905134107 23234 61248
0.9880410820318506 23595 61882
0.9878980960337055 24042 62457
0.9877982017062343 24097 63116
0.9876992867349147 24119 63801
0.987586940593515 24248 64475
0.9874892847943905 24291 65130
0.9873878514786809 24354 65792
0.9872742461650862 24517 66441
0.9871126524000592 25010 67103
0.9870007259827245 25124 67789
0.9869071275162283 25086 68496
0.9868174464743389 25010 69213
0.9866593504098535 25409 69944
0.9865395891433054 25537 70672
0.986425004473559 25645 71383
0.9862476011020834 26145 72151
0.986127140295427 26142 73015
0.9860387184257325 25894 73895
0.9859235741238994 25788 74824
0.9857931798477045 25778 75766
0.9856774759137847 25660 76711
0.9855434440290264 25666 77663
0.9854652354449138 26225 77663
0.9854269006469767 24629 79533
0.9853905245613429 23972 80450
0.9852573321247146 24001 81373
0.9851507222122032 23819 82317
0.9850357178183918 23682 83276
0.9848994474052868 23693 84239
0.9848411057602511 24110 84239
0.9847894797002554 22559 86159
0.9847398123525631 21944 87129
0.9846329226240085 21732 88105
0.9844987508312285 21689 89107
0.9843731134277703 21610 90084
0.9842105403065916 21780 91076
0.984051324977933 21976 92018
0.9839069398995712 22092 92934
0.9838080249282517 21885 93848
0.9836958186948737 21791 94744
0.9835482157320135 21895 95695
0.9834080278943017 22001 96591
0.9832614042875932 22191 97449
0.9831006499706962 22495 98294
0.9829804689800831 22466 99182
0.9829088360729888 22067 100093
0.9828489554397148 21605 100983
0.9827410863550085 21521 101838
0.9825888664274333 21806 102641
0.9824390249362265 22100 103418
0.9823198233017649 22186 104184
0.9822203486983587 22130 104951
0.982140461217986 21952 105700
0.9820405668905149 21923 106443
0.9818967414442398 22173 107221
0.9817891521755767 22142 108021
0.9816836615272387 22127 108790
0.9815480906542421 22310 109576
0.9814554715438976 22210 110338
0.9813604739971847 22083 111144
0.9812829649531805 21821 111960
0.9811848894299909 21691 112791
0.9810803781378047 21632 113597
0.9809692911686 21577 114446
0.9808479909138135 21611 115279
0.9807482364943638 21430 116173
0.9806761838632047 21034 117084
0.9805604799292849 20942 118003
0.9804382003183467 20897 118922
0.980301370273155 20970 119827
0.9801645402279633 21029 120746
0.9800493959261303 20944 121654
0.9799311736478205 20854 122589
0.9798473687428411 20495 123547
0.9797000455960243 20600 124495
0.979543208703734 20752 125464
0.9793981240852638 20969 126284
0.9792065900035999 21509 127113
0.979058007684588 21630 128054
0.9789115239859012 21719 129012
0.9787734347685145 21734 129984
0.9786419212281462 21759 130899
0.9784835453476176 21958 131832
0.9783276878114789 22154 132750
0.9781479060036351 22523 133666
0.9779500760609959 22990 134613
0.9778194019687577 22925 135612
