0 0
0 0
0 0
0 0
0 0
0 0
0 0
1 0
1 0
1 0
5 0
5 0
6 0
6 0
6 0
8 0
9 0
11 0
11 0
13 0
17 1
21 1
21 1
25 2
34 3
38 3
48 4
52 4
55 4
60 4
61 4
65 4
72 5
83 9
81 15
89 15
96 17
95 20
99 20
101 23
105 24
109 24
106 28
119 28
130 29
130 31
136 38
161 38
159 43
157 49
154 54
147 61
142 71
137 76
136 87
134 94
134 94
126 102
128 111
128 111
143 123
208 125
241 129
260 136
275 140
286 145
288 152
304 158
401 162
524 165
538 175
544 180
554 183
547 193
559 195
555 204
569 209
573 213
558 230
588 241
580 253
569 267
563 275
541 309
544 318
510 355
484 393
481 403
487 413
493 424
487 477
498 488
496 499
504 509
548 522
564 522
560 527
547 543
549 586
531 614
572 615
572 630
595 635
610 644
603 658
628 661
611 685
591 712
584 724
600 730
582 754
558 804
495 884
476 916
483 939
571 957
580 989
685 1026
882 1060
1047 1080
1095 1096
1115 1106
1139 1121
1176 1127
1217 1132
1231 1154
1241 1186
1256 1200
1289 1213
1322 1232
1389 1249
1460 1276
1538 1282
1651 1297
1662 1318
1741 1333
1835 1363
1936 1406
1948 1509
1957 1672
1772 1949
1544 2204
1475 2342
1573 2427
1590 2523
1590 2634
1609 2719
1609 2835
1600 2948
1590 3084
1651 3215
1910 3297
1741 3597
1647 3838
1626 4018
1420 4304
1148 4704
1160 4900
1335 5040
1316 5192
1452 5253
1610 5297
1876 5358
2107 5412
2541 5477
2776 5613
3257 5765
3413 5968
3619 6172
3780 6355
4043 6563
4386 6747
4864 6953
5347 7189
5585 7389
5611 7622
5734 7868
6114 8114
6491 8381
6677 8613
6998 8875
7326 9148
7651 9454
7915 9747
8269 10069
8799 10339
9335 10624
9733 10921
10649 11222
10918 11568
11380 11973
11831 12383
12243 12783
12417 13214
12835 13677
13131 14193
13004 14813
13014 15353
13485 15813
14113 16306
14216 16897
14595 17532
14844 18171
14744 18776
14955 19305
14866 19962
14977 20594
15159 21245
15348 21878
15383 22539
15462 23222
15551 23881
15512 24589
15452 25306
15763 26036
15991 26693
16027 27425
16050 28132
15881 28834
16135 29512
16176 30259
16328 30988
16587 31688
16562 32416
16508 33167
16497 33847
16764 34433
16793 35052
17019 35577
17390 36092
17312 36703
17468 37256
17582 37870
17675 38398
17896 38923
18077 39449
18184 40075
18536 40507
18550 41044
18529 41580
18462 42095
18643 42647
18877 43173
18872 43724
18881 44304
18910 44821
18721 45435
18664 45964
18681 46577
18522 47256
18543 47938
18308 48633
18277 49312
18009 49939
17942 50555
18029 51077
18065 51588
18322 52070
18531 52534
18612 52962
18721 53378
19062 53795
19407 54232
19799 54696
19909 55149
20217 55640
20328 56148
20361 56711
20683 57208
21162 57716
21303 58214
21725 58711
21904 59227
22216 59690
22215 60209
22759 60720
23234 61248
23595 61882
24042 62457
24097 63116
24119 63801
24248 64475
24291 65130
24354 65792
24517 66441
25010 67103
25124 67789
25086 68496
25010 69213
25409 69944
25537 70672
25645 71383
26145 72151
26142 73015
25894 73895
25788 74824
25778 75766
25660 76711
25666 77663
26225 77663
24629 79533
23972 80450
24001 81373
23819 82317
23682 83276
23693 84239
24110 84239
22559 86159
21944 87129
21732 88105
21689 89107
21610 90084
21780 91076
21976 92018
22092 92934
21885 93848
21791 94744
21895 95695
22001 96591
22191 97449
22495 98294
22466 99182
22067 100093
21605 100983
21521 101838
21806 102641
22100 103418
22186 104184
22130 104951
21952 105700
21923 106443
22173 107221
22142 108021
22127 108790
22310 109576
22210 110338
22083 111144
21821 111960
21691 112791
21632 113597
21577 114446
21611 115279
21430 116173
21034 117084
20942 118003
20897 118922
20970 119827
21029 120746
20944 121654
20854 122589
20495 123547
20600 124495
20752 125464
20969 126284
21509 127113
21630 128054
21719 129012
21734 129984
21759 130899
21958 131832
22154 132750
22523 133666
22990 134613
22925 135612
