0 0
0 0
0 0
0 0
0 0
1 0
1 0
6 0
7 0
11 0
11 0
15 0
28 0
38 0
43 0
86 0
116 1
144 1
233 1
230 4
312 6
357 6
389 6
408 8
470 10
557 23
608 27
639 32
818 34
873 77
641 424
891 432
822 592
997 598
759 987
1209 1072
1472 1089
1546 1408
2888 1454
3680 1576
4159 1738
4928 1920
5528 1991
6926 2858
7204 3099
8113 3362
6097 6394
6648 6841
7388 7032
8417 7211
8912 7413
10371 7466
11693 7557
12920 7994
13518 8130
16834 8497
18701 8816
19492 9207
21157 10033
22951 10980
25520 11456
28206 12253
28900 13634
31092 14836
31601 15771
34332 16857
35757 19060
38511 20015
41121 20726
42955 22060
44069 23238
44455 24367
46678 25381
49813 26493
53186 27418
54956 29539
57746 30795
61004 31269
61838 33095
60045 39438
59028 44992
62034 46735
63606 48092
64466 51288
66708 53251
69401 54578
73057 56694
75753 60152
78238 63541
81264 67021
84853 70818
92762 71714
96898 73141
104141 74024
101701 77213
101939 81259
103024 84376
103726 88032
104831 91684
104569 95127
105069 98667
104889 103934
106271 108517
101567 113221
102717 118032
107469 122267
106723 126269
104895 132261
105029 135879
105737 138651
104745 143180
100460 150878
104924 150012
103904 153543
103969 156841
104514 160175
108616 159986
103619 168745
102830 173159
102104 177315
101702 180663
101001 184212
100372 188105
99862 192142
99521 196078
99047 200033
98172 204546
97312 208391
97388 211890
97030 215881
97332 219116
97508 222138
96876 225834
97345 228981
97061 233062
98377 235490
98934 238817
97977 243609
98756 246781
98416 251084
98448 255142
99216 258465
99762 262325
100537 266013
97497 273599
98695 277266
98695 277266
90268 285693
98752 290965
99941 295064
101823 298860
97952 302731
104556 302936
101344 306148
115049 313801
115198 317902
117426 322464
120966 326658
124648 330761
128894 334981
124055 339820
132932 345092
137837 345296
138775 350905
126241 363439
134904 363651
136208 380088
130659 385637
134361 391442
138948 396998
140993 400500
145210 404111
150856 407564
159295 407764
168092 407975
158426 426810
167306 427020
158048 442390
164804 442578
163377 450001
164058 457939
163473 466488
164153 475282
162921 484245
151494 500543
147884 509245
147884 509245
142217 527928
148771 528077
147593 536109
137888 552089
139348 552227
129108 567082
135581 567195
134978 575089
126879 589791
132985 589847
132113 597506
129684 604176
126340 611680
118836 625564
124439 625659
130616 625796
123659 639206
129689 639206
129689 639206
108489 668057
114336 668359
126058 668526
104711 689873
110164 689978
108550 696752
105401 703313
102447 709321
91838 722991
95234 723063
93310 728254
88087 733477
89204 738965
84277 745722
76409 756520
74437 761225
77300 761314
79865 766223
77877 771494
73845 777326
72458 781516
66596 787378
66566 793174
57086 802654
54413 808004
57491 808058
50860 817815
48562 822314
51749 822369
49173 830703
49173 830703
48603 834513
50720 837995
43571 845144
45382 845192
41552 850945
40896 854032
43515 854079
43453 856727
42830 859673
37415 865088
37415 865088
44187 867600
41727 872995
41727 872995
43937 873566
38974 881036
41239 881094
37914 885613
39769 885662
39767 888239
39147 891090
39156 893494
41334 893565
36432 900579
35691 902577
37308 902623
33080 906851
36937 906980
38562 909519
33093 914988
34636 915034
32316 918241
32007 920432
29735 922704
33543 922804
35674 924694
33546 928984
33546 928984
34578 929027
30661 932944
31786 935289
27041 940034
30707 940153
28803 943885
29984 943928
28249 945663
29107 947514
30111 949000
28012 951099
28064 952879
28064 952879
29944 955029
29070 957060
25256 960874
28479 960978
24380 965077
22189 967268
28455 967444
28119 969398
25120 973355
26753 973400
24594 975559
26625 977357
26510 979036
24541 981005
22756 984901
21992 986916
21604 988892
26139 988998
26139 988998
26139 988998
21644 996455
22963 996512
20942 998533
21527 1000491
21527 1000491
23777 1002403
21684 1004496
19796 1006384
27041 1008143
28099 1009251
30832 1009399
25630 1014601
39297 1016726
39297 1016726
43725 1016842
37071 1023496
37071 1023496
44803 1028411
40661 1032553
50124 1032783
41117 1041790
46582 1047356
41880 1052058
44396 1062843
39012 1068227
45578 1068392
45844 1073841
52546 1080476
45163 1093076
45163 1093076
44390 1098326
47670 1110667
47670 1110667
46853 1118199
44469 1128576
55350 1131348
49817 1136881
42656 1154122
42656 1154122
42728 1160774
38341 1173968
46570 1174178
54183 1181115
45254 1193247
45254 1193247
44717 1200012
51421 1200716
54162 1207642
55185 1214338
54974 1228335
54974 1228335
52499 1234258
51495 1242002
58601 1242198
51860 1264503
51569 1272294
