1.0 0 0
1.0 0 0
1.0 0 0
1.0 0 0
1.0 0 0
0.9999999697430071 1 0
0.9999999697430071 1 0
0.9999998184580425 6 0
0.9999997882010496 7 0
0.999999667173078 11 0
0.999999667173078 11 0
0.9999995461451063 15 0
0.9999991528041985 28 0
0.9999988502342693 38 0
0.9999986989493047 43 0
0.9999973978986095 86 0
0.9999964599318292 116 1
0.9999956127360277 144 1
0.9999929198636583 233 1
0.9999929198636583 230 4
0.9999903782762537 312 6
0.9999890167115726 357 6
0.9999880484877993 389 6
0.9999874130909482 408 8
0.9999854766434018 470 10
0.9999824509441104 557 23
0.9999807868095002 608 27
0.9999796975577554 639 32
0.9999742210420381 818 34
0.9999712558567326 873 77
0.9999677763025476 641 424
0.9999599699983761 891 432
0.999957216612021 822 592
0.9999517400963037 997 598
0.9999471712903739 759 987
0.9999309837991655 1209 1072
0.9999225118411498 1472 1089
0.999910620842935 1546 1408
0.9998686241367718 2888 1454
0.9998409692452493 3680 1576
0.9998215745127921 4159 1738
0.9997928001125318 4928 1920
0.9997724976702872 5528 1991
0.9997039655813392 6926 2858
0.9996882622020175 7204 3099
0.9996528010063234 8113 3362
0.9996220599015238 6097 6394
0.9995918634225966 6648 6841
0.9995636941621946 7388 7032
0.9995271437147557 8417 7211
0.9995060545906953 8912 7413
0.9994603060174109 10371 7466
0.9994175528864249 11693 7557
0.9993672052502176 12920 7994
0.9993449966174195 13518 8130
0.999233560112521 16834 8497
0.9991674183260131 18701 8816
0.99913165456039 19492 9207
0.9990562843910437 21157 10033
0.9989733499734692 22951 10980
0.9988812174300491 25520 11456
0.9987758323237331 28206 12253
0.9987130490634386 28900 13634
0.998610356829492 31092 14836
0.9985666657317256 31601 15771
0.9984511747897766 34332 16857
0.9983414024194883 35757 19060
0.998229179232774 38511 20015
0.99812869575931 41121 20726
0.9980328416057616 42955 22060
0.997963492578005 44069 23238
0.9979176532337418 44455 24367
0.9978197113476824 46678 25381
0.997691209898781 49813 26493
0.9975611653432409 53186 27418
0.9974434353838164 54956 29539
0.9973210155904905 57746 30795
0.9972080964929392 61004 31269
0.9971276128917906 61838 33095
0.9969899435740365 60045 39438
0.9968526675971903 59028 44992
0.9967089771378465 62034 46735
0.9966203544056043 63606 48092
0.9964976320423491 64466 51288
0.9963704013871499 66708 53251
0.9962487682756398 69401 54578
0.996074124912546 73057 56694
0.9958879233781593 75753 60152
0.9957101938017885 78238 63541
0.9955133418058965 81264 67021
0.9952898636562411 84853 70818
0.9950234508336422 92762 71714
0.9948551311820671 96898 73141
0.9946092628576562 104141 74024
0.9945866003699644 101701 77213
0.9944569794123251 101939 81259
0.9943298395281047 103024 84376
0.9941979795529898 103726 88032
0.9940540470377027 104831 91684
0.9939577995432465 104569 95127
0.993835561291878 105069 98667
0.9936816439689296 104889 103934
0.9935011610062036 106271 108517
0.9935011610062036 101567 113221
0.9933207990714492 102717 118032
0.9930488794761401 107469 122267
0.9929503627072154 106723 126269
0.9928243725887257 104895 132261
0.9927108483513162 105029 135879
0.9926055540159789 105737 138651
0.9924985350320457 104745 143180
0.9923952679152336 100460 150878
0.9922864032547326 104924 150012
0.992210427945528 103904 153543
0.9921086736783616 103969 156841
0.9919913068028522 104514 160175
0.9918729111895837 108616 159986
0.9917590843822449 103619 168745
0.9916494027829353 102830 173159
0.9915456212972438 102104 177315
0.9914564841961221 101702 180663
0.9913703122803059 101001 184212
0.9912715534554378 100372 188105
0.9911648370414338 99862 192142
0.9910560631519115 99521 196078
0.9909507385595814 99047 200033
0.9908406636193638 98172 204546
0.9907503464955186 97312 208391
0.9906421777458546 97388 211890
0.9905322540906017 97030 215881
0.9904252351066685 97332 219116
0.9903284732433327 97508 222138
0.9902357658170473 96876 225834
0.9901263565306739 97345 228981
0.9900114707285832 97061 233062
0.989898188547117 98377 235490
0.989780670386643 98934 238817
0.9896646348188216 97977 243609
0.9895450894398223 98756 246781
0.9894251809769081 98416 251084
0.989301429875894 98448 255142
0.9891776485178869 99216 258465
0.9890443362071123 99762 262325
0.9889092992477415 100537 266013
0.9887717509579591 97497 273599
0.9886245506874374 98695 277266
0.9886245506874374 98695 277266
0.9886245506874374 90268 285693
0.9882083354929262 98752 290965
0.9880483365144023 99941 295064
0.9878765373086423 101823 298860
0.9878765373086423 97952 302731
0.9876705174438977 104556 302936
0.9876705174438977 101344 306148
0.9870242885892619 115049 313801
0.9868956963693817 115198 317902
0.9866902513875024 117426 322464
0.9864562438043134 120966 326658
0.9862206931144857 124648 330761
0.9859645374124842 128894 334981
0.9859645374124842 124055 339820
0.9855364312197583 132932 345092
0.9853818482429658 137837 345296
0.9851837557103644 138775 350905
0.9851837557103644 126241 363439
0.9849152248982617 134904 363651
0.9843784355869921 136208 380088
0.9843784355869921 130659 385637
0.9840907823553683 134361 391442
0.9837838856762519 138948 396998
0.9836160501365634 140993 400500
0.9833791983960405 145210 404111
0.9831038900175252 150856 407564
0.9828424998557498 159295 407764
0.9825699448635895 168092 407975
0.9822925184955703 158426 426810
0.9820174824299911 167306 427020
0.9818325516893069 158048 442390
0.981622447130519 164804 442578
0.9814410262010127 163377 450001
0.9811802411790956 164058 457939
0.9809392744875366 163473 466488
0.9806526197366788 164153 475282
0.9804187029244684 162921 484245
0.9802713211119892 151494 500543
0.9801172525040763 147884 509245
0.9801172525040763 147884 509245
0.9797234274843207 142217 527928
0.979520614860825 148771 528077
0.9793132334313993 147593 536109
0.9791233708008702 137888 552089
0.9790750201261953 139348 552227
0.9789353841039018 129108 567082
0.9787361115485768 135581 567195
0.9785155078132481 134978 575089
0.9783157208890436 126879 589791
0.9781292772987138 132985 589847
0.9779239230878133 132113 597506
0.9777956031808692 129684 604176
0.9776697340903512 126340 611680
0.9774766944755663 118836 625564
0.977304290129948 124439 625659
0.9771132474766954 130616 625796
0.9769179991014278 123659 639206
0.9767355494341624 129689 639206
0.9767355494341624 129689 639206
0.9765040531813851 108489 668057
0.9763180029319631 114336 668359
0.9759582775432205 126058 668526
0.9759582775432205 104711 689873
0.9757901091766101 110164 689978
0.9756339830931791 108550 696752
0.9755307462333599 105401 703313
0.9754383413770036 102447 709321
0.9753457247216969 91838 722991
0.9752407934702747 95234 723063
0.9751419438744279 93310 728254
0.9751419438744279 88087 733477
0.9749420964362375 89204 738965
0.9748867261392068 84277 745722
0.9747980731499717 76409 756520
0.9747153807883405 74437 761225
0.9746260621452614 77300 761314
0.9743999213802296 79865 766223
0.9743005876724963 77877 771494
0.9742461250852529 73845 777326
0.9741613147341177 72458 781516
0.9741613147341177 66596 787378
0.9739868529129814 66566 793174
0.9739868529129814 57086 802654
0.9739058549429533 54413 808004
0.9738110900411499 57491 808058
0.9737165066813038 50860 817815
0.9736499110399023 48562 822314
0.9735518178688783 51749 822369
0.9733775981036853 49173 830703
0.9733775981036853 49173 830703
0.9732795654466472 48603 834513
0.9731101565433273 50720 837995
0.9731101565433273 43571 845144
0.9730539087935021 45382 845192
0.9729957245961304 41552 850945
0.9729221698463589 40896 854032
0.9728415047032529 43515 854079
0.9727632601195799 43453 856727
0.972692973125043 42830 859673
0.972692973125043 37415 865088
0.972692973125043 37415 865088
0.9724120672028387 44187 867600
0.9723232629286391 41727 872995
0.9723232629286391 41727 872995
0.972239118231348 43937 873566
0.9721632639501152 38974 881036
0.9720929769555783 41239 881094
0.9720568501060401 37914 885613
0.9719992407915339 39769 885662
0.9719213290347829 39767 888239
0.971853825683594 39147 891090
0.9717808155596949 39156 893494
0.9717127675826336 41334 893565
0.9716488648136014 36432 900579
0.9716108317735097 35691 902577
0.9715605143942954 37308 902623
0.9715605143942954 33080 906851
0.9714399100205442 36937 906980
0.9713139199020545 38562 909519
0.9713139199020545 33093 914988
0.9712658415403157 34636 915034
0.971239003587602 32316 918241
0.9711820599269396 32007 920432
0.9711820599269396 29735 922704
0.9710638155986356 33543 922804
0.9709421522301325 35674 924694
0.9708767366114546 33546 928984
0.9708767366114546 33546 928984
0.9708442103440731 34578 929027
0.9708442103440731 30661 932944
0.9707392185786651 31786 935289
0.9707392185786651 27041 940034
0.9706246958604894 30707 940153
0.9705693860774444 28803 943885
0.9705323515181189 29984 943928
0.9705323515181189 28249 945663
0.9704503853243176 29107 947514
0.9703750454119643 30111 949000
0.9703750454119643 28012 951099
0.9703196146009476 28064 952879
0.9703196146009476 28064 952879
0.9701976789195083 29944 955029
0.970162671578708 29070 957060
0.970162671578708 25256 960874
0.9700620065632863 28479 960978
0.9700620065632863 24380 965077
0.9700620065632863 22189 967268
0.9698670910149408 28455 967444
0.9698181352004076 28119 969398
0.969789149001197 25120 973355
0.969738377767089 26753 973400
0.969738377767089 24594 975559
0.9696225237412252 26625 977357
0.9695752018043092 26510 979036
0.9695752018043092 24541 981005
0.9695113292922699 22756 984901
0.9694734777941357 21992 986916
0.9694254296893898 21604 988892
0.9692850069852806 26139 988998
0.9692850069852806 26139 988998
0.9692850069852806 26139 988998
0.9691953857722724 21644 996455
0.9691537521500241 22963 996512
0.9691537521500241 20942 998533
0.9690768086170464 21527 1000491
0.9690768086170464 21527 1000491
0.9689508790125425 23777 1002403
0.9689508790125425 21684 1004496
0.9689508790125425 19796 1006384
0.9686784450483539 27041 1008143
0.9686129084017043 28099 1009251
0.968525738005122 30832 1009399
0.968525738005122 25630 1014601
0.9680479195730399 39297 1016726
0.9680479195730399 39297 1016726
0.9679104317972433 43725 1016842
0.9679104317972433 37071 1023496
0.9679104317972433 37071 1023496
0.9675277716078726 44803 1028411
0.9675277716078726 40661 1032553
0.967234490575567 50124 1032783
0.967234490575567 41117 1041790
0.9669007256867437 46582 1047356
0.9669007256867437 41880 1052058
0.966498277424008 44396 1062843
0.966498277424008 39012 1068227
0.9662946176047106 45578 1068392
0.9661216988902128 45844 1073841
0.9657181613757322 52546 1080476
0.9655603106437051 45163 1093076
0.9655603106437051 45163 1093076
0.9654248500864336 44390 1098326
0.9649522056001397 47670 1110667
0.9649522056001397 47670 1110667
0.9647490298927289 46853 1118199
0.9645071857483754 44469 1128576
0.9640940870241342 55350 1131348
0.9640940870241342 49817 1136881
0.9637890965355713 42656 1154122
0.9637890965355713 42656 1154122
0.9635856485152243 42728 1160774
0.9633191751786395 38341 1173968
0.9630638364154468 46570 1174178
0.9626235971685627 54183 1181115
0.9625266840202624 45254 1193247
0.9625266840202624 45254 1193247
0.9623382434684002 44717 1200012
0.9621140996649008 51421 1200716
0.9618216053144109 54162 1207642
0.9615880515861155 55185 1214338
0.9611709286818169 54974 1228335
0.9611709286818169 54974 1228335
0.9610666025702529 52499 1234258
0.9608626704380193 51495 1242002
0.9606417338757686 58601 1242198
0.9601708140380707 51860 1264503
0.9599438865912233 51569 1272294
