1 2
1 2
1 2
1 2
1 2
3 2
4 2
8 2
18 2
30 3
46 3
48 4
57 7
101 10
127 13
128 14
170 17
178 24
192 25
204 26
275 32
338 42
412 50
497 55
572 64
634 73
718 85
972 103
1305 113
1426 120
1947 137
2165 146
2475 158
2830 188
2893 201
3030 216
3424 236
3503 261
3592 278
3749 327
3834 361
4024 404
4154 494
4375 557
4593 630
4751 702
4863 797
5004 874
5174 913
5278 981
5418 1041
5508 1091
5571 1139
5797 1184
5953 1239
6008 1286
6216 1363
6334 1443
6453 1505
6631 1581
6877 1611
7109 1663
7201 1727
7402 1821
7547 1938
7639 2045
7840 2164
8040 2303
8033 2430
8064 2546
8151 2643
8361 2725
8493 2857
8595 3023
8749 3127
8825 3266
8927 3378
9054 3459
9158 3560
9262 3680
9447 3774
9588 3846
9648 3949
9737 4040
9918 4117
10123 4196
10371 4298
10639 4410
11069 4519
11972 4662
12466 4758
13220 4866
13699 4939
13968 5029
14621 5127
15150 5232
15309 5317
15905 5435
16362 5533
16826 5648
17239 5753
17810 5922
17974 6201
18281 6506
18612 6780
18888 7042
19070 7350
19126 7655
19310 7928
19593 8206
19951 8508
20600 8800
20990 9062
21362 9320
22197 9628
22435 9860
22947 10122
23667 10406
24137 10666
24525 10930
25227 11211
26015 11499
26803 11708
26858 11947
27983 12353
29087 12743
31015 13239
32845 13488
34178 13695
36457 13902
37627 14127
38324 14590
38813 15409
38679 17580
35036 21970
35483 22062
36260 22590
38183 23083
39593 23408
41464 23840
43160 24296
43991 24907
45646 25118
46803 25466
48136 26254
50063 26381
50763 27649
52406 28042
53649 28391
55109 28564
56528 28958
22327 67047
26153 67201
30928 67304
35569 67616
38405 67925
44429 68164
47587 68393
50473 68987
53734 69020
57559 69326
59970 69943
66185 70453
68794 70744
72348 71401
74713 72813
79813 73847
83109 74809
46002 115251
49034 115440
53665 115548
57498 116276
61025 116997
64906 117459
69362 117887
55236 134365
59200 135052
61730 135434
65764 136597
68357 137224
71745 137799
74611 138520
56473 160923
59699 161120
62655 161609
64207 162233
65240 163163
67786 164286
69112 165458
48803 188562
49931 188796
52893 189094
55614 189529
58823 190124
62250 190714
66455 191408
49277 211939
53754 212134
57392 212015
60344 212590
63408 212881
65906 213620
68645 214815
51894 234849
54958 235232
56097 235692
58127 236464
59700 237055
61766 237595
63066 238190
46372 257854
49242 258046
50925 258378
52702 258992
54294 259785
56445 260233
58606 260724
43642 278855
45799 278963
47655 279178
49989 279648
51482 280387
53311 281459
54594 282332
39945 299396
43332 299484
44958 299755
46227 300309
48040 300658
50354 301396
52423 301915
39808 316810
42191 316978
43443 317332
43990 318253
44772 319116
46193 319606
47773 320046
35015 335013
36333 335297
37489 335655
38955 336225
39940 336995
41291 337642
42462 338267
27115 355998
29301 356099
30876 356285
31679 356458
32773 356952
34374 357435
36260 357701
27218 369177
29018 369431
30169 369580
31489 369927
32682 370138
34058 370655
35478 370859
25677 382161
27369 382205
28313 382405
29474 382623
30493 382937
31805 383262
33224 383628
24209 394609
25837 394777
26745 394977
27745 395170
28789 395508
30047 395871
31402 396395
22867 406997
24580 407050
25725 407200
26916 407441
27642 407771
28491 407854
29961 408108
22646 417188
24125 417274
25325 417460
26545 417619
27781 417759
29001 418038
30168 418163
21980 427420
23253 427480
24160 427679
24873 428115
25695 428752
27021 429541
28047 429997
21708 438081
23341 438164
24375 438440
24984 439020
26179 439545
27748 439853
28883 440122
22099 447787
22746 447904
23348 448178
23793 448739
25024 449040
26677 449143
27721 449195
20292 457515
21219 457542
21997 457696
22690 458047
23675 458408
25158 458694
26784 459013
20087 467603
22114 467622
23532 467726
24478 468222
25614 468991
27033 469613
28674 470017
24691 475886
26839 475897
27857 476227
28904 477035
30126 477591
32031 477856
33603 478076
27765 485854
29282 485714
30357 485809
32384 486023
33427 486148
35048 486365
36943 486573
27318 498300
28891 498381
30368 498485
31455 498663
32775 498924
34255 499332
35946 499575
26333 510977
27992 511003
29167 511060
30188 511372
31478 511804
33151 512149
34967 512288
25918 523258
27588 523272
28926 523320
29814 523610
31327 523836
32440 524618
34100 525188
26238 534931
28488 534968
29817 535048
30970 535450
32437 536243
34498 536829
37093 537154
