0.9999999726851393 1 2
0.9999999726851393 1 2
0.9999999726851393 1 2
0.9999999726851393 1 2
0.9999999726851393 1 2
0.9999999544752322 3 2
0.9999999453702786 4 2
0.9999999089504643 8 2
0.9999998179009287 18 2
0.9999996995365323 30 3
0.9999995538572753 46 3
0.9999995265424146 48 4
0.9999994172829718 57 7
0.9999989893501543 101 10
0.9999987253065009 127 13
0.9999987070965939 128 14
0.9999982973736834 170 17
0.99999816079938 178 24
0.9999980242250764 192 25
0.9999979058606802 204 26
0.9999972047792557 275 32
0.9999965401176455 338 42
0.9999957935114532 412 50
0.9999949740656323 497 55
0.999994209249533 572 64
0.9999935627978298 634 73
0.9999926887222876 718 85
0.9999902121749181 972 103
0.9999870891758454 1305 113
0.9999859237417892 1426 120
0.9999810252767715 1947 137
0.9999789584523123 2165 146
0.9999760266572645 2475 158
0.9999725212501421 2830 188
0.9999718292736712 2893 201
0.9999704453207294 3030 216
0.9999666758699537 3424 236
0.999965728954783 3503 261
0.9999647638297052 3592 278
0.9999628882092709 3749 327
0.9999618047197967 3834 361
0.9999596832656161 4024 404
0.999957680175832 4154 494
0.9999550943690196 4375 557
0.9999524448275323 4593 630
0.9999503506882125 4751 702
0.9999484659628246 4863 797
0.9999464810829476 5004 874
0.9999445781476526 5174 913
0.9999430120956394 5278 981
0.9999411911049265 5418 1041
0.9999399164114275 5508 1091
0.9999389057615818 5571 1139
0.9999364383191659 5797 1184
0.9999345171739638 5953 1239
0.9999335884687002 6008 1286
0.9999309935569343 6216 1363
0.9999291907761284 6334 1443
0.9999275427795332 6453 1505
0.9999252301213278 6631 1581
0.999922717154144 6877 1611
0.9999201313473317 7109 1663
0.9999187109745756 7201 1727
0.9999160250132741 7402 1821
0.9999136395154402 7547 1938
0.9999118276296809 7639 2045
0.9999089140445402 7840 2164
0.9999058274652818 8040 2303
0.9999047348708541 8033 2430
0.9999033964426801 8064 2546
0.9999017211312242 8151 2643
0.9998990624847833 8361 2725
0.9998966587770423 8493 2857
0.999894218649487 8595 3023
0.9998918695714674 8749 3127
0.9998899120064509 8825 3266
0.9998879635463882 8927 3378
0.9998860697160468 9054 3459
0.999884203200566 9158 3560
0.9998821636909675 9262 3680
0.999879623408923 9447 3774
0.9998776840538137 9588 3846
0.9998761999463828 9648 3949
0.9998745610547412 9737 4040
0.9998722119767215 9918 4117
0.9998696261699092 10123 4196
0.9998664394361615 10371 4298
0.999862979553807 10639 4410
0.9998580719838357 11069 4519
0.9998485482024072 11972 4662
0.9998431762798041 12466 4758
0.9998353278098314 13220 4866
0.9998303018754638 13699 4939
0.9998270331971342 13968 5029
0.9998201953770072 14621 5127
0.9998144228364473 15150 5232
0.9998122012277775 15309 5317
0.9998057002909324 15905 5435
0.9998006470417041 16362 5533
0.9997953752735902 16826 5648
0.9997906589076437 17239 5753
0.999783921242006 17810 5922
0.9997798877475769 17974 6201
0.9997743155159954 18281 6506
0.9997688070190889 18612 6780
0.999763908554071 18888 7042
0.9997594471268245 19070 7350
0.9997561602385877 19126 7655
0.9997519992748086 19310 7928
0.9997468913958589 19593 8206
0.9997408821265064 19951 8508
0.999732314365202 20600 8800
0.999726377935478 20990 9062
0.9997206418147323 21362 9320
0.9997102348528081 22197 9628
0.9997059555246327 22435 9860
0.9996989082905737 22947 10122
0.9996897669171949 23667 10406
0.9996831203010929 24137 10666
0.9996771838713687 24525 10930
0.9996682337020147 25227 11211
0.9996584367719793 26015 11499
0.9996493591332755 26803 11708
0.9996466822769274 26858 11947
0.9996327425930202 27983 12353
0.9996191397923947 29087 12743
0.9995970693849542 31015 13239
0.9995781401864935 32845 13488
0.9995641185580041 34178 13695
0.9995414836434426 36457 13902
0.9995287822332201 37627 14127
0.9995182204870852 38324 14590
0.9995063112078227 38813 15409
0.9994877644174117 38679 17580
0.999480963017099 35036 21970
0.9994760554471277 35483 22062
0.999464173482726 36260 22590
0.999442175914914 38183 23083
0.9994263788204795 39593 23408
0.9994054101124203 41464 23840
0.9993858162523493 43160 24296
0.9993726869093094 43991 24907
0.9993556970659578 45646 25118
0.9993419941108432 46803 25466
0.9993226825043328 48136 26254
0.9993039809297112 50063 26381
0.9992860623810962 50763 27649
0.9992675246956387 52406 28042
0.999253029609564 53649 28391
0.999238161220393 55109 28564
0.9992216539395805 56528 28958
0.9991862538801215 22327 67047
0.9991500161649346 26153 67201
0.9991056022014466 30928 67304
0.9990605053664414 35569 67616
0.9990318702874809 38405 67925
0.9989748459633061 44429 68164
0.998944007485583 47587 68393
0.9989123222471783 50473 68987
0.9988823305301366 53734 69020
0.9988447179669615 57559 69326
0.998817148167568 59970 69943
0.9987559173548464 66185 70453
0.9987295129895092 68794 70744
0.9986911720300489 72348 71401
0.9986567826204354 74713 72813
0.9986009328352705 79813 73847
0.9985621639429927 83109 74809
0.9985317989228548 46002 115251
0.9985024718674235 49034 115440
0.998459323492481 53665 115548
0.998417795799273 57498 116276
0.9983791179565309 61025 116997
0.9983395751431999 64906 117459
0.9982951065499907 69362 117887
0.9982736916992069 55236 134365
0.9982313445601781 59200 135052
0.9982048309353981 61730 135434
0.9981575124917231 65764 136597
0.9981281945412452 68357 137224
0.9980921116102689 71745 137799
0.9980594521418329 74611 138520
0.9980206195148801 56473 160923
0.9979894532588286 59699 161120
0.9979580866937987 62655 161609
0.9979382743148423 64207 162233
0.997920401290995 65240 163163
0.9978869952163667 67786 164286
0.9978642510423624 69112 165458
0.9978388026971494 48803 188562
0.9978264017503945 49931 188796
0.9977967196017741 52893 189094
0.9977679843683244 55614 189529
0.9977333491249648 58823 190124
0.997696774526496 62250 190714
0.9976521693589833 66455 191408
0.9976216404496813 49277 211939
0.9975791021066277 53754 212134
0.997547061775034 57392 212015
0.9975149486038118 60344 212590
0.9974844014846027 63408 212881
0.9974549287499143 65906 213620
0.9974191098625913 68645 214815
0.9973892183000389 51894 234849
0.9973578335251019 54958 235232
0.9973432747043521 56097 235692
0.9973177626244643 58127 236464
0.9972980595049505 59700 237055
0.9972743319959614 61766 237595
0.9972570781089565 63066 238190
0.9972300363968698 46372 257854
0.9972021570290551 49242 258046
0.9971838105476225 50925 258378
0.9971620406036497 52702 258992
0.9971403252893982 54294 259785
0.9971166615150839 56445 260233
0.9970925151782307 58606 260724
0.9970636797902918 43642 278855
0.997043057070468 45799 278963
0.9970242007116359 47655 279178
0.9969986704218409 49989 279648
0.9969783481654848 51482 280387
0.996951934695194 53311 281459
0.9969323044153089 54594 282332
0.9969103159524504 39945 299396
0.9968786762388137 43332 299484
0.9968614041419016 44958 299755
0.9968448058115534 46227 300309
0.9968251209019469 48040 300658
0.9967973325836679 50354 301396
0.9967737689638428 52423 301915
0.9967530096697156 39808 316810
0.9967297829331725 42191 316978
0.9967151603777478 43443 317332
0.996701794305915 43990 318253
0.9966868166573013 44772 319116
0.9966694170910394 46193 319606
0.996651025084839 47773 320046
0.996630912242415 35015 335013
0.9966163261068045 36333 335297
0.9966025412071078 37489 335655
0.9965840035216503 38955 336225
0.9965680243281446 39940 336995
0.9965498326309226 41291 337642
0.9965334801343206 42462 338267
0.9965117739250228 27115 355998
0.9964909508962206 29301 356099
0.9964749170729934 30876 356285
0.9964660306383144 31679 356458
0.9964515719720539 32773 356952
0.9964325972488254 34374 357435
0.9964130033887545 36260 357701
0.9963908419317783 27218 369177
0.9963721403571567 29018 369431
0.9963603039175228 30169 369580
0.9963451259599307 31489 369927
0.996332342605126 32682 370138
0.9963151069280284 34058 370655
0.9963003204834395 35478 370859
0.9962866539481391 25677 382161
0.9962708477487511 27369 382205
0.9962604316818732 28313 382405
0.9962478759509077 29474 382623
0.9962357390478062 30493 382937
0.996220834238821 31805 383262
0.9962045818967082 33224 383628
0.9961866815580003 24209 394609
0.9961703290613984 25837 394777
0.9961602407728488 26745 394977
0.9961493785632464 27745 395170
0.9961367955174201 28789 395508
0.996122036387692 30047 395871
0.9961049281799442 31402 396395
0.9960861082409262 22867 406997
0.9960700288929313 24580 407050
0.9960582379780651 25725 407200
0.9960451996845607 26916 407441
0.9960355848535966 27642 407771
0.9960270990368744 28491 407854
0.9960114020969291 29961 408108
0.9959953318538877 22646 417188
0.9959810826015592 24125 417274
0.9959684631359187 25325 417460
0.9959559074049531 26545 417619
0.9959433789888483 27781 417759
0.995929730663455 29001 418038
0.9959179670634496 30168 418163
0.9959082338680891 21980 427420
0.9958960969649876 23253 427480
0.9958860268863452 24160 427679
0.9958755652946994 24873 428115
0.9958622811674488 25695 428752
0.9958430241906597 27021 429541
0.9958295306494771 28047 429997
0.995813642505507 21708 438081
0.9957980184051902 23341 438164
0.9957860909160207 24375 438440
0.9957752651262324 24984 439020
0.9957596046061014 26179 439545
0.9957425146082607 27748 439853
0.995729731253456 28883 440122
0.9957217097893657 22099 447787
0.9957147536048423 22746 447904
0.9957067776655197 23348 448178
0.9956976180822338 23793 448739
0.9956836692933729 25024 449040
0.9956676809949135 26677 449143
0.9956577019658068 27721 449195
0.9956495894521808 20292 457515
0.9956409033264803 21219 457542
0.9956324175097581 21997 457696
0.9956229119382367 22690 458047
0.9956106566707388 23675 458408
0.9955945500078831 25158 458694
0.9955768408732 26784 459013
0.9955596051961023 20087 467603
0.9955409764611093 22114 467622
0.995527118721784 23532 467726
0.9955139893787439 24478 468222
0.9954966444422034 25614 468991
0.9954780612319781 27033 469613
0.9954594416019387 28674 470017
0.9954422696595159 24691 475886
0.99542261206477 26839 475897
0.995410338587365 27857 476227
0.9953934488985028 28904 477035
0.995377260291065 30126 477591
0.9953575025418299 32031 477856
0.9953411864650422 33603 478076
0.9953235228551269 27765 485854
0.9953109853340686 29282 485714
0.995300332538398 30357 485809
0.9952799283374599 32384 486023
0.9952692937516965 33427 486148
0.9952525588470448 35048 486365
0.9952334111296985 36943 486573
0.9952142725173059 27318 498300
0.9951992129241101 28891 498381
0.9951848179925246 30368 498485
0.9951733002262654 31455 498663
0.9951589052946799 32775 498924
0.99514171514235 34255 499332
0.9951241061621561 35946 499575
0.9951078174002291 26333 510977
0.9950924755534728 27992 511003
0.9950812582506813 29167 511060
0.9950691213475797 30188 511372
0.9950534426175416 31478 511804
0.9950350688212483 33151 512149
0.9950172686370296 34967 512288
0.9949997780212321 25918 523258
0.9949844452794294 27588 523272
0.994971825813789 28926 523320
0.9949611001784898 29814 523610
0.9949452666642411 31327 523836
0.9949280127772363 32440 524618
0.9949077087307873 34100 525188
0.9948905823131324 26238 534931
0.9948697592843303 28488 534968
0.9948569304047578 29817 535048
0.9948427722019649 30970 535450
0.994822195006909 32437 536243
0.9947980941948237 34498 536829
0.9947715077304151 37093 537154
