1.0 0 0
1.0 0 0
1.0 0 0
0.9999999735724184 1 0
0.9999999735724184 1 0
0.9999998678620919 5 0
0.9999998678620919 5 0
0.9999997092966022 11 0
0.999999577158694 16 0
0.9999994185932043 22 0
0.9999991807449697 31 0
0.9999987050485005 48 1
0.9999982029244497 66 2
0.999997277959093 100 3
0.999996855117787 116 3
0.999995322318053 160 17
0.9999937102355742 220 18
0.9999933666770131 233 18
0.9999906182085244 349 6
0.9999887682778109 419 6
0.999985834816251 530 6
0.9999832449132521 626 8
0.9999802057413657 740 9
0.9999761887489592 890 11
0.9999722246117161 1030 21
0.9999677319228405 1198 23
0.999963292089128 1366 23
0.9999567116213044 1613 25
0.9999507918430213 1833 29
0.9999456913197683 2017 38
0.9999389258588732 2271 40
0.9999325039565393 2464 90
0.9999221443445437 2833 113
0.9999105954913753 3256 127
0.9999041471614597 3432 195
0.9998915940601896 3874 228
0.9998833750823054 4144 269
0.9998718790843002 4528 320
0.9998624444376614 4824 381
0.9998526662324615 5117 458
0.9998426237514454 5456 499
0.9998320262912153 5773 583
0.9998236223202598 6003 671
0.9998167511490382 6202 732
0.9998096685571637 6321 881
0.9997996260761477 6628 954
0.9997907464087229 6830 1088
0.9997785632935955 7181 1198
0.999768970081467 7414 1328
0.9997545670494834 7887 1400
0.9997464802095073 8080 1513
0.9997395297555409 8158 1698
0.9997312579224934 8230 1939
0.999722219689579 8317 2194
0.9997121507809813 8454 2438
0.9997020818723836 8623 2650
0.9996929907843058 8817 2800
0.9996854589235438 8874 3028
0.9996771078077515 8967 3251
0.9996659553683074 8991 3649
0.9996596920314631 8997 3880
0.9996536665428535 8963 4142
0.9996465310958157 8949 4426
0.9996381271248601 9070 4623
0.9996298552918127 9213 4793
0.9996186235696236 9435 4996
0.9996104574469027 9352 5388
0.999602344179345 9430 5617
0.9995939137808078 9406 5960
0.9995863819200458 9429 6222
0.9995772644043864 9498 6498
0.9995685433024514 9699 6627
0.9995528188913867 9951 6970
0.999545339885788 9933 7271
0.9995344781497416 10036 7579
0.9995238806895115 10191 7825
0.9995175116423407 10167 8090
0.9995103233401398 10153 8376
0.9995009151210826 10321 8564
0.9994907933573216 10417 8851
0.9994783459663781 10594 9145
0.999467669223403 10719 9424
0.9994550896945513 10906 9713
0.9994468442890855 10961 9970
0.9994364053943451 11136 10190
0.9994283449819507 11348 10283
0.9994166375632924 11030 11044
0.9994060929582256 11115 11358
0.9993967904494948 11227 11598
0.9993880693475599 11412 11743
0.9993770754736054 11494 12077
0.9993713935435569 11451 12335
0.9993613774901223 11642 12523
0.9993552991463495 11577 12818
0.9993475822925161 11558 13129
0.9993380419355508 11704 13344
0.9993284751510039 11863 13547
0.9993132528639901 12192 13794
0.9992980570045579 12549 14012
0.9992822268831667 12996 14164
0.9992716558505182 13181 14379
0.999264203272501 13225 14617
0.999254715770699 13290 14911
0.9992447790000094 13550 15027
0.999233150864096 13676 15341
0.9992232405209881 13919 15473
0.999212775198666 14149 15639
0.9992020191729462 14269 15926
0.9991886468166459 14494 16207
0.9991803485560168 14382 16633
0.9991723938539487 14284 17032
0.9991643598691359 14093 17527
0.9991561408912517 13892 18039
0.9991483183270918 13792 18435
0.9991403900526055 13579 18948
0.9991326203436087 13291 19530
0.9991247449242856 13053 20066
0.9991174509117582 12748 20647
0.999109020513221 12307 21407
0.9991039199899681 11921 21986
0.9990973923773077 11813 22341
0.9990910761853001 11649 22744
0.9990809808491209 11507 23268
0.9990711762163393 11445 23701
0.9990643314726995 11247 24158
0.9990560332120704 11080 24639
0.9990499284407158 10687 25263
0.9990445107864835 10668 25487
0.9990377188980069 10646 25766
0.9990303984578978 10269 26420
0.999023474431513 9923 27028
0.9990164711223833 9606 27610
0.9990084107099889 9318 28203
0.998998632504789 9172 28719
0.9989907306578842 9099 29091
0.9989836744935914 9113 29344
0.9989766976120433 8635 30086
0.9989678972273635 8521 30533
0.9989585682910512 8290 31117
0.9989496093408816 8204 31542
0.9989401482666612 8188 31916
0.9989327749713889 8217 32166
0.998922230366322 8375 32407
0.9989121878853059 8381 32781
0.9989011411561882 8388 33192
0.9988890373238056 8386 33652
0.9988736036161389 8539 34083
0.9988618961974807 8641 34424
0.9988529901024743 8870 34532
0.9988397234565004 9179 34725
0.9988261925347103 9532 34884
0.9988099395720133 9679 35352
0.998792576650888 9985 35703
0.9987751873021813 10251 36095
0.9987607049874528 10454 36440
0.9987455091280206 10856 36613
0.9987275383725182 11355 36794
0.9987106247202806 11712 37077
0.9986914382960236 12099 37416
0.9986700583824919 12496 37828
0.9986477799311853 12964 38203
0.9986312891202536 13293 38498
0.99861493044723 13724 38686
0.9986003688497567 13990 38971
0.9985814731288974 14235 39441
0.9985600403602026 14682 39805
0.9985380526122938 15099 40220
0.9985176769468638 15368 40722
0.9985019789633808 15677 41007
0.9984862545523161 16035 41244
0.9984704772860882 16337 41539
0.9984510530135966 16599 42012
0.9984307830584931 16972 42406
0.9984069189522891 17314 42967
0.99838313412883 17569 43612
0.998367779703908 17624 44138
0.9983532973891796 17902 44408
0.9983331331444025 18312 44761
0.9983138674374007 18409 45393
0.9982904261725026 18582 46107
0.9982695219554402 18677 46803
0.9982494634209896 18671 47568
0.9982327876169866 18645 48225
0.9982195209710127 18695 48677
0.998204985801121 18834 49088
0.9981892613900565 18574 49943
0.9981730877101043 18444 50685
0.9981548262512039 17900 51920
0.9981398418124247 15928 54459
0.9981282929592562 14448 56376
0.9981203118296066 13889 57237
0.9981097407969581 13480 58046
0.9980986147850955 12665 59282
0.9980852424287951 12225 60228
0.9980695444453122 12030 61017
0.9980536086135945 11743 61907
0.9980403419676207 11305 62847
0.9980303787693494 11229 63300
0.9980143900824686 11359 63775
0.9979985335334959 11387 64347
0.9979764136476789 11593 64978
0.9979564079683916 11746 65582
0.997929927531607 12187 66143
0.9979058784323317 12645 66595
0.997886110601279 13086 66902
0.9978673205907463 13411 67288
0.9978415801262472 13768 67905
0.9978115583935254 14282 68527
0.9977696178214925 15264 69132
0.9977277565322045 16230 69750
0.9976920792970158 16994 70336
0.9976575648754183 17769 70867
0.9976225219021886 18524 71438
0.9975815062955125 19306 72208
0.9975295232424635 20537 72944
0.9974689512253875 21850 73923
0.99740639713969 23327 74813
0.9973552861968344 24441 75633
0.9973022724681022 25869 76211
0.9972431803955971 27441 76875
0.9971638183679885 29181 78138
0.9970507083186495 32242 79357
0.9969254680093463 35544 80794
0.9967854018267537 39684 81954
0.9966749873907401 42510 83306
0.9965588645970963 45970 84240
0.9964249296134398 50173 85105
0.9962524632157795 54740 87064
0.9960384262322289 61007 88896
0.9958348017158372 66395 91213
0.9955805155254774 73544 93686
0.9953549296887584 79542 96224
0.9951571985230682 85620 97628
0.9949116598622251 92862 99677
0.9946463269427477 99844 102735
0.9943263682120591 108463 106223
0.9939661074193982 119054 109264
0.9936059523370637 128251 113695
0.993295639673667 136631 117057
0.9930249948102836 144144 119785
0.9925942252298572 156377 123852
0.9920968581437452 170696 128353
0.9915641838085871 184789 134416
0.990992581645701 200759 140075
0.9904138968909404 216820 145911
0.9899601088869218 227524 152378
0.9895484200204259 235192 160288
0.9890366763299119 248756 166088
0.9883841264845199 264101 175435
0.9876668026365741 282156 184523
0.9869509851607808 297803 195962
0.9862143163230883 313494 208146
0.9855593087126054 329190 217235
0.9849854866328631 340722 227416
0.9843127989702757 354556 239036
0.983646268934206 367133 251680
0.9830468121002911 378067 263429
0.9824112023347182 388468 277079
0.9817354226450812 398858 292260
0.9811578742763303 407841 305131
0.9806077577373021 417275 316513
0.9801016166940919 417810 335130
0.9795761570887165 418489 354334
0.9789425558193469 422824 373974
0.978348886625807 424748 394514
0.9777089955920115 423112 420363
0.9772371046945824 423742 437589
0.9768406381151004 423691 452642
0.9759755840858918 440035 469031
0.9755697621425158 439907 484515
0.975128685805257 430675 510437
0.9746713829328828 425633 532783
0.974270291526617 418574 555019
0.9739668500344417 408617 576458
0.9738152614262622 396147 594664
0.9735744268749478 384736 615188
0.9732091184141971 372559 641188
0.9728163252685604 363222 665388
0.9724665297982215 356074 685772
0.972138114241414 346502 707771
0.9718956147524574 336640 726809
0.9717787784141099 325243 742627
0.9715591652108373 316743 759437
0.9712376472528331 298945 789401
0.9708742680055408 288347 813749
0.9705279345483943 277671 837530
0.9702240437873314 263483 863217
0.9699868298146991 253917 881759
0.9698574403750814 248457 892115
0.9696757771790169 244389 903057
0.9693466216499241 243337 916564
0.9690307327668053 244160 927694
0.9687397650931553 242517 940347
0.9684425605102426 241133 952977
0.968215547584116 239034 963666
0.9680931085984648 235842 971491
0.9679030414314447 234470 980055
0.9675764493777692 235450 991433
0.9672298516448065 237370 1002628
0.9669898627761038 237404 1011675
0.9668609490329553 234515 1019442
0.9667594142643665 231071 1026728
0.9666745552997806 228487 1032523
0.9664730714175002 227175 1041459
0.9661353269243805 227506 1053908
0.9657795059654319 230186 1064692
0.9654915510360867 230537 1075237
0.9653063993992482 228286 1084494
0.9651535951223141 226350 1092212
0.9650377101769049 224232 1098715
0.9648369662669098 222149 1108394
0.9644611660562556 226964 1117799
0.9641408901945876 231025 1125857
0.9639093052968405 230472 1135173
0.9636253673599018 231640 1144749
0.9633840042569548 231015 1154507
0.9632554869275307 228661 1161724
0.9631129365522656 226060 1169719
0.96287175844239 225708 1179197
0.9626218328029978 226083 1188279
0.9624115221084559 224826 1197494
0.9622188121832737 223312 1206300
0.9620610395209948 220901 1214681
0.9619729828190328 217788 1221126
0.9618437519449048 213072 1230732
0.9616602652457085 209247 1241500
0.9614750607537067 207462 1250293
0.9612981809499156 213808 1250640
0.9611282251725093 212844 1258035
0.9610075568348266 209636 1265809
0.9609368894815714 204982 1273137
0.9608152433233688 203482 1279240
0.9606358000441605 207191 1282321
0.9604467635528237 209330 1287335
0.960284366063761 208678 1294132
0.960129394725134 207018 1301656
0.9600048943881162 205738 1307647
0.9599387197237367 202031 1313858
0.9598243940056431 201343 1318872
0.9596446600230369 205421 1321595
0.9594730128804069 207004 1326507
0.9593130467288534 206165 1333399
0.959155379776901 204965 1340565
0.9590305094537406 204007 1346248
0.9589662640028193 200698 1351988
0.9588605801039158 199851 1356834
0.958676644135832 204289 1359356
0.958491307505922 206380 1364278
0.9583227523903417 206485 1370551
0.9581487267653658 206445 1377176
0.9580077620449979 206117 1382838
0.9579405831325167 202995 1388502
0.9578037939700451 203202 1393471
0.9575739004375218 209466 1395906
0.9573340965618905 214198 1400248
0.957102273815909 216179 1407039
0.9568774015238937 217324 1414403
0.95669135134928 218182 1420585
0.9565885216291917 216097 1426561
0.9564219221546513 217010 1431952
0.9561009063206979 226320 1434789
0.955779996197071 232816 1440436
0.9554751276154883 235883 1448905
0.9551554331606159 238768 1458117
