0 0
0 0
0 0
1 0
1 0
5 0
5 0
11 0
16 0
22 0
31 0
48 1
66 2
100 3
116 3
160 17
220 18
233 18
349 6
419 6
530 6
626 8
740 9
890 11
1030 21
1198 23
1366 23
1613 25
1833 29
2017 38
2271 40
2464 90
2833 113
3256 127
3432 195
3874 228
4144 269
4528 320
4824 381
5117 458
5456 499
5773 583
6003 671
6202 732
6321 881
6628 954
6830 1088
7181 1198
7414 1328
7887 1400
8080 1513
8158 1698
8230 1939
8317 2194
8454 2438
8623 2650
8817 2800
8874 3028
8967 3251
8991 3649
8997 3880
8963 4142
8949 4426
9070 4623
9213 4793
9435 4996
9352 5388
9430 5617
9406 5960
9429 6222
9498 6498
9699 6627
9951 6970
9933 7271
10036 7579
10191 7825
10167 8090
10153 8376
10321 8564
10417 8851
10594 9145
10719 9424
10906 9713
10961 9970
11136 10190
11348 10283
11030 11044
11115 11358
11227 11598
11412 11743
11494 12077
11451 12335
11642 12523
11577 12818
11558 13129
11704 13344
11863 13547
12192 13794
12549 14012
12996 14164
13181 14379
13225 14617
13290 14911
13550 15027
13676 15341
13919 15473
14149 15639
14269 15926
14494 16207
14382 16633
14284 17032
14093 17527
13892 18039
13792 18435
13579 18948
13291 19530
13053 20066
12748 20647
12307 21407
11921 21986
11813 22341
11649 22744
11507 23268
11445 23701
11247 24158
11080 24639
10687 25263
10668 25487
10646 25766
10269 26420
9923 27028
9606 27610
9318 28203
9172 28719
9099 29091
9113 29344
8635 30086
8521 30533
8290 31117
8204 31542
8188 31916
8217 32166
8375 32407
8381 32781
8388 33192
8386 33652
8539 34083
8641 34424
8870 34532
9179 34725
9532 34884
9679 35352
9985 35703
10251 36095
10454 36440
10856 36613
11355 36794
11712 37077
12099 37416
12496 37828
12964 38203
13293 38498
13724 38686
13990 38971
14235 39441
14682 39805
15099 40220
15368 40722
15677 41007
16035 41244
16337 41539
16599 42012
16972 42406
17314 42967
17569 43612
17624 44138
17902 44408
18312 44761
18409 45393
18582 46107
18677 46803
18671 47568
18645 48225
18695 48677
18834 49088
18574 49943
18444 50685
17900 51920
15928 54459
14448 56376
13889 57237
13480 58046
12665 59282
12225 60228
12030 61017
11743 61907
11305 62847
11229 63300
11359 63775
11387 64347
11593 64978
11746 65582
12187 66143
12645 66595
13086 66902
13411 67288
13768 67905
14282 68527
15264 69132
16230 69750
16994 70336
17769 70867
18524 71438
19306 72208
20537 72944
21850 73923
23327 74813
24441 75633
25869 76211
27441 76875
29181 78138
32242 79357
35544 80794
39684 81954
42510 83306
45970 84240
50173 85105
54740 87064
61007 88896
66395 91213
73544 93686
79542 96224
85620 97628
92862 99677
99844 102735
108463 106223
119054 109264
128251 113695
136631 117057
144144 119785
156377 123852
170696 128353
184789 134416
200759 140075
216820 145911
227524 152378
235192 160288
248756 166088
264101 175435
282156 184523
297803 195962
313494 208146
329190 217235
340722 227416
354556 239036
367133 251680
378067 263429
388468 277079
398858 292260
407841 305131
417275 316513
417810 335130
418489 354334
422824 373974
424748 394514
423112 420363
423742 437589
423691 452642
440035 469031
439907 484515
430675 510437
425633 532783
418574 555019
408617 576458
396147 594664
384736 615188
372559 641188
363222 665388
356074 685772
346502 707771
336640 726809
325243 742627
316743 759437
298945 789401
288347 813749
277671 837530
263483 863217
253917 881759
248457 892115
244389 903057
243337 916564
244160 927694
242517 940347
241133 952977
239034 963666
235842 971491
234470 980055
235450 991433
237370 1002628
237404 1011675
234515 1019442
231071 1026728
228487 1032523
227175 1041459
227506 1053908
230186 1064692
230537 1075237
228286 1084494
226350 1092212
224232 1098715
222149 1108394
226964 1117799
231025 1125857
230472 1135173
231640 1144749
231015 1154507
228661 1161724
226060 1169719
225708 1179197
226083 1188279
224826 1197494
223312 1206300
220901 1214681
217788 1221126
213072 1230732
209247 1241500
207462 1250293
213808 1250640
212844 1258035
209636 1265809
204982 1273137
203482 1279240
207191 1282321
209330 1287335
208678 1294132
207018 1301656
205738 1307647
202031 1313858
201343 1318872
205421 1321595
207004 1326507
206165 1333399
204965 1340565
204007 1346248
200698 1351988
199851 1356834
204289 1359356
206380 1364278
206485 1370551
206445 1377176
206117 1382838
202995 1388502
203202 1393471
209466 1395906
214198 1400248
216179 1407039
217324 1414403
218182 1420585
216097 1426561
217010 1431952
226320 1434789
232816 1440436
235883 1448905
238768 1458117
