0 0
2 0
2 0
5 0
8 0
13 0
20 0
30 0
30 0
41 0
59 0
59 0
111 1
167 2
243 2
328 3
444 4
443 5
779 6
1009 11
1263 17
1581 19
2032 28
2307 55
2930 65
3441 103
4149 119
5027 143
5800 162
6225 183
7240 203
8021 230
8757 277
9572 314
10183 341
10908 370
11279 451
11913 529
12565 576
13342 614
14804 668
15251 736
15804 781
16122 812
16534 914
17109 982
17719 1122
17846 1176
18388 1297
18882 1324
19518 1345
19700 1679
20054 1928
20332 2021
20715 2082
21235 2157
21632 2232
21742 2285
21985 2337
22062 2443
22537 2508
22697 2654
22496 2694
22550 2732
22749 2775
22885 2817
23017 3165
23352 3363
23732 3536
23781 3625
23897 3684
23986 3693
23737 4176
23775 4357
23937 4382
24065 4518
23785 5025
23182 5854
21548 7661
21754 7678
21945 7715
22183 7729
21321 8879
21464 9007
11758 18865
11636 19152
11569 19438
11587 19705
11590 20006
11652 20294
11621 20582
11681 20819
11724 20976
11590 21305
11735 21526
11814 21778
11978 21991
12070 22281
12219 22474
12244 22641
12475 22831
12361 23239
12404 23506
12475 23705
12513 23950
12504 24186
12664 24372
12602 24734
12569 25103
12555 25534
12460 26004
12407 26434
12227 26906
12310 27082
12368 27369
12478 27626
12484 27931
12678 28188
12764 28425
13016 28630
13139 28773
13060 29081
13077 29377
13098 29684
13134 30022
13192 30377
13266 30631
13343 30786
13342 31074
13514 31345
13584 31693
13683 31996
13912 32309
13945 32567
14091 32727
13833 33218
13640 33786
13610 34155
13605 34472
13553 34837
13578 35058
13533 35238
13432 35466
13449 35701
13305 36074
13293 36399
13229 36726
13230 36934
13205 37094
13062 37348
13013 37600
13001 37867
12854 38218
12790 38520
12741 38722
12720 38849
12624 39057
12543 39305
12478 39583
12518 39833
12423 40114
12401 40267
12466 40359
12424 40521
12519 40704
12601 40947
12637 41146
12621 41360
12627 41475
12655 41579
12728 41720
12786 41915
12940 42052
12946 42265
13006 42446
13027 42570
13039 42681
13086 42826
13283 42991
13507 43166
13703 43371
13864 43584
14064 43704
14229 43783
14315 43928
14573 44060
14795 44256
15048 44409
15312 44631
15465 44793
15648 44859
15903 44992
16408 45133
16833 45293
17314 45499
17556 45754
18047 45936
18540 46056
18784 46237
19220 46406
19714 46682
20229 46947
20722 47303
21069 47508
21544 47656
21764 47899
22247 48218
22549 48607
23116 48939
23615 49324
24004 49600
24188 49841
24561 50156
25041 50501
25482 50914
25942 51342
26407 51840
26939 52212
27413 52472
27568 52744
28179 53077
28967 53567
29702 54226
30704 54870
31397 55267
32321 55592
32964 56157
34583 56610
36085 57209
37687 58215
37974 60081
38730 61181
39696 62164
39625 64111
40804 65467
42765 66776
44284 68156
45970 70139
47493 71193
48834 72299
49717 74715
51996 76396
54486 78130
57355 79917
58492 82787
60026 84315
60963 85884
60219 89224
65300 91640
67157 94193
70354 96546
72945 100595
76647 102677
78378 105042
77338 109899
78716 113456
81141 116870
84032 120632
85444 125822
88854 128447
80045 145627
77126 152998
78681 157334
81384 161625
82736 166762
82767 173203
83942 176816
84004 180798
80432 188289
80528 193483
82241 198153
82116 203722
80068 210638
80838 213961
80614 217447
75008 225454
75755 228091
73876 233742
73712 238841
73561 245079
74456 248018
74187 250884
70426 257550
72181 259892
70381 264826
71266 269021
70786 273914
71863 276881
71012 279926
67805 285771
68762 289534
69686 292930
70285 296667
69910 300877
70754 303367
70426 305794
67577 311079
68469 314789
68690 318946
70178 321604
69769 323227
68208 326365
68307 328359
65457 334545
68205 337846
72496 341182
74989 345640
76675 347195
77601 349653
80008 351615
80183 356396
87004 359602
93360 363173
98938 367771
102406 373781
106778 376911
109312 379981
110388 386164
116328 390780
121815 395991
125861 402608
128165 411251
134011 415790
135886 420617
135841 431117
143776 437829
151226 443923
157660 451476
162951 461518
169230 466960
170635 472478
167381 486497
172893 496058
180076 505307
181811 516772
179939 531079
181623 538893
179180 547141
166888 564973
164513 576431
161442 587416
156758 599016
148359 613547
145090 620324
140644 627275
127867 642635
123312 651577
118362 660007
113450 667773
107371 676708
105119 680637
102794 684265
95320 693241
92175 698710
89613 703216
87082 707687
83526 712813
82341 715184
80642 717432
77044 722062
75396 725190
73848 727898
72037 730736
70255 733589
