1.0 0 0
0.9999998037562814 2 0
0.9999998037562814 2 0
0.9999995093907035 5 0
0.9999992150251256 8 0
0.999998724415829 13 0
0.9999980375628139 20 0
0.9999970563442209 30 0
0.9999970563442209 30 0
0.9999959770037685 41 0
0.9999942108103012 59 0
0.9999942108103012 59 0
0.999989010351758 111 1
0.9999834174057778 167 2
0.9999759601444707 243 2
0.9999675216645706 328 3
0.9999560414070321 444 4
0.9999560414070321 443 5
0.999922974340447 779 6
0.9998999157035107 1009 11
0.9998744040200919 1263 17
0.9998430050251148 1581 19
0.9997978689698352 2032 28
0.9997682361683257 2307 55
0.9997061250313868 2930 65
0.9996522561306292 3441 103
0.9995812159044937 4149 119
0.9994927099874021 5027 143
0.999414997474834 5800 162
0.9993712351255847 6225 183
0.9992696790012058 7240 203
0.9991903965388887 8021 230
0.9991135671230543 8757 277
0.9990299672989279 9572 314
0.9989673655526925 10183 341
0.9988933816707778 10908 370
0.9988490305903728 11279 451
0.9987791678265489 11913 529
0.9987105806468959 12565 576
0.9986306113315637 13342 614
0.9984818585928599 14804 668
0.9984313258353188 15251 736
0.9983726489634553 15804 781
0.9983384044345586 16122 812
0.9982879697988767 16534 914
0.9982248774433446 17109 982
0.9981512860488673 17719 1122
0.9981335259923333 17846 1176
0.9980684711996153 18388 1297
0.9980173497109183 18882 1324
0.9979528836493561 19518 1345
0.9979022527699556 19700 1679
0.9978430852887957 20054 1928
0.9978066820789941 20332 2021
0.9977631159734636 20715 2082
0.9977047334671781 21235 2157
0.9976584199495869 21632 2232
0.9976424260865205 21742 2285
0.9976134801380261 21985 2337
0.9975955238377736 22062 2443
0.9975425380337498 22537 2508
0.997512512744803 22697 2654
0.9975283103641508 22496 2694
0.9975192831530949 22550 2732
0.9974955376631436 22749 2775
0.9974780719721875 22885 2817
0.997430973479722 23017 3165
0.9973786745287133 23352 3363
0.9973244131405187 23732 3536
0.9973108723239348 23781 3625
0.9972937009985567 23897 3684
0.997284085056345 23986 3693
0.997261124541268 23737 4176
0.9972396358540806 23775 4357
0.9972212870663909 23937 4382
0.9971953828955349 24065 4518
0.997173109233473 23785 5025
0.9971509336932705 23182 5854
0.997133958611611 21548 7661
0.9971120774369864 21754 7678
0.9970897056530652 21945 7715
0.9970649789445208 22183 7729
0.9970367198490415 21321 8879
0.9970101288251703 21464 9007
0.9969952143025562 11758 18865
0.9969790241957711 11636 19152
0.9969575355085838 11569 19438
0.9969295707786823 11587 19705
0.9968997417334541 11590 20006
0.996865399082698 11652 20294
0.996840181764857 11621 20582
0.9968110395726439 11681 20819
0.9967914152007833 11724 20976
0.9967722814382192 11590 21305
0.9967363688377142 11735 21526
0.9967038905022848 11814 21778
0.9966668985613275 11978 21991
0.9966294160110737 12070 22281
0.9965958583351919 12219 22474
0.9965770189382057 12244 22641
0.996535709635439 12475 22831
0.9965068618088039 12361 23239
0.9964764440324199 12404 23506
0.996449951130408 12475 23705
0.9964221826442251 12513 23950
0.9963999089821634 12504 24186
0.9963659588188444 12664 24372
0.9963365222610534 12602 24734
0.9963035533163275 12569 25103
0.996262636500998 12555 25534
0.9962258408037593 12460 26004
0.996188848862802 12407 26434
0.9961601972798855 12227 26906
0.9961347837183259 12310 27082
0.9961009316768663 12368 27369
0.9960649209545019 12478 27626
0.9960344050562586 12484 27931
0.9959901520977129 12678 28188
0.9959584587371579 12764 28425
0.9959136170474563 13016 28630
0.9958875166328817 13139 28773
0.9958650467271012 13060 29081
0.9958343345851393 13077 29377
0.9958021506152879 13098 29684
0.9957654530399084 13134 30022
0.9957249287120161 13192 30377
0.9956927447421647 13266 30631
0.9956699804708063 13343 30786
0.9956418194971863 13342 31074
0.995598351513515 13514 31345
0.9955573365763262 13584 31693
0.9955178915888863 13683 31996
0.995464709541144 13912 32309
0.9954361560800866 13945 32567
0.9954061307911398 14091 32727
0.9953832683979222 13833 33218
0.9953464727006834 13640 33786
0.9953132093903797 13610 34155
0.9952825953702771 13605 34472
0.9952518832283151 13553 34837
0.9952277452509265 13578 35058
0.9952144987999206 13533 35238
0.9952020373237891 13432 35466
0.9951773106152446 13449 35701
0.9951548407094643 13305 36074
0.9951241285675023 13293 36399
0.9950983225185055 13229 36726
0.9950778150499111 13230 36934
0.9950645685989052 13205 37094
0.9950536770725226 13062 37348
0.995033758335084 13013 37600
0.9950087372609616 13001 37867
0.9949887204016638 12854 38218
0.9949653673991496 12790 38520
0.9949503547546762 12741 38722
0.99493995383759 12720 38849
0.9949289641893481 12624 39057
0.9949125778388445 12543 39305
0.9948916778828129 12478 39583
0.9948632225436149 12518 39833
0.9948449718777845 12423 40114
0.9948321179142158 12401 40267
0.9948167127823052 12466 40359
0.9948049381591888 12424 40521
0.9947776602823025 12519 40704
0.9947457706780289 12601 40947
0.9947227120410926 12637 41146
0.9947032839129506 12621 41360
0.9946914111679749 12627 41475
0.9946784590825469 12655 41579
0.994657461004656 12728 41720
0.9946326361742522 12786 41915
0.994604082713195 12940 42052
0.9945825940260076 12946 42265
0.9945589466579156 13006 42446
0.9945447189883165 13027 42570
0.9945326499996222 13039 42681
0.994513810602636 13086 42826
0.9944782904895683 13283 42991
0.9944391398677063 13507 43166
0.9943997930021257 13703 43371
0.9943630954267462 13864 43584
0.9943316964317691 14064 43704
0.9943077546980992 14229 43783
0.9942850885486001 14315 43928
0.9942468210234718 14573 44060
0.9942058060862831 14795 44256
0.9941659686114059 15048 44409
0.9941182813877846 15312 44631
0.994087373002104 15465 44793
0.9940629406591375 15648 44859
0.9940248693777278 15903 44992
0.993961482656618 16408 45133
0.9939040813689255 16833 45293
0.9938366716515842 17314 45499
0.9937879050875105 17556 45754
0.9937218690761994 18047 45936
0.9936617203764465 18540 46056
0.9936200185862426 18784 46237
0.9935606548613641 19220 46406
0.9934851010297006 19714 46682
0.993408565979444 20229 46947
0.9933252605208955 20722 47303
0.9932710972545602 21069 47508
0.9932099673362143 21544 47656
0.9931645369153569 21764 47899
0.9930858431841957 22247 48218
0.993018040979417 22549 48607
0.9929298294279034 23116 48939
0.9928430897042794 23615 49324
0.9927778386678426 24004 49600
0.9927361368776388 24188 49841
0.9926686290384381 24561 50156
0.992587678504513 25041 50501
0.992503882436668 25482 50914
0.9924167502256067 25942 51342
0.9923222588750976 26407 51840
0.9922335567142875 26939 52212
0.9921615352695589 27413 52472
0.9921196372356365 27568 52744
0.9920270102004541 28179 53077
0.9919016104642645 28967 53567
0.9917648285923958 29702 54226
0.9916033200119826 30704 54870
0.9914963671853421 31397 55267
0.9913738129830724 32321 55592
0.9912552817770339 32964 56157
0.9910519732845576 34583 56610
0.9908458192581615 36085 57209
0.9905899174490985 37687 58215
0.9903786610860186 37974 60081
0.9901965469151518 38730 61181
0.9900053074113697 39696 62164
0.9898212308033167 39625 64111
0.989572491889983 40804 65467
0.9892516334100614 42765 66776
0.9889671781399412 44284 68156
0.9886071690381575 45970 70139
0.988354309006733 47493 71193
0.988114204817018 48834 72299
0.9877905008031764 49717 74715
0.9874019382403355 51996 76396
0.9869874715066386 54486 78130
0.9865306161297226 57355 79917
0.9861374418394944 58492 82787
0.9858369927063079 60026 84315
0.9855910993268938 60963 85884
0.9853363749801426 60219 89224
0.984600755400946 65300 91640
0.9841680380014186 67157 94193
0.9836234616822855 70354 96546
0.9829719325365118 72945 100595
0.9824043957023018 76647 102677
0.9820024885665957 78378 105042
0.981627957429635 77338 109899
0.9811437260539735 78716 113456
0.9805707925175018 81141 116870
0.9799179877875571 84032 120632
0.979270187272437 85444 125822
0.9786780218515418 88854 128447
0.9778566437673142 80045 145627
0.9774198052496961 77126 152998
0.9768417693765405 78681 157334
0.9761555050925735 81384 161625
0.9755187923475547 82736 166762
0.974883747674144 82767 173203
0.9744139402118 83942 176816
0.9740171354127776 84004 180798
0.9736325958461681 80432 188289
0.9731135312104539 80528 193483
0.9724872193825211 82241 198153
0.9719530439804741 82116 203722
0.9714753867693858 80068 210638
0.9710737739992577 80838 213961
0.9707537004942104 80614 217447
0.9705181099100232 75008 225454
0.970186065538141 75755 228091
0.9698159498848491 73876 233742
0.9693317185091875 73712 238841
0.9687344507516086 73561 245079
0.9683582515430398 74456 248018
0.9681034290744293 74187 250884
0.9678183850731533 70426 257550
0.9674163798155878 72181 259892
0.9671088659085314 70381 264826
0.9666104068632708 71266 269021
0.9661773950981655 70786 273914
0.9657805902991431 71863 276881
0.9655653109398318 71012 279926
0.9653064654749898 67805 285771
0.9648433302990783 68762 289534
0.9644194438668883 69686 292930
0.9639939874849494 70285 296667
0.9636176901545214 69910 300877
0.9632905518756042 70754 303367
0.9630845940929267 70426 305794
0.9628455692436639 67577 311079
0.9623940124471504 68469 314789
0.9619644349471207 68690 318946
0.9615576217184494 70178 321604
0.9614385017812552 69769 323227
0.9612837636091339 68208 326365
0.9610783945576122 68307 328359
0.9607510600349766 65457 334545
0.9601575209080511 68205 337846
0.9594091454871451 72496 341182
0.9587271004431281 74989 345640
0.9584090874971263 76675 347195
0.958077043125244 77601 349653
0.957648348721948 80008 351615
0.9571620567872411 80183 356396
0.9561781889040073 87004 359602
0.9552041332067038 93360 363173
0.9542056451664338 98938 367771
0.9532756461839574 102406 373781
0.9525395359954644 106778 376911
0.951989661095929 109312 379981
0.9512773945192465 110388 386164
0.9502416201724413 116328 390780
0.949191912521615 121815 395991
0.9481456391358644 125861 402608
0.9470714991420716 128165 411251
0.9460525036332071 134011 415790
0.9453948909321567 135886 420617
0.9443690268931411 135841 431117
0.9429318360199261 143776 437829
0.9416028735575228 151226 443923
0.9402304431114481 157660 451476
0.9387259406427512 162951 461518
0.9375758543298577 169230 466960
0.9368965566979012 170635 472478
0.9358402748825015 167381 486497
0.9343612840972234 172893 496058
0.9327489457051522 180076 505307
0.9314537371623491 181811 516772
0.9302335918419131 179939 531079
0.9293016304222508 181623 538893
0.9287320330289953 179180 547141
0.9281884379284552 166888 564973
0.9272971970804037 164513 576431
0.9265206606858777 161442 587416
0.9258420499069363 156758 599016
0.9252403666656888 148359 613547
0.9248961551832529 145090 620324
0.9246503599256982 140644 627275
0.9243969111631178 127867 642635
0.9239664505663545 123312 651577
0.9236249864959791 118362 660007
0.9233449467095276 113450 667773
0.9230647106793575 107371 676708
0.922900160321306 105119 680637
0.9227723075386338 102794 684265
0.9226249285059602 95320 693241
0.9223968933049395 92175 698710
0.9222061444104539 89613 703216
0.9220157880034057 87082 707687
0.9218617366842995 83526 712813
0.9217453641591659 82341 715184
0.9216914952584083 80642 717432
0.9215902334996073 77044 722062
0.9214450131478386 75396 725190
0.9213311917910467 73848 727898
0.9212304206415423 72037 730736
0.9211253321302285 70255 733589
