0.9999989616804718 3 0
0.9999989616804718 3 0
0.999997577254434 7 0
0.9999972311479245 8 0
0.9999972311479245 8 0
0.9999972311479245 8 0
0.9999972311479245 8 0
0.9999948084023585 15 0
0.9999937700828302 18 0
0.9999916934437736 24 0
0.9999093200945286 262 0
0.9999093200945286 262 0
0.9998892459169815 320 0
0.9998833621063211 333 4
0.9998612112897175 397 4
0.999848059242359 435 4
0.999848059242359 435 4
0.9998435598577364 448 4
0.9998407910056609 456 4
0.9998373299405666 460 10
0.9998335227689629 454 27
0.9998290233843402 461 33
0.9998266006387742 468 33
0.9998179479760384 485 41
0.9998141408044346 496 41
0.9998099875263214 506 43
0.9998054881416988 519 43
0.9997957971594347 544 46
0.9997805684730197 585 49
0.9997601481889631 641 52
0.9997296908161329 717 64
0.9997110010646236 762 73
0.9996715449225483 874 75
0.9996279355023597 979 96
0.9995414088750015 1213 112
0.9994448451588698 1477 127
0.9993659328747191 1697 135
0.9992880589100968 1901 156
0.9992351046141535 2026 184
0.9991776509335877 2164 212
0.9991305804483048 2279 233
0.9990558214422673 2475 253
0.9989689487083997 2697 282
0.9988817298680227 2890 341
0.9988135468856644 3048 380
0.9987155987434949 3298 413
0.9985799249917973 3681 422
0.998386105346515 4192 471
0.9982666986007606 4490 518
0.9981144117366102 4922 526
0.9979181693457618 5451 564
0.9977388861738756 5910 623
0.9975284534161405 6442 699
0.9973128290607638 7004 760
0.9970494420070855 7706 819
0.996761135284728 8419 939
0.9964396023374649 9265 1022
0.9961083784079378 10168 1076
0.9958740643010517 10777 1144
0.9956515178154864 11311 1253
0.9953590578150158 12027 1382
0.9951212826430355 12648 1448
0.9948527039917155 13326 1546
0.9946176976718107 13875 1676
0.9943961895057738 14369 1822
0.9940670422153032 15206 1936
0.993779773812474 15890 2082
0.9934620480368147 16592 2298
0.9930083024029482 17819 2382
0.9926172020472892 18869 2462
0.9922056814075736 19753 2767
0.9918239259276693 20769 2854
0.9912957673942748 22116 3033
0.9908146793461633 23382 3157
0.9902148767653163 24902 3370
0.9898158159599403 25865 3560
0.9892803891898477 27169 3803
0.9887155433664534 28219 4385
0.9882431079810776 29055 4914
0.9876765316251362 29957 5649
0.9871604868195719 30481 6616
0.9866226373039133 31346 7305
0.9859892623916514 32569 7912
0.9853898059173137 33679 8534
0.9848703000466552 34521 9193
0.9842642675486384 35076 10389
0.9836613500092064 35335 11872
0.9830591246827934 35634 13313
0.9823783331787391 35482 15432
0.9816885429054395 32267 20640
0.9808734620757253 29387 25875
0.9803030785481801 26582 30328
0.979775958334314 24956 33477
0.9791439678480897 24180 36079
0.978486019373658 24573 37587
0.9779388249822447 24228 39513
0.9773317541646996 24511 40984
0.9767433730986639 24617 42578
0.9761913332161186 24398 44392
0.9757178595112146 24166 45992
0.9751222102084807 24248 47631
0.974528291438294 24116 49479
0.9740174382303712 23671 51400
0.9734923946555617 23222 53366
0.9728597119563186 23094 55322
0.9724492296361313 22631 56971
0.972008289943114 22119 58757
0.9715926160252851 21536 60541
0.9712129371844374 20920 62254
0.970774420236986 20713 63728
0.9704210454908552 19960 65502
0.9700659402121772 19631 66857
0.9697610203773669 18952 68417
0.9694031462466134 18348 70055
0.9689961249915204 17979 71600
0.9685811432867105 17591 73187
0.9682142703867117 17188 74650
0.9678868536287883 16603 76181
0.9675826260069968 16328 77335
0.9673230461249223 15601 78812
0.9670831943138853 14823 80283
0.9667433177216224 14411 81677
0.9664266302654914 12923 84080
0.9661172110460585 11182 86715
0.9658555545249273 9949 88704
0.9656721180749279 8673 90510
0.9654589164651173 7387 92412
0.965269942310967 6314 94031
0.9650622784053073 5908 95037
0.9648518456475722 5308 96245
0.9646590643218181 4696 97414
0.9644790889369131 4251 98379
0.9643067278952155 4048 99080
0.9641440578357822 3708 99890
0.9639993853148392 3240 100776
0.9638204482494624 3223 101310
0.9636647003202178 3195 101788
0.963493723704558 3157 102320
0.9633480128640868 3148 102750
0.9632061091952193 3131 103177
0.9630884329820122 3114 103534
0.9629537975498428 3096 103941
0.9628177776916357 3079 104351
0.9626651447209759 3067 104804
0.9625360469929575 3062 105182
0.9623996810282409 3054 105584
0.9622619306374867 3122 105914
0.9621688279864492 3116 106189
0.9620677648856949 3104 106493
0.9619698167435254 3110 106770
0.9618753296664503 3135 107018
0.9617690749680544 3154 107306
0.9616877399383377 3144 107551
0.9616129809323002 3159 107752
0.9615451440564513 3151 107956
0.9614707311569233 3143 108179
0.9613959721508858 3107 108431
0.9613035617128672 3088 108717
0.9612042291446601 3083 109009
0.9611035121504151 3061 109322
0.9610111017123966 3030 109620
0.960908308079095 3054 109893
0.9607992845286237 3081 110181
0.9606663796290015 3134 110512
0.9605653165282472 3121 110817
0.9604466019955117 3134 111147
0.960359729261644 3084 111448
0.9602638577585312 3112 111697
0.9601700628944749 3093 111987
0.9600703842197582 3087 112281
0.9599689750124945 3113 112548
0.9598668735922118 3105 112851
0.9597741170476838 3107 113117
0.9596851676747595 3072 113409
0.9595868734260806 3041 113724
0.9595027695442885 3007 114001
0.9594134740648548 2973 114293
0.9593331773546664 2986 114512
0.9592487273663648 2990 114752
0.9591635851650443 2996 114992
0.9590915950110823 2983 115213
0.959018566537592 2960 115447
0.9589604206440073 2948 115627
0.9588901610225925 2914 115864
0.958815402016555 2901 116093
0.9587420274365552 2896 116310
0.9586679606435367 2906 116514
0.9585928555309897 2898 116739
0.9585142893533485 2882 116982
0.9584343387496694 2894 117201
0.958346773802783 2902 117446
0.958266823199104 2877 117702
0.9581744127610854 2895 117951
0.9581031148201423 2869 118183
0.9580217797904256 2883 118404
0.9579400986541995 2843 118680
0.9578649935416526 2853 118887
0.9577836585119358 2837 119138
0.9577009390561814 2862 119352
0.9576196040264647 2841 119608
0.9575351540381631 2872 119821
0.9574576261800501 2886 120031
0.95737836778939 2848 120298
0.9572987632922205 2863 120513
0.9572198510080698 2853 120751
0.9571115196706174 2940 120977
0.9570222241911837 2957 121218
0.9569356975638255 2950 121475
0.9568578235992031 2926 121724
0.9567886022973165 2898 121952
0.9567076133741093 2875 122209
0.956629047196468 2888 122423
0.9565522115513739 2871 122662
0.9564736453737327 2847 122913
0.9564047701783556 2834 123125
0.9563338183439218 2841 123323
0.9562732497047711 2821 123518
0.9562182187697713 2807 123691
0.9561510741069413 2812 123880
0.9560642013730738 2834 124109
0.9559818280238287 2855 124326
0.9559081073373196 2849 124545
0.9558368093963764 2822 124778
0.9557752024376973 2792 124986
0.9557035583902448 2787 125198
0.9556322604493016 2795 125396
0.955558193656283 2812 125593
0.9554896645674154 2799 125804
0.9554204432655288 2779 126024
0.955355029135246 2764 126228
0.9552736941055293 2786 126441
0.9552030883776049 2801 126630
0.9551200228153411 2797 126874
0.955025535738266 2854 127090
0.9549334714067569 2892 127318
0.9548462525663798 2906 127556
0.954760072045531 2883 127828
0.954672160992135 2868 128097
0.9546012091577013 2841 128329
0.95451052925223 2859 128573
0.9544215798793058 2842 128847
0.9543350532519476 2825 129114
0.9542620247784572 2795 129355
0.9541952262221367 2762 129581
0.9541215055356275 2741 129815
0.9540647440680805 2704 130016
0.9539965610857223 2689 130228
0.9539183410145905 2709 130434
0.9538397748369493 2724 130646
0.9537535943161004 2707 130912
0.9536871418662893 2698 131113
0.953617228351384 2706 131307
0.9535514681145917 2695 131508
0.9534718636174222 2711 131722
0.9533922591202526 2697 131966
0.9533147312621397 2728 132159
0.9532299351673287 2745 132387
0.9531486001376119 2777 132590
0.9530783405161971 2759 132811
0.9530039276166691 2767 133018
0.9529198237348768 2783 133245
0.952852679072047 2770 133452
0.9527768817464811 2733 133708
0.9527048915925191 2723 133926
0.9526221721367647 2739 134149
0.9525619496041233 2727 134335
0.9525041498170481 2711 134518
0.9524397740062936 2693 134722
0.9523612078286524 2708 134934
0.9522888715681809 2664 135187
0.9522144586686528 2631 135435
0.9521507750709173 2643 135607
0.9520722088932759 2589 135888
0.952013024680163 2549 136099
0.9519489949759179 2506 136327
0.9518908490823332 2457 136544
0.9518025919224279 2504 136752
0.9517261023838431 2497 136980
0.9516686487032774 2532 137111
0.9516201937919567 2484 137299
0.9515769304782776 2393 137515
0.9515153235195987 2353 137733
0.951474829057995 2256 137947
0.9514229130815801 2232 138121
0.9513664977205425 2243 138273
0.9513097362529955 2246 138434
0.9512588585961089 2240 138587
0.951212480323845 2231 138730
0.9511571032823357 2161 138960
0.9511048411994113 2112 139160
0.9510546557555436 2133 139284
0.951006200844223 2072 139485
0.9509511699092232 2090 139626
0.9509020227848838 2094 139764
0.9508525295540349 2034 139967
0.9507978447255444 1989 140170
0.950746274855639 1936 140372
0.9506978199443183 1941 140507
0.9506434812223374 1958 140647
0.9505988334826206 1948 140786
0.9505403414825264 1972 140931
0.9504853105475266 1952 141110
0.9504299335060175 1963 141259
0.9503586355650743 2036 141392
0.9502918370087537 2076 141545
0.9502181163222445 2167 141667
0.9501461261682825 2241 141801
0.9500775970794149 2315 141925
0.9500094140970565 2384 142053
0.949937770049604 2474 142170
0.9498657798956419 2551 142301
0.9497934436351705 2634 142427
0.9497207612681896 2712 142559
0.9496532704988503 2767 142699
0.9495819725579071 2854 142818
0.9495151740015866 2924 142941
0.9494449143801716 2995 143073
0.9493718859066814 3095 143184
0.9493023184982854 3140 143340
0.949229982237814 3182 143507
0.9491621453619651 3204 143681
0.9490915396340408 3231 143858
0.9490264716102674 3173 144104
0.9489479054326262 3241 144263
0.9488700314680039 3263 144466
0.9487762366039475 3402 144598
0.9486869411245139 3532 144726
0.948595915112533 3654 144867
0.9485090423786654 3784 144988
0.9484235540708356 3913 145106
0.9483276825677227 4067 145229
0.9482241967214022 4223 145372
0.948107212721214 4434 145499
0.9479871137624408 4618 145662
0.9478690914427242 4817 145804
0.9477434547798002 5068 145916
0.9476219713949892 5281 146054
0.9474887203888576 5518 146202
0.9473589304478203 5735 146360
0.9472218722700849 5940 146551
0.9470810069207458 6175 146723
0.9469432565299916 6419 146877
0.946806890565275 6681 147009
0.9466656791094265 6938 147160
0.9465178916298986 7241 147284
0.9463527988248992 7558 147444
0.946196704789145 7749 147704
0.9460416490729191 7920 147981
0.9458859011436743 8158 148193
0.9457291148949013 8412 148392
0.9455768280307508 8675 148569
0.9452694854503746 9200 148932
0.945267408811318 9244 148894
0.9451106225625449 9569 149022
0.944950721355187 9766 149287
0.9447897818283008 9942 149576
0.9446343800055654 9971 149996
0.9444755171177357 9950 150476
0.9443152698038684 9917 150972
0.9441577913420764 9862 151482
0.9439989284542468 9759 152044
0.9438379889273606 9684 152584
0.9436756649744366 9673 153064
0.9435164559800975 9721 153476
