3 0
3 0
7 0
8 0
8 0
8 0
8 0
15 0
18 0
24 0
262 0
262 0
320 0
333 4
397 4
435 4
435 4
448 4
456 4
460 10
454 27
461 33
468 33
485 41
496 41
506 43
519 43
544 46
585 49
641 52
717 64
762 73
874 75
979 96
1213 112
1477 127
1697 135
1901 156
2026 184
2164 212
2279 233
2475 253
2697 282
2890 341
3048 380
3298 413
3681 422
4192 471
4490 518
4922 526
5451 564
5910 623
6442 699
7004 760
7706 819
8419 939
9265 1022
10168 1076
10777 1144
11311 1253
12027 1382
12648 1448
13326 1546
13875 1676
14369 1822
15206 1936
15890 2082
16592 2298
17819 2382
18869 2462
19753 2767
20769 2854
22116 3033
23382 3157
24902 3370
25865 3560
27169 3803
28219 4385
29055 4914
29957 5649
30481 6616
31346 7305
32569 7912
33679 8534
34521 9193
35076 10389
35335 11872
35634 13313
35482 15432
32267 20640
29387 25875
26582 30328
24956 33477
24180 36079
24573 37587
24228 39513
24511 40984
24617 42578
24398 44392
24166 45992
24248 47631
24116 49479
23671 51400
23222 53366
23094 55322
22631 56971
22119 58757
21536 60541
20920 62254
20713 63728
19960 65502
19631 66857
18952 68417
18348 70055
17979 71600
17591 73187
17188 74650
16603 76181
16328 77335
15601 78812
14823 80283
14411 81677
12923 84080
11182 86715
9949 88704
8673 90510
7387 92412
6314 94031
5908 95037
5308 96245
4696 97414
4251 98379
4048 99080
3708 99890
3240 100776
3223 101310
3195 101788
3157 102320
3148 102750
3131 103177
3114 103534
3096 103941
3079 104351
3067 104804
3062 105182
3054 105584
3122 105914
3116 106189
3104 106493
3110 106770
3135 107018
3154 107306
3144 107551
3159 107752
3151 107956
3143 108179
3107 108431
3088 108717
3083 109009
3061 109322
3030 109620
3054 109893
3081 110181
3134 110512
3121 110817
3134 111147
3084 111448
3112 111697
3093 111987
3087 112281
3113 112548
3105 112851
3107 113117
3072 113409
3041 113724
3007 114001
2973 114293
2986 114512
2990 114752
2996 114992
2983 115213
2960 115447
2948 115627
2914 115864
2901 116093
2896 116310
2906 116514
2898 116739
2882 116982
2894 117201
2902 117446
2877 117702
2895 117951
2869 118183
2883 118404
2843 118680
2853 118887
2837 119138
2862 119352
2841 119608
2872 119821
2886 120031
2848 120298
2863 120513
2853 120751
2940 120977
2957 121218
2950 121475
2926 121724
2898 121952
2875 122209
2888 122423
2871 122662
2847 122913
2834 123125
2841 123323
2821 123518
2807 123691
2812 123880
2834 124109
2855 124326
2849 124545
2822 124778
2792 124986
2787 125198
2795 125396
2812 125593
2799 125804
2779 126024
2764 126228
2786 126441
2801 126630
2797 126874
2854 127090
2892 127318
2906 127556
2883 127828
2868 128097
2841 128329
2859 128573
2842 128847
2825 129114
2795 129355
2762 129581
2741 129815
2704 130016
2689 130228
2709 130434
2724 130646
2707 130912
2698 131113
2706 131307
2695 131508
2711 131722
2697 131966
2728 132159
2745 132387
2777 132590
2759 132811
2767 133018
2783 133245
2770 133452
2733 133708
2723 133926
2739 134149
2727 134335
2711 134518
2693 134722
2708 134934
2664 135187
2631 135435
2643 135607
2589 135888
2549 136099
2506 136327
2457 136544
2504 136752
2497 136980
2532 137111
2484 137299
2393 137515
2353 137733
2256 137947
2232 138121
2243 138273
2246 138434
2240 138587
2231 138730
2161 138960
2112 139160
2133 139284
2072 139485
2090 139626
2094 139764
2034 139967
1989 140170
1936 140372
1941 140507
1958 140647
1948 140786
1972 140931
1952 141110
1963 141259
2036 141392
2076 141545
2167 141667
2241 141801
2315 141925
2384 142053
2474 142170
2551 142301
2634 142427
2712 142559
2767 142699
2854 142818
2924 142941
2995 143073
3095 143184
3140 143340
3182 143507
3204 143681
3231 143858
3173 144104
3241 144263
3263 144466
3402 144598
3532 144726
3654 144867
3784 144988
3913 145106
4067 145229
4223 145372
4434 145499
4618 145662
4817 145804
5068 145916
5281 146054
5518 146202
5735 146360
5940 146551
6175 146723
6419 146877
6681 147009
6938 147160
7241 147284
7558 147444
7749 147704
7920 147981
8158 148193
8412 148392
8675 148569
9200 148932
9244 148894
9569 149022
9766 149287
9942 149576
9971 149996
9950 150476
9917 150972
9862 151482
9759 152044
9684 152584
9673 153064
9721 153476
