3 0
3 0
3 0
3 1
5 1
8 1
6 3
12 3
12 3
22 3
39 6
43 6
82 7
114 9
122 9
149 9
168 16
241 19
252 25
283 25
315 52
366 67
505 71
704 90
803 103
912 117
1151 141
1276 176
1566 249
1835 274
1943 302
2116 344
2356 382
2767 416
3138 475
3339 525
3475 582
3760 657
4013 748
4307 895
4468 999
4941 1049
5132 1168
5388 1245
5477 1402
5627 1589
5958 1749
6148 1919
6267 2151
6403 2343
6441 2495
6591 2651
6780 2930
7073 3023
7033 3384
7144 3491
7363 3673
7557 3782
7549 4067
7716 4262
7506 4734
7495 5072
7414 5318
7504 5659
7425 6087
7542 6295
7455 6652
7467 7032
7465 7346
7280 7851
7350 8012
7361 8227
7091 8687
7005 8997
6141 10106
5997 10440
6036 10668
5874 10997
5986 11050
5888 11303
5884 11503
5848 11737
5769 11943
5494 12363
5486 12584
5448 12835
5339 13090
5205 13389
4927 13864
4905 14077
4828 14305
4735 14522
4696 14702
4703 14814
4573 15096
4683 15224
4642 15461
4549 15741
4508 15971
4439 16165
4485 16264
4482 16463
4530 16652
4579 16825
4650 17029
4870 17129
4921 17244
4907 17508
5192 17568
5299 17781
5361 18039
5495 18235
5622 18423
5737 18554
5779 18726
5880 18946
5815 19471
5937 19760
5903 20119
5887 20426
6036 20546
6269 20701
6315 20981
6696 21050
6913 21253
6997 21585
7197 21776
7242 21981
7287 22333
7559 22616
7986 22803
8405 22976
8794 23285
9106 23429
9355 23593
9851 23734
10225 24001
10843 24160
11502 24300
12194 24497
12815 24643
13354 24785
12605 26528
13399 26764
14287 26988
14895 27499
16140 27538
16968 27830
17902 28000
18686 28367
19520 28715
20678 28913
21536 29350
22386 29725
23181 30005
23827 30182
24755 30486
25445 31105
26337 31558
27368 31905
28092 32531
28949 32819
29507 33040
30413 33349
31322 33855
32224 34407
33222 34824
34086 35288
34883 35578
35406 35788
35999 36209
36945 36672
37613 37350
38636 37719
39232 38312
39946 38559
40504 38826
41207 39183
41939 39707
43014 40136
43905 40563
44906 40927
45542 41243
46050 41490
46458 42135
47469 42422
48216 43040
49157 43438
49986 43878
50814 44200
51517 44380
52228 44805
53284 45020
54609 45075
55965 45110
55448 46938
56307 47188
56758 47429
57818 47480
59482 47529
61134 47556
17622 92595
18029 93521
18575 94206
18482 95107
17976 96672
18307 98108
18586 99468
18892 100791
18994 102241
19348 103325
19852 104092
19986 105428
20271 107301
20802 108856
21504 110497
22060 112005
22762 113138
23917 113574
24593 115019
25803 116767
27341 118359
28795 120091
30417 121986
31930 123353
32973 124379
34411 126050
36162 128315
37807 130683
39691 132825
41100 135368
43622 136766
44841 138013
45863 140391
47202 143900
48752 147252
50358 150674
51543 154250
53516 156132
54211 158281
55012 162204
56023 166536
58424 170616
60822 174764
61858 179481
63621 183042
66190 184514
69989 188448
73409 193679
78177 198625
83428 203634
88092 208907
91193 212558
92189 214802
94701 219594
97619 226475
100810 233426
103233 240492
105321 247864
107523 252758
109504 255708
110969 262505
112927 270816
114665 279186
114691 288432
115582 297226
113450 305195
115831 307021
116044 314561
115918 324426
115123 334226
120307 337541
119173 346809
111491 360045
110843 364519
107170 372464
101654 382896
99334 392877
98009 402264
96952 411393
95644 417932
95668 421568
95218 429457
93403 438637
91480 447627
89283 456284
87159 464741
85590 470745
85313 474274
87010 478748
88388 483361
86338 491108
83681 499105
80269 507675
78123 513171
77406 516377
75177 523615
73062 531189
69820 538741
67042 545331
62320 551440
60142 555667
59754 558675
58335 564731
58289 569652
55703 576560
53995 582206
50143 587252
49553 590876
50304 593255
50254 598034
50944 603063
50952 608006
52286 611513
55095 613107
56020 615264
55836 617435
55042 621926
54301 627091
53337 631580
52499 635771
54266 637222
54009 639635
52433 642720
50293 647605
47542 653356
44934 658842
42924 663551
41283 667911
40109 670901
39845 672716
38905 676533
38197 680415
37407 684106
36879 687371
36122 690796
35814 692929
35887 694169
35746 696986
35613 699871
35382 702770
35292 705440
35060 708283
35060 710258
34995 711642
34980 714454
34813 717669
34643 720483
34433 723243
34372 725719
34446 727517
34329 728965
34467 731503
34488 734297
35005 736838
35124 739431
34997 742279
35515 744180
35909 745420
36446 748265
36913 751135
38188 753783
39479 756253
40308 758856
