0.9999998438687898 3 0
0.9999998438687898 3 0
0.9999998438687898 3 0
0.999999791825053 3 1
0.9999996877375796 5 1
0.9999995316063695 8 1
0.9999995316063695 6 3
0.9999992193439492 12 3
0.9999992193439492 12 3
0.9999986989065819 22 3
0.9999976580318475 39 6
0.9999974498569005 43 6
0.9999953681074316 82 7
0.999993598620383 114 9
0.9999931822704892 122 9
0.9999917770895976 149 9
0.9999904239524429 168 16
0.9999864686284519 241 19
0.9999855838849275 252 25
0.9999839705290892 283 25
0.9999808999486224 315 52
0.9999774650619987 366 67
0.9999700228076471 505 71
0.9999586772730414 704 90
0.9999528483745284 803 103
0.9999464469949114 912 117
0.9999327594921531 1151 141
0.9999244324942773 1276 176
0.9999055406178465 1566 249
0.9998902397592498 1835 274
0.9998831618110554 1943 302
0.9998719724076598 2116 344
0.9998575042488507 2356 382
0.9998343447860086 2767 416
0.9998119659792175 3138 475
0.9997989030012998 3339 525
0.9997888585601121 3475 582
0.9997701228148916 3760 657
0.9997522197694587 4013 748
0.9997292684815636 4307 895
0.9997154768913319 4468 999
0.9996882580170254 4941 1049
0.9996721244586411 5132 1168
0.9996547938943121 5388 1245
0.999641991135078 5477 1402
0.9996244523958022 5627 1589
0.9995988989210709 5958 1749
0.9995801631758504 6148 1919
0.9995618958242604 6267 2151
0.999544825478615 6403 2343
0.9995349371686375 6441 2495
0.9995190117852001 6591 2651
0.9994946553164135 6780 2930
0.9994745664340381 7073 3023
0.9994578603945499 7033 3384
0.9994465148599441 7144 3491
0.9994256453215179 7363 3673
0.9994098760692907 7557 3782
0.9993954599542182 7549 4067
0.9993766201215242 7716 4262
0.9993629846625026 7506 4734
0.999345966360594 7495 5072
0.9993373791440345 7414 5318
0.9993149482935066 7504 5659
0.9992967850293901 7425 6087
0.999279870814955 7542 6295
0.9992658190060396 7455 6652
0.9992454178612439 7467 7032
0.9992291802153861 7465 7346
0.9992125262196345 7280 7851
0.9992005041164514 7350 8012
0.9991887422319519 7361 8227
0.9991788539219744 7091 8687
0.9991671961249483 7005 8997
0.999154445409451 6141 10106
0.9991445570994735 5997 10440
0.9991306614217683 6036 10668
0.9991219701177354 5874 10997
0.999113382901176 5986 11050
0.9991053161219838 5888 11303
0.9990951155495861 5884 11503
0.9990848108897148 5848 11737
0.9990782013351508 5769 11943
0.9990706549933259 5494 12363
0.9990595696774037 5486 12584
0.9990484843614816 5448 12835
0.99904088597592 5339 13090
0.9990322987593606 5205 13389
0.999022046143226 4927 13864
0.9990121057895118 4905 14077
0.9990042471852666 4828 14305
0.9989977937619128 4735 14522
0.9989904555950347 4696 14702
0.9989842623903646 4703 14814
0.9989763517423826 4573 15096
0.9989639653330424 4683 15224
0.9989537647606446 4642 15461
0.9989440325818773 4549 15741
0.9989341963156365 4508 15971
0.998927690848546 4439 16165
0.9989201445067212 4485 16264
0.9989099439343233 4482 16463
0.9988976095687198 4530 16652
0.9988860558591671 4579 16825
0.9988717438315682 4650 17029
0.9988550898358166 4870 17129
0.9988464505755205 4921 17244
0.9988334396413395 4907 17508
0.9988154845521698 5192 17568
0.9987988305564183 5299 17781
0.9987821765606668 5361 18039
0.9987650021275479 5495 18235
0.99874860835048 5622 18423
0.998735805591246 5737 18554
0.9987246682315871 5779 18726
0.9987079621920989 5880 18946
0.998684022073206 5815 19471
0.9986626320974126 5937 19760
0.9986457178829774 5903 20119
0.9986305731555908 5887 20426
0.9986165733904121 6036 20546
0.9985963804205633 6269 20701
0.9985794141623915 6315 20981
0.9985559944808658 6696 21050
0.9985341361114419 6913 21253
0.9985124859169648 6997 21585
0.9984921368159059 7197 21776
0.9984791258817249 7242 21981
0.9984584645182457 7287 22333
0.9984295802443641 7559 22616
0.9983976253900158 7986 22803
0.9983668154978753 8405 22976
0.9983304889696423 8794 23285
0.9983067570256963 9106 23429
0.9982852629624294 9355 23593
0.9982521111021364 9851 23734
0.9982187510668966 10225 24001
0.9981783130834624 10843 24160
0.9981367301378201 11502 24300
0.9980904632558728 12194 24497
0.9980505457098058 12815 24643
0.998015103925097 13354 24785
0.9979633724507937 12605 26528
0.9979097674019684 13399 26764
0.9978518947667316 14287 26988
0.9977936578253379 14895 27499
0.9977268336673847 16140 27538
0.9976685446822543 16968 27830
0.9976110883969114 17902 28000
0.9975511860559424 18686 28367
0.997489670359135 19520 28715
0.9974190990521379 20678 28913
0.9973517024130807 21536 29350
0.9972879488355942 22386 29725
0.9972320018186164 23181 30005
0.9971891698232928 23827 30182
0.9971250519396493 24755 30486
0.9970569266882781 25445 31105
0.9969869278623847 26337 31558
0.9969152115931795 27368 31905
0.9968449525486026 28092 32531
0.996785362470054 28949 32819
0.9967448203991464 29507 33040
0.9966815872590271 30413 33349
0.9966079453715632 31322 33855
0.996532273778367 32224 34407
0.996458631890903 33222 34824
0.996389517808534 34086 35288
0.9963329462667154 34883 35578
0.996294798207697 35406 35788
0.9962420258586592 35999 36209
0.9961686962336156 36945 36672
0.9960986453639855 37613 37350
0.9960262004824663 38636 37719
0.9959643204795019 39232 38312
0.9959143064485104 39946 38559
0.9958713703657134 40504 38826
0.9958162040047863 41207 39183
0.9957508370714615 41939 39707
0.9956725632914291 43014 40136
0.9956039696464274 43905 40563
0.9955329299457996 44906 40927
0.9954833843084386 45542 41243
0.9954440912872123 46050 41490
0.9953892892324423 46458 42135
0.995321736462175 47469 42422
0.9952506967615472 48216 43040
0.9951810101980743 49157 43438
0.9951149666961719 49986 43878
0.9950551163989398 50814 44200
0.9950091617794128 51517 44380
0.9949500400944947 52228 44805
0.994883892505119 53284 45020
0.9948120721484404 54609 45075
0.9947396793106578 55965 45110
0.9946714499718131 55448 46938
0.9946137334677866 56307 47188
0.9945777192019738 56758 47429
0.9945198986104739 57818 47480
0.9944307476894663 59482 47529
0.9943433662555072 61134 47556
0.9942638954695303 17622 92595
0.9941945211684776 18029 93521
0.9941304553285708 18575 94206
0.9940884039892981 18482 95107
0.9940332896721078 17976 96672
0.9939413283893171 18307 98108
0.993856028704827 18586 99468
0.9937712494577042 18892 100791
0.9936904775783092 18994 102241
0.9936156386849005 19348 103325
0.9935494910955248 19852 104092
0.993472986802541 19986 105428
0.9933606764186914 20271 107301
0.993252113183886 20802 108856
0.9931301747087424 21504 110497
0.9930227564361448 22060 112005
0.9929272561792569 22762 113138
0.9928444545941296 23917 113574
0.9927340698285387 24593 115019
0.9925801244553103 25803 116767
0.9924172275593652 27341 118359
0.9922514162141637 28795 120091
0.9920683783921067 30417 121986
0.9919184924303426 31930 123353
0.9918108139390613 32973 124379
0.9916490099615876 34411 126050
0.9914400023149054 36162 128315
0.9912311507994335 37807 130683
0.9910216227153841 39691 132825
0.9908159458678522 41100 135368
0.9906119344198955 43622 136766
0.990483594565135 44841 138013
0.9903066458602746 45863 140391
0.9900543378246385 47202 143900
0.9897992194272192 48752 147252
0.9895375435189726 50358 150674
0.9892897632884314 51543 154250
0.9890891346833618 53516 156132
0.9889411222961197 54211 158281
0.9886952676838372 55012 162204
0.9884171979985228 56023 166536
0.9880799025408169 58424 170616
0.9877392242402239 60822 174764
0.9874398166228527 61858 179481
0.9871627357685361 63621 183042
0.9869524270284359 66190 184514
0.9865499728123519 69989 188448
0.9860997424459557 73409 193679
0.9855941895874223 78177 198625
0.9850602208486376 83428 203634
0.9845430622368149 88092 208907
0.9841916629264568 91193 212558
0.9840230412194721 92189 214802
0.9836429137664428 94701 219594
0.9831329371902877 97619 226475
0.9826051096124365 100810 233426
0.9821112665946659 103233 240492
0.9816189328452603 105321 247864
0.9812496304894692 107523 252758
0.980993002823685 109504 255708
0.9805630174708743 110969 262505
0.9800285803384592 112927 270816
0.9795025222476565 114665 279186
0.9790199727207549 114691 288432
0.9785159291305865 115582 297226
0.9782121498393306 113450 305195
0.9779932018389342 115831 307021
0.9775897067481158 116044 314561
0.9770828527961642 115918 324426
0.9766141989469679 115123 334226
0.9761718792285536 120307 337541
0.9757485554740435 119173 346809
0.9754595045602804 111491 360045
0.9752603852235757 110843 364519
0.9750380543802923 107170 372464
0.9747822073705589 101654 382896
0.9743835003035191 99334 392877
0.9739639236980531 98009 402264
0.9735438266552198 96952 411393
0.9732715858684184 95644 417932
0.9730811057920099 95668 421568
0.9726939524345227 95218 429457
0.9723106503135531 93403 438637
0.9719428572261272 91480 447627
0.9716066546868923 89283 456284
0.9712770617022216 87159 464741
0.9710462477298522 85590 470745
0.9708770014980269 85313 474274
0.9705558395987053 87010 478748
0.970244045571994 88388 483361
0.9699475524038794 86338 491108
0.9696696388497751 83681 499105
0.9694011972557546 80269 507675
0.9692268507377304 78123 513171
0.9690973138770252 77406 516377
0.9688366267997766 75177 523615
0.9685525200410021 73062 531189
0.9683282115357232 69820 538741
0.9681298208113327 67042 545331
0.968057636148497 62320 551440
0.9679509985319503 60142 555667
0.9678146439417343 59754 558675
0.9675733171345468 58335 564731
0.9673196039180191 58289 569652
0.9670946708878995 55703 576560
0.9668897226526818 53995 582206
0.9668275824310337 50143 587252
0.9666696817338142 49553 590876
0.9665067848378692 50304 593255
0.9662606700069031 50254 598034
0.9659630318765806 50944 603063
0.9657053633360618 50952 608006
0.9654534196065827 52286 611513
0.9652242710337885 55095 613107
0.9650638722372062 56020 615264
0.9649604613323363 55836 617435
0.964768055637669 55042 621926
0.9645378141464036 54301 627091
0.9643543599744527 53337 631580
0.9641798573252184 52499 635771
0.9640123805804417 54266 637222
0.9639001742840655 54009 639635
0.9638216402853496 52433 642720
0.9636787802280432 50293 647605
0.9635226490178722 47542 653356
0.9633728671435816 44934 658842
0.9632324010981644 42924 663551
0.9630908941780129 41283 667911
0.9629963827521227 40109 670901
0.9629156629164644 39845 672716
0.9627659330859105 38905 676533
0.9626007462655496 38197 680415
0.9624497673853143 37407 684106
0.9623073236779017 36879 687371
0.962168470988323 36122 690796
0.9620734911688024 35814 692929
0.9620051577424843 35887 694169
0.9618658887030118 35746 696986
0.9617226643395483 35613 699871
0.9615838116499696 35382 702770
0.9614495388092227 35292 705440
0.9613136526126372 35060 708283
0.961210866232608 35060 710258
0.9611422205438696 34995 711642
0.9609966542122536 34980 714454
0.9608380249027199 34813 717669
0.9607004212628225 34643 720483
0.9605677097341773 34433 723243
0.9604420241099897 34372 725719
0.960344598234843 34446 727517
0.9602753280212638 34329 728965
0.9601360589817913 34467 731503
0.9599895558629143 34488 734297
0.9598304061160134 35005 736838
0.9596892635020189 35124 739431
0.9595476524943939 34997 742279
0.9594217586952594 35515 744180
0.959336719229453 35909 745420
0.9591607073118535 36446 748265
0.9589870373624068 36913 751135
0.9587828697832399 38188 753783
0.9585871332894222 39479 756253
0.9584085191849867 40308 758856
