0.9999999862962566 0 2
0.999999979444385 1 2
0.999999979444385 1 2
0.999999979444385 1 2
0.9999999725925134 2 2
0.9999999109256684 11 2
0.9999999109256684 11 2
0.9999998835181818 14 3
0.9999998835181818 14 3
0.9999998629625668 17 3
0.9999998629625668 17 3
0.9999998081475935 25 3
0.9999996916657753 42 3
0.999999595739572 51 8
0.9999995683320854 55 8
0.9999993833315505 82 8
0.9999992188866306 106 8
0.9999989927748658 139 8
0.9999986364775394 189 10
0.9999982664764697 243 10
0.9999979033272716 293 13
0.9999974853631003 350 17
0.9999969988802123 421 17
0.9999966083235277 472 23
0.9999954914684468 626 32
0.9999942444278045 799 41
0.9999929014609589 987 49
0.99999133923422 1211 53
0.9999894892288714 1462 72
0.9999874199636297 1761 75
0.9999839871759274 2199 138
0.9999809723523964 2563 214
0.9999756895593455 3283 265
0.9999715715844769 3834 315
0.99996758379517 4355 376
0.9999630752636168 4989 400
0.9999565385780519 5890 453
0.9999486315181547 6945 552
0.9999405805689525 8029 643
0.9999305836881986 9357 774
0.9999183462454114 11028 889
0.9999069241753519 12433 1151
0.9998919459839001 14349 1421
0.9998744188961903 16710 1618
0.9998554118042017 19238 1864
0.9998321976630129 22306 2184
0.9998085724095245 25402 2536
0.9997806852918627 29145 2863
0.9997478990859631 33423 3370
0.9997063767436951 39201 3652
0.9996771329554444 43270 3851
0.9996384746955309 48434 4329
0.999602598295512 53066 4933
0.9995698874602006 57327 5446
0.9995298108628532 62439 6183
0.9994889325965214 67657 6931
0.9994453478408835 73435 7514
0.9994028799403262 79007 8140
0.9993589525911052 84235 9323
0.999318930808731 88141 11258
0.999270289371807 93806 12692
0.9992159334739174 100042 14389
0.9991499979129199 107819 16235
0.9990771419615445 116768 17919
0.9990046423074955 125817 19451
0.9989354246999723 134054 21316
0.9988630757870999 143065 22864
0.9987861224164709 151732 25428
0.9987128142415659 159528 28331
0.9986386975458048 164933 33743
0.9985632447350697 173467 36221
0.9984833793189848 179534 41810
0.9984087007697475 186615 45628
0.9983399902007273 192056 50215
0.9982716496327767 196410 55835
0.9981990334969094 202199 60644
0.9981359962776248 206340 65703
0.9980694714556645 211748 70004
0.9980083116492151 217747 72931
0.9979448427620158 220974 78967
0.9978847929587755 220341 88364
0.997824160746444 221774 95780
0.9977632201998877 223374 103074
0.9976985796426343 224558 111324
0.9976396603982182 227641 116840
0.9975783635543355 230996 122431
0.9975172791184743 227406 134936
0.9974601482125618 224504 146176
0.9974027911948845 223916 155135
0.9973440569510031 223992 163631
0.9972827189958905 224551 172024
0.9972192158493329 229267 176576
0.9971610777182862 233965 180363
0.9971003838391097 231553 191633
0.9970419442257099 230948 200767
0.9969814901620415 230965 209573
0.9969217555448977 231499 217757
0.9968611438881811 231450 226652
0.9967996757475069 234950 232123
0.9967382144587045 239854 236189
0.9966793774367483 236579 248051
0.9966218696778943 234378 258645
0.9965617308003225 234629 267171
0.9965003311783649 235194 275567
0.9964407404505259 238511 280947
0.9963803823130609 241793 286474
0.9963240804836193 245382 291102
0.996267614209258 243671 301054
0.9962140051653794 241281 311268
0.9961607524188272 239262 321059
0.9961061361498144 236610 331682
0.9960522119198394 234146 342016
0.9959993360262285 236636 347243
0.9959473577278053 239422 352043
0.9958965648031796 234682 364196
0.9958474711427259 229318 376725
0.9957987885945717 229997 383151
0.9957522780897343 227642 392294
0.9957053907319556 225118 401661
0.9956589076346049 226067 407496
0.9956131165762918 228316 411930
0.9955673255179789 225650 421279
0.9955224457585969 221723 431756
0.9954761819211393 222287 437944
0.9954302058622915 219942 446999
0.9953848259162782 217426 456138
0.9953387881905854 220143 460140
0.9952937782456418 223002 463850
0.9952501797862605 219634 473581
0.9952054096568251 217381 482368
0.9951609341578711 214920 491320
0.9951155542118578 213629 499234
0.995070427785096 211667 507782
0.9950252945064626 214510 511526
0.9949806819700754 217957 514590
0.9949379262909084 215232 523555
0.994894005793559 211069 534128
0.9948500510368512 208891 542721
0.9948062744288068 207428 550573
0.9947636968983029 206078 558137
0.9947219278886552 208601 561710
0.9946814949939815 211160 565052
0.9946415622859389 208082 573958
0.9946014788367199 204115 583775
0.9945615324249342 201552 592168
0.994521935458603 198745 600754
0.9944819684912022 196096 609236
0.9944426318959942 198652 612421
0.9944042134515889 201097 615583
0.9943673503820508 197468 624592
0.9943300145333679 194655 632854
0.994292438869177 190733 642260
0.9942549728349326 187305 651156
0.9942177740236829 184540 659350
0.9941808629910431 186212 663065
0.9941441095514515 188086 666555
0.9941090211166737 185200 674562
0.9940734873102377 182714 682234
0.9940375903546038 180539 689648
0.9940020222888096 178402 696976
0.9939664953342454 176880 703683
0.993931173935831 178756 706962
0.9938963595759196 180509 710290
0.9938628402197521 178792 716899
0.9938282108603755 176614 724131
0.9937938350202504 175475 730287
0.9937594660319969 173838 736940
0.9937250011175403 172328 743480
0.9936913515758112 173622 747097
0.9936581953688419 175278 750280
0.9936258682383435 173395 756881
0.9935930477730855 171313 763753
0.9935603849008757 169907 769926
0.993527235545778 168884 775787
0.9934939354495037 167509 782022
0.9934610670211441 169081 785247
0.9934289454467956 171253 787763
0.9933971596141585 169171 794484
0.9933653532259064 167382 800915
0.9933333207258894 165585 807387
0.9933007195205247 164366 813364
0.9932675359060686 163231 819342
0.9932339822905428 165484 821986
0.993200188859509 167935 824467
0.9931681906188503 166219 830853
0.9931346644108112 165557 836408
0.9931006928311141 164661 842262
0.993065994953021 163857 848130
0.9930307489251948 163540 853591
0.9929958249353368 165780 856448
0.9929608392786339 168519 858815
0.9929264428828938 166669 865685
0.9928910050026611 165377 872149
0.9928546215641393 164668 878168
0.9928174775678629 164302 883955
0.9927804363496615 164237 889426
0.9927437034656849 166823 892201
0.9927066074325103 169713 894725
0.9926693675100307 169457 900416
0.9926309148062671 169175 906310
0.992592085249562 169011 912141
0.992552323838311 169407 917548
0.9925114866832093 170100 922815
0.9924700808227596 173178 925780
0.9924283529243418 176602 928446
0.9923864948403625 176659 934498
0.992343122492746 177165 940322
0.9922986606975354 177446 946530
0.9922499301862796 180160 950928
0.9921990824466805 181488 957021
0.9921458845151017 186113 960160
0.9920908913931474 191381 962918
0.9920351925284122 192987 969441
0.9919778355107348 195381 975418
0.9919172992246066 198109 981525
0.9918536179293858 201223 987705
0.9917869149587623 205261 993402
0.9917158199384039 212291 996748
0.9916421143549424 219811 999985
0.9915634480163982 224951 1006326
0.9914882076136847 229226 1013032
0.9914104731296864 233467 1020136
0.9913284630777714 238236 1027336
0.9912416293082068 244003 1034242
0.9911495264493346 253096 1038591
0.9910576702578422 262594 1042499
0.990963868134798 268601 1050182
0.9908676610048006 274614 1058210
0.9907747770325591 279599 1066781
0.9906724306255531 285957 1075360
0.9905716875565159 291884 1084136
0.990470252448441 301177 1089647
0.9903616982457099 311542 1095125
0.9902513282969884 317841 1104934
0.9901455079910502 322169 1116050
0.9900379061984799 326287 1127636
0.9899208967861186 331911 1139089
0.9898094853529047 336458 1150802
0.9896971694726314 344987 1158665
0.9895796735773822 354375 1166425
0.989467700290692 357885 1179257
0.9893588514574795 361361 1191667
0.9892395055568817 363870 1206576
0.9891162609413084 367104 1221329
0.9889940646620995 370040 1236227
0.9888681204090918 378003 1246645
0.9887446702373689 385480 1257185
0.988618383390778 388473 1272623
0.9884848883751995 392389 1288190
0.9883539079965207 399061 1300634
0.9882143490745218 402313 1317750
0.9880765647872832 405555 1334617
0.9879378280898837 414200 1346220
0.9877899852550462 424883 1357114
0.9876477061399979 429995 1372767
0.9875135259372532 430970 1391375
0.987367354959101 433460 1410218
0.9872185528622309 436388 1429007
0.9870647900102781 440087 1447749
0.9869119041978979 447699 1462450
0.9867573122694739 456134 1476577
0.9866051938667197 456242 1498670
0.9864632436415111 451668 1523961
0.9863033415125496 449496 1549470
0.9861384923322486 448693 1574332
0.9859703611054218 447224 1600339
0.9858038948834087 453252 1618606
0.9856333449458854 461834 1634915
0.9854683039131779 462696 1658140
0.9853080180794034 460319 1683910
0.985135385172895 460387 1709037
0.9849485551883044 460898 1735793
0.9847648633609346 460408 1763092
0.984584042467791 464484 1785406
0.9844055786184988 472952 1802984
0.9842265666194737 474050 1828012
0.9840549751974579 472033 1855072
0.9838642944609935 470235 1884699
0.9836787594801468 468068 1913944
0.9834838237313808 468760 1941702
0.9832871681628277 475744 1963419
0.9830966998343847 484446 1982515
0.982920250435361 485175 2007538
0.9827432117753745 484621 2033930
0.9825543604886436 486207 2059906
0.982361096596563 487943 2086376
0.9821711010472647 489415 2112633
0.981981639943956 496408 2133291
0.9817973108925218 504341 2152260
0.9816173464833358 505650 2177216
0.9814386907816371 505104 2203836
0.9812482978237825 506463 2230264
0.9810556506001513 508275 2256568
0.9808653604203716 509811 2282804
0.9806700135593058 517057 2304068
0.980471877986474 525809 2324233
0.9802776959435906 529819 2348563
0.9800939698568625 532024 2373172
0.9798918464947236 534561 2400134
0.9796959172245666 535716 2427574
0.9794983572089542 536462 2455661
0.9793075394350566 539798 2480174
0.9791200516707864 546364 2500971
0.9789378741070538 548033 2525890
0.9787590745160503 544861 2555157
0.9785718197154165 543354 2583993
0.9783894708548924 543695 2610265
0.9782117470077397 550384 2629514
0.9780483641279742 554076 2649667
0.9778906683016877 555621 2671137
0.9777265317160395 556765 2693948
0.9775627582795893 557484 2717131
0.9774036715233555 556832 2741001
0.9772438173574957 558147 2763016
0.9770861420868241 557316 2786859
0.9769317008995767 555650 2811065
0.9767739845176753 556551 2833182
0.9766187416614435 554350 2858040
0.9764642730667095 548231 2886703
0.9762977520297231 544484 2914753
0.9761312926595817 540891 2942640
0.975969108857357 537095 2970106
0.9758102961759896 536523 2993856
0.9756560673967637 540350 3012538
0.9755091495646006 538248 3036082
0.975366589522814 533666 3061470
0.9752189727997413 528009 3088671
0.9750738364542101 521649 3116213
0.9749327906760608 514292 3144155
0.9747902717455041 512345 3166902
0.9746600930358097 512000 3186246
0.9745368826795949 505907 3210321
0.9744172215929007 495351 3238341
0.9742880227008538 487190 3265358
0.9741580701029242 479809 3291705
0.9740295906574017 473853 3316412
0.9739056882621491 471708 3336640
0.9737865273620862 470652 3355087
0.9736741155556097 464852 3377293
0.9735629644935189 456174 3402193
0.9734501621303576 448105 3426725
0.973337489952758 440755 3450519
0.9732252631468163 434098 3473555
0.9731169487595933 429702 3493759
0.9730093675226381 429171 3509991
0.9729079050070765 422041 3531929
0.9728102110209286 413595 3554633
0.9727087827647253 406386 3576645
0.9726069159887356 400298 3597600
0.9725066045876131 395894 3616644
0.972410897644247 394355 3632151
0.9723149782928595 394106 3646399
0.9722256984051117 389399 3664136
0.9721391661179003 383883 3682281
0.9720484267814887 378269 3701138
0.9719576942969488 372590 3720059
0.9718701616364747 367593 3737831
0.9717840473134346 363982 3754010
0.9716987072518921 363237 3767210
0.971618684242759 361673 3780453
0.9715391408646421 360753 3792982
0.9714633112009656 355717 3809085
0.9713882489469153 350799 3824958
0.9713100759431307 346028 3841138
