0 2
1 2
1 2
1 2
2 2
11 2
11 2
14 3
14 3
17 3
17 3
25 3
42 3
51 8
55 8
82 8
106 8
139 8
189 10
243 10
293 13
350 17
421 17
472 23
626 32
799 41
987 49
1211 53
1462 72
1761 75
2199 138
2563 214
3283 265
3834 315
4355 376
4989 400
5890 453
6945 552
8029 643
9357 774
11028 889
12433 1151
14349 1421
16710 1618
19238 1864
22306 2184
25402 2536
29145 2863
33423 3370
39201 3652
43270 3851
48434 4329
53066 4933
57327 5446
62439 6183
67657 6931
73435 7514
79007 8140
84235 9323
88141 11258
93806 12692
100042 14389
107819 16235
116768 17919
125817 19451
134054 21316
143065 22864
151732 25428
159528 28331
164933 33743
173467 36221
179534 41810
186615 45628
192056 50215
196410 55835
202199 60644
206340 65703
211748 70004
217747 72931
220974 78967
220341 88364
221774 95780
223374 103074
224558 111324
227641 116840
230996 122431
227406 134936
224504 146176
223916 155135
223992 163631
224551 172024
229267 176576
233965 180363
231553 191633
230948 200767
230965 209573
231499 217757
231450 226652
234950 232123
239854 236189
236579 248051
234378 258645
234629 267171
235194 275567
238511 280947
241793 286474
245382 291102
243671 301054
241281 311268
239262 321059
236610 331682
234146 342016
236636 347243
239422 352043
234682 364196
229318 376725
229997 383151
227642 392294
225118 401661
226067 407496
228316 411930
225650 421279
221723 431756
222287 437944
219942 446999
217426 456138
220143 460140
223002 463850
219634 473581
217381 482368
214920 491320
213629 499234
211667 507782
214510 511526
217957 514590
215232 523555
211069 534128
208891 542721
207428 550573
206078 558137
208601 561710
211160 565052
208082 573958
204115 583775
201552 592168
198745 600754
196096 609236
198652 612421
201097 615583
197468 624592
194655 632854
190733 642260
187305 651156
184540 659350
186212 663065
188086 666555
185200 674562
182714 682234
180539 689648
178402 696976
176880 703683
178756 706962
180509 710290
178792 716899
176614 724131
175475 730287
173838 736940
172328 743480
173622 747097
175278 750280
173395 756881
171313 763753
169907 769926
168884 775787
167509 782022
169081 785247
171253 787763
169171 794484
167382 800915
165585 807387
164366 813364
163231 819342
165484 821986
167935 824467
166219 830853
165557 836408
164661 842262
163857 848130
163540 853591
165780 856448
168519 858815
166669 865685
165377 872149
164668 878168
164302 883955
164237 889426
166823 892201
169713 894725
169457 900416
169175 906310
169011 912141
169407 917548
170100 922815
173178 925780
176602 928446
176659 934498
177165 940322
177446 946530
180160 950928
181488 957021
186113 960160
191381 962918
192987 969441
195381 975418
198109 981525
201223 987705
205261 993402
212291 996748
219811 999985
224951 1006326
229226 1013032
233467 1020136
238236 1027336
244003 1034242
253096 1038591
262594 1042499
268601 1050182
274614 1058210
279599 1066781
285957 1075360
291884 1084136
301177 1089647
311542 1095125
317841 1104934
322169 1116050
326287 1127636
331911 1139089
336458 1150802
344987 1158665
354375 1166425
357885 1179257
361361 1191667
363870 1206576
367104 1221329
370040 1236227
378003 1246645
385480 1257185
388473 1272623
392389 1288190
399061 1300634
402313 1317750
405555 1334617
414200 1346220
424883 1357114
429995 1372767
430970 1391375
433460 1410218
436388 1429007
440087 1447749
447699 1462450
456134 1476577
456242 1498670
451668 1523961
449496 1549470
448693 1574332
447224 1600339
453252 1618606
461834 1634915
462696 1658140
460319 1683910
460387 1709037
460898 1735793
460408 1763092
464484 1785406
472952 1802984
474050 1828012
472033 1855072
470235 1884699
468068 1913944
468760 1941702
475744 1963419
484446 1982515
485175 2007538
484621 2033930
486207 2059906
487943 2086376
489415 2112633
496408 2133291
504341 2152260
505650 2177216
505104 2203836
506463 2230264
508275 2256568
509811 2282804
517057 2304068
525809 2324233
529819 2348563
532024 2373172
534561 2400134
535716 2427574
536462 2455661
539798 2480174
546364 2500971
548033 2525890
544861 2555157
543354 2583993
543695 2610265
550384 2629514
554076 2649667
555621 2671137
556765 2693948
557484 2717131
556832 2741001
558147 2763016
557316 2786859
555650 2811065
556551 2833182
554350 2858040
548231 2886703
544484 2914753
540891 2942640
537095 2970106
536523 2993856
540350 3012538
538248 3036082
533666 3061470
528009 3088671
521649 3116213
514292 3144155
512345 3166902
512000 3186246
505907 3210321
495351 3238341
487190 3265358
479809 3291705
473853 3316412
471708 3336640
470652 3355087
464852 3377293
456174 3402193
448105 3426725
440755 3450519
434098 3473555
429702 3493759
429171 3509991
422041 3531929
413595 3554633
406386 3576645
400298 3597600
395894 3616644
394355 3632151
394106 3646399
389399 3664136
383883 3682281
378269 3701138
372590 3720059
367593 3737831
363982 3754010
363237 3767210
361673 3780453
360753 3792982
355717 3809085
350799 3824958
346028 3841138
