1.0 0 0
0.9999999713515825 1 0
0.9999999713515825 1 0
0.9999999713515825 1 0
0.9999998567579125 5 0
0.9999998567579125 5 0
0.9999998567579125 5 0
0.9999996848674074 11 0
0.9999995702737373 15 0
0.9999994270316498 19 1
0.9999993983832323 20 1
0.9999987108212121 44 1
0.9999975362360941 85 1
0.9999970492129965 102 1
0.9999970492129965 102 1
0.9999966194867338 116 2
0.9999951011206057 165 6
0.9999951011206057 165 6
0.9999921503336022 268 6
0.9999901449443765 336 8
0.999988769820336 376 16
0.9999853606586523 495 16
0.9999838995893593 546 16
0.9999780266637698 738 29
0.9999742164242409 869 31
0.9999710078014797 976 36
0.9999683721470688 1066 38
0.9999655359537353 1162 41
0.9999627857056543 1225 74
0.9999583738493578 1330 123
0.9999552225234317 1388 175
0.9999507247218826 1440 280
0.9999459977329934 1536 349
0.9999415858766969 1663 376
0.9999375750982454 1730 449
0.9999311865011407 1880 522
0.9999253708723861 2016 589
0.9999199276730593 2139 656
0.9999160028398604 2260 672
0.9999058326516442 2577 710
0.9998954046276706 2919 732
0.9998844609321816 3261 772
0.9998721707610698 3642 820
0.9998586487080051 4064 870
0.9998461866463881 4407 962
0.9998320629765557 4852 1010
0.9998172230962854 5307 1073
0.9997953930021427 6006 1136
0.9997629629935213 6853 1421
0.9997317935152703 7867 1495
0.999699649990824 8891 1593
0.9996667902559399 9882 1749
0.9996341024115608 10846 1926
0.999600927544084 11884 2046
0.9995673515987622 12926 2176
0.9995330594430025 13948 2351
0.9994980224283877 15026 2496
0.9994610946182172 16136 2675
0.9994248257216494 17141 2936
0.9993868665684484 18292 3110
0.9993481625563922 19428 3325
0.9993096590832586 20373 3724
0.9992706399386099 21518 3941
0.9992261775946342 22693 4318
0.99917905094783 23989 4667
0.9991333567219014 24620 5631
0.9990850268415619 24946 6992
0.9990336602289662 25714 8017
0.9989849292707814 26083 9349
0.9989361123673443 26753 10383
0.9988813365930649 27345 11703
0.9988250138042399 28022 12992
0.9987702666783781 27404 15521
0.9987156914430214 26935 17895
0.9986572773197182 27535 19334
0.9985911854205224 27015 22161
0.9985098239147936 28048 23968
0.998431441844486 28718 26034
0.9983571564978823 28277 29068
0.9982852776183493 27891 31963
0.9982081847268296 28728 33817
0.9981356469336939 28686 36391
0.9980599578146322 28352 39367
0.9979899983790725 28546 41615
0.9979212708254658 28650 43910
0.9978572416123307 28728 46067
0.9978019215181186 27865 48861
0.9977499246403377 27094 51447
0.9977028266419511 25191 54994
0.9976575334938677 24295 57471
0.9976111803543363 24021 59363
0.9975574072746698 22316 62945
0.9975035196013332 22311 64831
0.9974499757090068 22672 66339
0.9973877799945923 22444 68738
0.9973311993700098 23581 69576
0.9972569713202412 24490 71258
0.997167559609192 26402 72467
0.9970803251778737 28385 73529
0.9969838086592822 30013 75270
0.9968896126625089 31449 77122
0.9967831264946238 33515 78773
0.9966761819520584 35145 80876
0.9965638515070013 38020 81922
0.9964674209336623 39828 83480
0.9963461521823419 41849 85692
0.9962170337646238 43147 88901
0.9960947909671081 45723 90592
0.9959538694013759 48481 92753
0.9958175888792802 50937 95054
0.9956943720355692 53344 96948
0.9955814686221618 54086 100147
0.9954846656193951 55215 102397
0.9953874615387833 54523 106482
0.995297534156219 52913 111231
0.9952080651483349 53083 114184
0.9951114626844908 51329 119310
0.994998645216336 52632 121945
0.9948861428807737 54865 123639
0.9947718643433259 56187 126306
0.9946589036330834 57719 128717
0.9945332230254665 58408 132415
0.9944357611090971 59767 134458
0.9943388435126604 58187 139421
0.9942187206980405 59385 142416
0.9941004600305587 60815 145114
0.9939978986958725 62357 147152
0.9938773748034074 62114 151602
0.9937801993712131 60252 156856
0.9936932227756523 60035 160109
0.9936020348627177 60131 163196
0.9935115345118032 61309 165177
0.9934257611497779 61903 167577
0.9933461471975172 62898 169361
0.9932644419107785 63026 172085
0.9931873203708411 57960 179843
0.9931108004476716 55101 185373
0.9930316162216737 53246 189992
0.9929567579067197 52283 193568
0.9928832747158063 51751 196665
0.992811539078361 50699 200221
0.9927419520722288 47567 205782
0.9926710185904738 46009 209816
0.9926042391292577 45157 212999
0.9925401239708701 44269 216125
0.992471998034031 44369 218403
0.9924089428670912 44488 220485
0.9923525627814314 43885 223056
0.9922954664853336 43238 225696
0.9922411204373169 42418 228413
0.9921907278709167 41205 231385
0.9921440595987927 40179 234040
0.9920957583668706 37381 238524
0.9920506944061271 37043 240435
0.9920118185035659 35837 242998
0.9919757787943382 35089 245004
0.9919367310012719 34759 246697
0.9918975399661181 34490 248334
0.9918573748847689 34082 250144
0.9918124828145305 33752 252041
0.9917703982892082 33692 253570
0.9917294883490038 33484 255206
0.9916934772881935 33270 256677
0.9916499030451607 33117 258351
0.9916049536780872 32499 260538
0.9915624967233373 30823 263696
0.9915228759619208 29605 266297
0.9914823957479789 29459 267856
0.991447244139694 28181 270361
0.9914079385108702 28093 271821
0.9913675728905984 24942 276381
0.9913285250975321 25089 277597
0.9912916545841965 24949 279024
0.9912569040537568 24539 280647
0.9912229843274248 24310 282060
0.9911912132324061 23687 283792
0.9911575513418317 22075 286579
0.9911256370047254 22114 287654
0.9910950404948247 22136 288700
0.9910658477573818 21815 290040
0.9910352225990635 21708 291216
0.991006946610981 21630 292281
0.9909808765510468 21284 293537
0.9909536319059947 21079 294693
0.9909279056270706 21227 295443
0.9909045285183823 21020 296466
0.9908806643865964 20373 297946
0.9908571153874031 20063 299078
0.9908344544891526 20041 299891
0.990812796285515 19870 300818
0.9907907943008671 19726 301730
0.9907684198867918 19854 302383
0.9907462173632214 19881 303131
0.9907259342836242 19533 304187
0.9907062528207948 19261 305146
0.9906878318883358 18974 306076
0.9906706141894123 18513 307138
0.9906532245999836 18023 308235
0.9906339728634168 17570 309360
0.990616182196143 17178 310373
0.9905991936845595 16538 311606
0.9905826921960736 15938 312782
0.9905669069180256 15383 313888
0.9905530697323682 14830 314924
0.9905389747109532 14235 316011
0.9905231607844877 13572 317226
0.9905070890222645 13004 318355
0.9904928221103444 12465 319392
0.9904793000572797 12068 320261
0.9904660931368074 11730 321060
0.9904545478245509 11505 321688
0.9904415127945838 11090 322558
0.9904260712975459 10906 323281
0.9904140962590267 10683 323922
0.9904000012376116 10557 324540
0.9903862213487893 10407 325171
0.9903742176618525 10173 325824
0.9903630447790236 10027 326360
0.9903521870287872 9813 326953
0.9903385217336349 9708 327535
0.9903251142742402 9556 328155
0.9903130532904684 9391 328741
0.9903013933845418 9261 329278
0.9902897907754502 9189 329755
0.9902805373365945 8894 330373
0.9902705676873009 8708 330907
0.9902569883374012 8663 331426
0.9902426354802285 8662 331928
0.9902291134271638 8608 332454
0.9902167086623819 8556 332939
0.9902064238804957 8524 333330
0.9901964542312023 8479 333723
0.9901855391841309 8487 334096
0.9901745095433895 8481 334487
0.9901629069342979 8423 334950
0.9901514189188764 8343 335431
0.9901404465749699 8315 335842
0.9901291304500535 8276 336276
0.9901198770111977 8249 336626
0.9901096495261466 8228 337004
0.99009821880756 8185 337446
0.9900863010658758 8149 337898
0.9900738390042589 8114 338368
0.9900624369340899 8088 338792
0.9900509202702509 8038 339244
0.990040205762102 8000 339656
0.9900292907150307 7928 340109
0.9900157400135484 7901 340609
0.9900035357876891 7871 341065
0.9899906439998095 7829 341557
0.9899781532897751 7783 342039
0.9899664933838486 7738 342491
0.9899560940082923 7666 342926
0.9899448638286283 7637 343347
0.9899313704239812 7598 343857
0.9899200829474821 7557 344292
0.9899111732896365 7441 344719
0.9898985393375145 7408 345193
0.9898885410398035 7362 345588
0.9898798032724629 7294 345961
0.9898711800987924 7212 346344
0.9898608093716537 7122 346796
0.9898525013305758 6983 347225
0.9898433624853901 6842 347685
0.9898351690379821 6664 348149
0.9898288377377124 6391 348643
0.9898224204921902 6107 349151
0.9898158027077453 5877 349612
0.9898085833065328 5619 350122
0.9897992439224245 5455 350612
0.9897900191319862 5334 351055
0.9897813673098981 5212 351479
0.9897750646580459 5018 351893
0.9897688479514462 4835 352293
0.9897622015185839 4662 352698
0.9897546669847787 4540 353083
0.9897475335288187 4440 353432
0.9897409443927914 4291 353811
0.989734240663094 4158 354178
0.9897287974637671 4010 354516
0.9897234402096927 3869 354844
0.9897174526904331 3777 355145
0.9897119235458536 3712 355403
0.9897073684474695 3648 355626
0.9897033290206005 3531 355884
0.9896985160864589 3452 356131
0.9896937604491521 3366 356383
0.9896897783191183 3291 356597
0.9896861972669295 3162 356851
0.9896821291916431 3093 357062
0.9896769724764912 3063 357272
0.9896717871129219 3060 357456
0.9896668022882752 3016 357674
0.9896622758383086 3014 357834
0.989657634794672 3010 358000
0.9896528218605303 2958 358220
0.9896476364969609 2971 358388
0.9896425657270616 2970 358566
0.9896371511761521 2958 358767
0.9896320517578354 2920 358983
0.9896273820657813 2886 359180
0.9896229702094846 2856 359364
0.989619561047801 2790 359549
0.9896152924335919 2772 359716
0.9896120551624134 2705 359896
0.9896080443839619 2665 360076
0.989604119550763 2567 360311
0.9896012260605945 2477 360502
0.9895988768903586 2372 360689
0.9895961839391128 2290 360865
0.9895932045036917 2239 361020
0.9895898239904255 2206 361171
0.9895867299613343 2170 361315
0.9895839510648359 2092 361490
0.9895807997389098 2024 361668
0.9895774478740611 1970 361839
0.9895734370956096 1948 362001
0.9895692257782357 1939 362157
0.9895642123051714 1954 362317
0.9895593707226122 1929 362511
0.9895544145463829 1918 362695
0.9895504037679316 1894 362859
0.9895453616464498 1919 363010
0.9895404914154731 1922 363177
0.9895340168731157 1986 363339
0.9895271985497484 2048 363515
0.9895211250852362 2096 363679
0.9895150229723065 2117 363871
0.989509379234057 2107 364078
0.9895040506284002 2080 364291
0.9894979485154706 2092 364492
0.9894915599183658 2108 364699
0.9894853718601836 2115 364908
0.9894781238105536 2157 365119
0.9894704746830784 2169 365374
0.9894627396103506 2142 365671
0.9894552623733804 2126 365948
0.9894479570269153 2111 366218
0.9894390760174873 2146 366493
0.9894303096017292 2159 366786
0.9894216291312236 2162 367086
0.9894122610986977 2228 367347
0.9894012028095388 2327 367634
0.9893921212611881 2361 367917
0.9893819224245546 2415 368219
0.9893718095331735 2515 368472
0.9893612382671122 2573 368783
0.9893508102431385 2658 369062
0.9893406973517574 2702 369371
0.9893310428350566 2678 369732
0.9893218180446183 2714 370018
0.9893128224415201 2682 370364
0.9893035976510819 2630 370738
0.9892940290796335 2611 371091
0.9892846610471077 2562 371467
0.9892750065304068 2549 371817
0.989265695794716 2489 372202
0.9892566715432003 2451 372555
0.9892473035106745 2455 372878
0.9892377062908086 2463 373205
0.9892275933994276 2531 373490
0.9892173945627939 2574 373803
0.9892074822103354 2549 374174
0.989197799045217 2562 374499
