0 0
1 0
1 0
1 0
5 0
5 0
5 0
11 0
15 0
19 1
20 1
44 1
85 1
102 1
102 1
116 2
165 6
165 6
268 6
336 8
376 16
495 16
546 16
738 29
869 31
976 36
1066 38
1162 41
1225 74
1330 123
1388 175
1440 280
1536 349
1663 376
1730 449
1880 522
2016 589
2139 656
2260 672
2577 710
2919 732
3261 772
3642 820
4064 870
4407 962
4852 1010
5307 1073
6006 1136
6853 1421
7867 1495
8891 1593
9882 1749
10846 1926
11884 2046
12926 2176
13948 2351
15026 2496
16136 2675
17141 2936
18292 3110
19428 3325
20373 3724
21518 3941
22693 4318
23989 4667
24620 5631
24946 6992
25714 8017
26083 9349
26753 10383
27345 11703
28022 12992
27404 15521
26935 17895
27535 19334
27015 22161
28048 23968
28718 26034
28277 29068
27891 31963
28728 33817
28686 36391
28352 39367
28546 41615
28650 43910
28728 46067
27865 48861
27094 51447
25191 54994
24295 57471
24021 59363
22316 62945
22311 64831
22672 66339
22444 68738
23581 69576
24490 71258
26402 72467
28385 73529
30013 75270
31449 77122
33515 78773
35145 80876
38020 81922
39828 83480
41849 85692
43147 88901
45723 90592
48481 92753
50937 95054
53344 96948
54086 100147
55215 102397
54523 106482
52913 111231
53083 114184
51329 119310
52632 121945
54865 123639
56187 126306
57719 128717
58408 132415
59767 134458
58187 139421
59385 142416
60815 145114
62357 147152
62114 151602
60252 156856
60035 160109
60131 163196
61309 165177
61903 167577
62898 169361
63026 172085
57960 179843
55101 185373
53246 189992
52283 193568
51751 196665
50699 200221
47567 205782
46009 209816
45157 212999
44269 216125
44369 218403
44488 220485
43885 223056
43238 225696
42418 228413
41205 231385
40179 234040
37381 238524
37043 240435
35837 242998
35089 245004
34759 246697
34490 248334
34082 250144
33752 252041
33692 253570
33484 255206
33270 256677
33117 258351
32499 260538
30823 263696
29605 266297
29459 267856
28181 270361
28093 271821
24942 276381
25089 277597
24949 279024
24539 280647
24310 282060
23687 283792
22075 286579
22114 287654
22136 288700
21815 290040
21708 291216
21630 292281
21284 293537
21079 294693
21227 295443
21020 296466
20373 297946
20063 299078
20041 299891
19870 300818
19726 301730
19854 302383
19881 303131
19533 304187
19261 305146
18974 306076
18513 307138
18023 308235
17570 309360
17178 310373
16538 311606
15938 312782
15383 313888
14830 314924
14235 316011
13572 317226
13004 318355
12465 319392
12068 320261
11730 321060
11505 321688
11090 322558
10906 323281
10683 323922
10557 324540
10407 325171
10173 325824
10027 326360
9813 326953
9708 327535
9556 328155
9391 328741
9261 329278
9189 329755
8894 330373
8708 330907
8663 331426
8662 331928
8608 332454
8556 332939
8524 333330
8479 333723
8487 334096
8481 334487
8423 334950
8343 335431
8315 335842
8276 336276
8249 336626
8228 337004
8185 337446
8149 337898
8114 338368
8088 338792
8038 339244
8000 339656
7928 340109
7901 340609
7871 341065
7829 341557
7783 342039
7738 342491
7666 342926
7637 343347
7598 343857
7557 344292
7441 344719
7408 345193
7362 345588
7294 345961
7212 346344
7122 346796
6983 347225
6842 347685
6664 348149
6391 348643
6107 349151
5877 349612
5619 350122
5455 350612
5334 351055
5212 351479
5018 351893
4835 352293
4662 352698
4540 353083
4440 353432
4291 353811
4158 354178
4010 354516
3869 354844
3777 355145
3712 355403
3648 355626
3531 355884
3452 356131
3366 356383
3291 356597
3162 356851
3093 357062
3063 357272
3060 357456
3016 357674
3014 357834
3010 358000
2958 358220
2971 358388
2970 358566
2958 358767
2920 358983
2886 359180
2856 359364
2790 359549
2772 359716
2705 359896
2665 360076
2567 360311
2477 360502
2372 360689
2290 360865
2239 361020
2206 361171
2170 361315
2092 361490
2024 361668
1970 361839
1948 362001
1939 362157
1954 362317
1929 362511
1918 362695
1894 362859
1919 363010
1922 363177
1986 363339
2048 363515
2096 363679
2117 363871
2107 364078
2080 364291
2092 364492
2108 364699
2115 364908
2157 365119
2169 365374
2142 365671
2126 365948
2111 366218
2146 366493
2159 366786
2162 367086
2228 367347
2327 367634
2361 367917
2415 368219
2515 368472
2573 368783
2658 369062
2702 369371
2678 369732
2714 370018
2682 370364
2630 370738
2611 371091
2562 371467
2549 371817
2489 372202
2451 372555
2455 372878
2463 373205
2531 373490
2574 373803
2549 374174
2562 374499
