0 0
0 0
0 0
0 0
0 0
1 0
1 0
1 0
1 0
5 0
12 0
19 0
35 0
46 0
48 0
54 1
64 1
82 1
102 1
133 2
169 2
219 3
245 4
285 18
365 19
383 1
456 1
649 10
728 13
769 16
884 16
1032 28
1140 31
1437 39
1580 44
1857 51
2142 58
2386 61
2601 65
2801 66
3034 71
3306 74
3550 80
3969 85
4371 94
4774 99
5215 103
5046 644
5240 754
5443 875
5635 995
5783 1107
5985 1159
6070 1206
6245 1238
6476 1303
6704 1338
6904 1371
7069 1428
7259 1465
7487 1522
7487 1522
7747 1615
7720 1744
7786 1771
7754 1923
7617 2174
7482 2366
7281 2662
7085 2947
7085 2947
6668 3508
6423 3820
6249 4046
6066 4308
5912 4526
5789 4707
5667 4943
5669 5030
5595 5138
5531 5302
5312 5607
5246 5778
5155 5937
5064 6095
5034 6159
4921 6306
4758 6517
4621 6679
4588 6766
4533 6848
4471 6941
4460 6970
4443 7011
4426 7097
4415 7156
4489 7178
437 11304
226 11597
457 11439
447 11518
432 11599
488 11614
512 11663
533 11718
545 11765
551 11816
546 11880
568 11954
589 12027
628 12081
654 12149
686 12208
731 12259
775 12317
861 12374
954 12418
1068 12497
1187 12605
1312 12734
1433 12855
1625 12939
1783 13053
1996 13199
2142 13362
2347 13482
2553 13578
2737 13683
2942 13777
3173 13903
3339 14003
3639 14089
3911 14162
4091 14269
4294 14345
4574 14409
4858 14476
4858 14859
4858 15251
4858 15640
4858 16036
20771 482
21114 491
21532 499
21935 508
22334 518
22334 518
23196 534
23598 543
23969 551
24334 558
24648 565
24979 573
25300 582
25603 590
25853 598
26133 605
26419 614
26711 621
26982 626
27231 632
27458 641
27616 646
27845 652
28093 658
28337 661
28568 665
28801 670
29008 674
29105 677
29209 681
29364 684
29520 689
29686 692
29853 695
29959 698
30013 701
30115 705
30267 707
30392 707
30498 709
30572 710
30654 711
30693 713
30767 715
30865 716
30958 718
31051 721
31126 723
31181 724
31216 725
31267 727
31350 728
31407 729
31498 730
31569 731
31675 733
31704 733
31776 735
31877 736
31957 738
32018 739
32100 740
32167 741
32195 743
32256 743
32336 744
32418 745
32492 746
32566 746
32637 747
32666 748
32730 749
32802 749
32912 750
32984 751
33089 753
33147 754
33196 756
33315 757
33435 758
33584 760
33756 761
33923 762
34024 763
34089 765
34239 767
34483 768
34684 770
34947 772
35172 774
35384 776
35504 778
35828 780
36340 780
36753 783
37329 786
38083 789
38694 792
39034 793
40082 798
41405 803
42783 809
44323 814
46134 820
47577 826
48372 833
50239 844
52645 850
54815 861
57087 871
59755 880
61857 890
63164 901
65973 915
69488 936
72810 955
76292 972
80097 989
83559 1009
86351 1030
91321 1054
96907 1081
102987 1110
109211 1140
114957 1168
119921 1199
124950 1237
131755 1274
139293 1315
146848 1366
154571 1423
161551 1484
167665 1549
173834 1604
181785 1652
189652 1704
197393 1765
205106 1834
211952 1891
217703 1949
224204 2005
231965 2062
239715 2116
247052 2172
253531 2227
259162 2275
264101 2331
268984 2380
274815 2433
280119 2482
285201 2529
290060 2580
293896 2632
297376 2686
301014 2733
305045 2782
309420 2833
313462 2882
317236 2931
320384 2983
323030 3030
325546 3073
328636 3119
331828 3163
334712 3211
336747 3250
338616 3288
340545 3325
343221 3364
345833 3405
348676 3444
350428 3479
352612 3513
352612 3513
356107 3582
358172 3610
360285 3639
362527 3664
364385 3687
366115 3708
367486 3730
368783 3750
370340 3771
372008 3791
373635 3810
375263 3830
376953 3849
378417 3868
379717 3886
381221 3905
383282 3924
385101 3944
386672 3965
388371 3983
389897 4000
391243 4020
392964 4038
394849 4056
396766 4071
398615 4085
400569 4099
402240 4112
403755 4126
405702 4139
407701 4154
409775 4168
411760 4183
413672 4199
415279 4214
416649 4230
417965 4245
419759 4261
422210 4277
424756 4292
427374 4306
429801 4321
432303 4337
435245 4351
438487 4366
441930 4383
445503 4398
448826 4414
452021 4429
