1.0 0 0
1.0 0 0
1.0 0 0
1.0 0 0
1.0 0 0
0.999999885466645 1 0
0.999999885466645 1 0
0.999999885466645 1 0
0.999999885466645 1 0
0.9999994273332248 5 0
0.9999986255997396 12 0
0.9999978238662544 19 0
0.9999959913325738 35 0
0.9999947314656684 46 0
0.9999945023989584 48 0
0.9999937006654731 54 1
0.9999925553319228 64 1
0.9999904937315323 82 1
0.9999882030644316 102 1
0.9999845379970704 133 2
0.9999804147962893 169 2
0.9999745735951825 219 3
0.9999714811945967 245 4
0.9999652963934248 285 18
0.9999560191916671 365 19
0.9999560191916671 383 1
0.9999476582567497 456 1
0.9999245225190329 649 10
0.9999151307839201 728 13
0.9999100913162986 769 16
0.9998969199804698 884 16
0.9998785946436644 1032 28
0.9998658814412557 1140 31
0.9998309487679704 1437 39
0.9998139978314254 1580 44
0.9997814703585959 1857 51
0.9997480266189261 2142 58
0.9997197368802329 2386 61
0.9996946540754804 2601 65
0.9996716328711187 2801 66
0.9996443739326207 3034 71
0.9996128772599865 3306 74
0.9995842439212281 3550 80
0.9995356817786939 3969 85
0.9994886085697751 4371 94
0.9994418789609213 4774 99
0.9993909116179314 5215 103
0.9993483052098588 5046 644
0.9993134870699287 5240 754
0.9992763782628978 5443 875
0.9992406438561273 5635 995
0.9992108651838186 5783 1107
0.9991817737116401 5985 1159
0.9991666553087756 6070 1206
0.9991429469042836 6245 1238
0.9991090450311937 6476 1303
0.9990789227588199 6704 1338
0.9990522364870971 6904 1371
0.9990268100822797 7069 1428
0.9990008110106869 7259 1465
0.9989681690045025 7487 1522
0.9989681690045025 7487 1522
0.9989277387301756 7747 1615
0.9989160563279621 7720 1744
0.998905404725944 7786 1771
0.99889166072334 7754 1923
0.9988786039208661 7617 2174
0.9988720755196292 7482 2366
0.9988611948509011 7281 2662
0.9988510013823031 7085 2947
0.9988510013823031 7085 2947
0.9988345085791782 6668 3508
0.9988268348443909 6423 3820
0.9988208791099292 6249 4046
0.9988118309748816 6066 4308
0.9988045008401594 5912 4526
0.9987978579055675 5789 4707
0.9987848011030936 5667 4943
0.9987746076344957 5669 5030
0.9987707135004246 5595 5138
0.9987592601649211 5531 5302
0.9987494102963883 5312 5607
0.9987373842941097 5246 5778
0.9987295960259674 5155 5937
0.9987219222911802 5064 6095
0.9987180281571091 5034 6159
0.9987141340230379 4921 6306
0.9987086364219964 4758 6517
0.9987057730881205 4621 6679
0.9986995882869487 4588 6766
0.9986964958863628 4533 6848
0.9986929453523568 4471 6941
0.9986908837519661 4460 6970
0.9986881349514453 4443 7011
0.9986802321499479 4426 7097
0.9986747345489063 4415 7156
0.9986637393468232 4489 7178
0.9986552638785506 437 11304
0.9986458721434379 226 11597
0.9986375112085205 457 11439
0.9986296084070232 447 11518
0.998622049205591 432 11599
0.9986139173373836 488 11614
0.9986055564024661 512 11663
0.9985968518674835 533 11718
0.9985900943995365 545 11765
0.9985835659982997 551 11816
0.9985768085303527 546 11880
0.9985658133282694 568 11954
0.9985550471928962 589 12027
0.9985443955908782 628 12081
0.998533629455505 654 12149
0.9985232069201969 686 12208
0.9985122117181137 731 12259
0.9985005293159003 775 12317
0.9984841510461305 861 12374
0.9984684599764909 954 12418
0.9984463550389694 1068 12497
0.9984203559673768 1187 12605
0.9983912644951982 1312 12734
0.9983635474232802 1433 12855
0.9983319362172909 1625 12939
0.9983007831447217 1783 13053
0.9982596656702647 1996 13199
0.9982242748635592 2142 13362
0.9981870515231733 2347 13482
0.9981524624499533 2553 13578
0.9981193623103485 2737 13683
0.9980851168371935 2942 13777
0.9980442284294465 3173 13903
0.9980137625570076 3339 14003
0.9979695526819646 3639 14089
0.997930038674478 3911 14162
0.9978971676015833 4091 14269
0.997865212795529 4294 14345
0.9978258133213974 4574 14409
0.9977856121137807 4858 14476
0.9977417458388028 4858 14859
0.9976968487636296 4858 15251
0.9976522952885215 4858 15640
0.9976069400799282 4858 16036
0.9975658226054712 20771 482
0.9975255068644994 21114 491
0.9974767156552551 21532 499
0.9974295279129812 21935 508
0.9973826837707724 22334 518
0.9973826837707724 22334 518
0.997282123485053 23196 534
0.9972350502761342 23598 543
0.9971916421345765 23969 551
0.9971490357265039 24334 558
0.9971122705195382 24648 565
0.9970734437121818 24979 573
0.9970356477050207 25300 582
0.9970000278316052 25603 590
0.9969704782260066 25853 598
0.996937607153112 26133 605
0.9969038198133771 26419 614
0.996869574340222 26711 621
0.9968379631342328 26982 626
0.9968087571286992 27231 632
0.9967817272569113 27458 641
0.9967630583200408 27616 646
0.9967361429816078 27845 652
0.9967070515094294 28093 658
0.9966787617707361 28337 661
0.9966518464323032 28568 665
0.9966245874938052 28801 670
0.9966004209558931 29008 674
0.9965889676203897 29105 677
0.9965765980180461 29209 681
0.9965585017479508 29364 684
0.9965400618777904 29520 689
0.9965207057407898 29686 692
0.996501235070434 29853 695
0.9964887509347353 29959 698
0.9964822225334984 30013 701
0.9964700819978649 30115 705
0.9964524438611897 30267 707
0.9964381271918105 30392 707
0.9964257575894668 30498 709
0.9964171675878394 30572 710
0.9964076613193715 30654 711
0.9964029654518152 30693 713
0.9963942609168326 30767 715
0.9963829221146843 30865 716
0.9963720414459561 30958 718
0.9963610462438729 31051 721
0.9963522271755353 31126 723
0.9963458133076535 31181 724
0.9963416901068722 31216 725
0.9963356198390554 31267 727
0.9963259990372326 31350 728
0.9963193561026407 31407 729
0.9963088190339776 31498 730
0.9963005726324151 31569 731
0.9962882030300715 31675 733
0.9962848815627756 31704 733
0.9962764060945031 31776 735
0.9962647236922897 31877 736
0.9962553319571769 31957 738
0.9962482308891648 32018 739
0.9962387246206971 32100 740
0.9962309363525548 32167 741
0.9962275003519038 32195 743
0.9962205138172466 32256 743
0.9962112366154889 32336 744
0.9962017303470212 32418 745
0.9961931403453936 32492 746
0.9961846648771212 32566 746
0.9961764184755587 32637 747
0.9961729824749077 32666 748
0.9961655378068306 32730 749
0.9961572914052681 32802 749
0.9961445782028594 32912 750
0.996136217267942 32984 751
0.9961239621989534 33089 753
0.9961172047310064 33147 754
0.9961113635298997 33196 756
0.9960976195272957 33315 757
0.9960837609913366 33435 758
0.9960664664547265 33584 760
0.9960466521843057 33756 761
0.99602741058066 33923 762
0.9960157281784466 34024 763
0.9960080544436594 34089 765
0.9959906453736943 34239 767
0.9959625847017111 34483 768
0.9959393344306392 34684 770
0.9959089830915553 34947 772
0.9958829840199627 35172 774
0.9958584738819856 35384 776
0.9958445008126714 35504 778
0.9958071629389305 35828 780
0.9957485218611533 36340 780
0.9957008759854593 36753 783
0.9956345611728948 37329 786
0.9955478594231344 38083 789
0.9954775359431438 38694 792
0.9954384800690773 39034 793
0.995317876446227 40082 798
0.9951657761507424 41405 803
0.9950072619873759 42783 809
0.994830307953849 44323 814
0.994622200847753 46134 820
0.9944562420163093 47577 826
0.9943643862655723 48372 833
0.9941492926248193 50239 844
0.9938730381724783 52645 850
0.9936232409251501 54815 861
0.9933618758089634 57087 871
0.9930552700175385 59755 880
0.9928133755717076 61857 890
0.9926624206097733 63164 901
0.9923390929485135 65973 915
0.9919341030051148 69488 936
0.9915514470659476 72810 955
0.9911506948566849 76292 972
0.9907129483737466 80097 989
0.9903141432315197 83559 1009
0.9899919609038101 86351 1030
0.9894199813287725 91321 1054
0.988777105606969 96907 1081
0.9880774213410688 102987 1110
0.9873611297386887 109211 1140
0.9866998141467248 114957 1168
0.986127720038332 119921 1199
0.9855473795283768 124950 1237
0.984763742313237 131755 1274
0.9838956940154375 139293 1315
0.9830245533170521 146848 1366
0.9821334838148907 154571 1423
0.9813270544620992 161551 1484
0.9806193528613467 167665 1549
0.9799064972596176 173834 1604
0.978990344952704 181785 1652
0.9780833553141931 189652 1704
0.9771897660782211 197393 1765
0.9762984675093497 205106 1834
0.9755078437595528 211952 1891
0.9748425195001627 217703 1949
0.9740915242912075 224204 2005
0.9731961025215549 231965 2062
0.9723022842188728 239715 2116
0.9714555391251095 247052 2172
0.97070717818332 253531 2227
0.9700567432600843 259162 2275
0.9694846491516915 264101 2331
0.9689197706446658 268984 2380
0.9682458563836482 274815 2433
0.9676327593341535 280119 2482
0.9670453177561862 285201 2529
0.9664829589829713 290060 2580
0.9660376532986007 293896 2632
0.965632892421912 297376 2686
0.9652108370086132 301014 2733
0.9647435409200762 305045 2782
0.9642366162906976 309420 2833
0.9637680603352552 313462 2882
0.9633301993189618 317236 2931
0.9629636925828543 320384 2983
0.9626552542577489 323030 3030
0.9623621634022179 325546 3073
0.9620029868008325 328636 3119
0.9616323568639439 331828 3163
0.9612965450669854 334712 3211
0.9610590028886458 336747 3250
0.9608405877805967 338616 3288
0.9606154152046007 340545 3325
0.9603044571456845 343221 3364
0.9600006001547804 345833 3405
0.9596705150255735 348676 3444
0.9594658439201286 350428 3479
0.9592118089386641 352612 3513
0.9592118089386641 352612 3513
0.9588036120613244 356107 3582
0.9585638937492391 358172 3610
0.9583185633027571 360285 3639
0.958058916186896 362527 3664
0.9578434789460778 364385 3687
0.957642931041414 366115 3708
0.9574833860778522 367486 3730
0.957332545649273 368783 3750
0.95715181201503 370340 3771
0.9569584797117333 372008 3791
0.956769957809348 373635 3810
0.9565812068402526 375263 3830
0.9563854693365003 376953 3849
0.9562156163709854 378417 3868
0.9560646614090512 379717 3886
0.955890227109335 381221 3905
0.9556519977308652 383282 3924
0.9554413708909584 385101 3944
0.955259033789745 386672 3965
0.9550623800191522 388371 3983
0.9548856550523355 389897 4000
0.9547292024893596 391243 4020
0.9545300289849562 392964 4038
0.9543120720103272 394849 4056
0.9540907935684023 396766 4071
0.9538774179279748 398615 4085
0.9536520162852686 400569 4099
0.9534591421153922 402240 4112
0.9532840206155457 403755 4126
0.9530595352396799 405702 4139
0.9528288650626423 407701 4154
0.9525897194173322 409775 4168
0.952360652707265 411760 4183
0.9521398323987602 413672 4199
0.9519540592968958 415279 4214
0.9517953160668192 416649 4230
0.9516428721712695 417965 4245
0.9514355667986587 419759 4261
0.9511530130117909 422210 4277
0.9508596930895499 424756 4292
0.9505582412991015 427374 4306
0.9502785508461095 429801 4321
0.9499901558581348 432303 4337
0.9496515952606556 435245 4351
0.9492785601233112 438487 4366
0.948882274714895 441930 4383
0.9484713290370345 445503 4398
0.9480889021645773 448826 4414
0.9477212500949195 452021 4429
