1.0 0 0
1.0 0 0
1.0 0 0
1.0 0 0
1.0 0 0
0.9999998168534731 1 0
0.9999998168534731 1 0
0.9999994505604192 3 0
0.9999994505604192 3 0
0.9999987179743115 7 0
0.9999981685347307 10 0
0.9999970696555691 16 0
0.9999941393111383 32 0
0.9999919415528151 44 0
0.9999901100875459 54 0
0.9999884617688035 63 0
0.9999868134500611 72 0
0.9999807696146725 104 1
0.9999774729771879 122 1
0.9999749089258109 136 1
0.9999673999182067 177 1
0.9999661178925182 178 7
0.9999659347459914 179 7
0.9999626381085066 197 7
0.9999604403501835 209 7
0.9999586088849142 224 2
0.9999507335842562 267 2
0.999946521214137 290 2
0.9999424919905445 312 2
0.9999384627669521 329 7
0.999933517810725 360 3
0.9999267413892287 396 4
0.9999219795795286 420 6
0.9999175840628822 439 11
0.9999137379858167 460 11
0.9999111739344397 474 11
0.9999021997546202 524 10
0.9998935918678546 566 15
0.9998750940686348 664 18
0.9998716142846232 676 25
0.9998690502332462 690 25
0.9998666693283962 703 25
0.9998641052770192 717 25
0.9998591603207921 660 109
0.9998470726500148 720 115
0.9998419445472608 706 157
0.9998210658431911 802 175
0.9998078792932522 865 184
0.9998005534321751 865 224
0.9997873668822362 920 241
0.9997851691239131 909 264
0.9997804073142129 927 272
0.9997721657205012 946 298
0.99975733085182 1022 303
0.9997509207233775 988 372
0.9997485398185274 970 403
0.9997474409393659 967 412
0.999747074646312 960 421
0.9997465252067312 941 443
0.9997452431810427 885 506
0.9997443274484081 849 547
0.9997430454227196 822 581
0.9997423128366119 775 632
0.9997421296900849 765 643
0.9997412139574503 745 668
0.9997397487852349 655 766
0.9997382836130194 642 787
0.9997353532685886 613 832
0.9997335218033193 524 931
0.9997335218033193 510 945
0.9997331555102654 490 967
0.9997331555102654 472 985
0.99973169033805 455 1010
0.9997309577519423 382 1087
0.9997294925797269 338 1139
0.9997289431401462 322 1158
0.999726562235296 314 1179
0.9997263790887692 303 1191
0.9997261959422422 282 1213
0.9997261959422422 275 1220
0.9997260127957153 237 1259
0.9997249139165537 229 1273
0.9997247307700268 219 1284
0.9997245476234998 196 1308
0.9997236318908652 180 1329
0.9997232655978113 176 1335
0.9997228993047574 163 1350
0.9997225330117037 160 1355
0.9997216172790689 160 1360
0.9997216172790689 154 1366
0.999721434132542 137 1384
0.999721434132542 127 1394
0.9997212509860152 126 1396
0.9997212509860152 122 1400
0.9997207015464343 122 1403
0.9997205183999074 122 1404
0.9997205183999074 119 1407
0.9997201521068535 121 1407
0.9997201521068535 111 1417
0.9997197858137997 106 1424
0.9997196026672728 101 1430
0.9997192363742189 101 1432
0.9997177712020034 104 1437
0.9997175880554765 105 1437
0.9997170386158958 107 1438
0.999716489176315 110 1438
0.9997157565902073 114 1438
0.9997157565902073 98 1454
0.9997141082714649 96 1465
0.999713925124938 91 1471
0.999711361073561 101 1475
0.9997095296082917 111 1475
0.9997093464617648 112 1475
0.9997091633152378 113 1475
0.9997089801687109 113 1476
0.9997056835312262 131 1476
0.9997014711611069 150 1480
0.9996990902562568 160 1483
0.9996965262048798 174 1483
0.9996952441791913 175 1489
0.9996950610326644 173 1492
0.9996946947396105 175 1492
0.9996910318090719 193 1494
0.9996886509042219 206 1494
0.9996849879736833 226 1494
0.9996796767244024 255 1494
0.9996769295264984 270 1494
0.9996767463799715 271 1494
0.9996763800869177 266 1501
0.9996707025445829 297 1501
0.9996609957786557 346 1505
0.999657515994644 361 1509
0.9996533036245248 372 1521
0.9996518384523093 380 1521
0.9996516553057824 381 1521
0.9996505564266208 387 1521
0.9996470766426091 392 1535
0.9996426811259629 409 1542
0.9996401170745859 414 1551
0.9996381024627896 425 1551
0.9996375530232089 421 1558
0.999637369876682 414 1566
0.9996298608690779 455 1566
0.9996230844475815 474 1584
0.9996174069052468 505 1584
0.9996120956559659 513 1605
0.9996078832858465 536 1605
0.9996009237178232 574 1605
0.9996005574247694 537 1644
0.99959634505465 532 1672
0.999588836047046 557 1688
0.9995851731165074 562 1703
0.9995802281602804 568 1724
0.9995719865665685 566 1771
0.99957070454088 573 1771
0.9995688730756107 579 1775
0.9995663090242337 568 1800
0.9995573348444142 611 1806
0.9995457966132177 627 1853
0.9995379213125599 646 1877
0.999530046011902 674 1892
0.9995245516160941 701 1895
0.9995240021765133 702 1897
0.9995210718320825 710 1905
0.9995073358425629 775 1915
0.9994983616627434 769 1970
0.9994870065780738 826 1975
0.9994771166656197 855 2000
0.9994685087788541 902 2000
0.9994675930462195 907 2000
0.9994648458483155 911 2011
0.9994465311956227 992 2030
0.9994318794734683 1055 2047
0.9994093524506562 1147 2078
0.9993926861167057 1136 2180
0.9993853602556286 1175 2181
0.9993729062917974 1238 2186
0.9993677781890434 1252 2200
0.9993523938807815 1311 2225
0.9993359106933579 1387 2239
0.9993172297476113 1470 2258
0.9992963510435414 1555 2287
0.9992901240616259 1565 2311
0.9992826150540218 1507 2410
0.999269428504083 1478 2511
0.9992597217381558 1486 2556
0.9992375610083974 1509 2654
0.9992124699342083 1570 2730
0.9991710788191225 1692 2834
0.9991549619247528 1775 2839
0.9991509327011604 1763 2873
0.9991342663672099 1777 2950
0.9991047797763745 1904 2984
0.9990721796945812 2028 3038
0.9990381144405726 2134 3118
0.9990013019886599 2301 3152
0.9989868334130326 2370 3162
0.9989780423797401 2413 3167
0.9989436108326775 2516 3252
0.9989267613522002 2602 3258
0.9988972747613647 2694 3327
0.9988542353275365 2827 3429
0.9988011228347273 2988 3558
0.9987771306396996 3090 3587
0.9987626620640724 3146 3610
0.9987306114218599 3223 3708
0.9986687078957581 3340 3929
0.9986027751460639 3610 4019
0.9985260367512809 3971 4077
0.9984249398684165 4458 4142
0.9983373958285449 4856 4222
0.9982888619989088 5086 4257
0.9982465551511883 5200 4374
0.9981427110704201 5698 4443
0.9979967432884581 6270 4668
0.9978723867966739 6807 4810
0.9977434516417163 7474 4847
0.997593637782689 8256 4883
0.9975289870586833 8572 4920
0.9974703801700662 8730 5082
0.9973097606659501 9434 5255
0.9971198377175254 10316 5410
0.9969029922296423 11401 5509
0.9965573947333286 13183 5614
0.9963643582939461 14159 5692
0.9962720524443743 14263 6092
0.9961748016385753 14437 6449
0.9959165650356064 15521 6775
0.9955632753851618 17228 6997
0.9951832463417855 19047 7253
0.9948228139767906 20889 7379
0.994535823369094 22388 7447
0.9943783173559355 23067 7628
0.9942491990544511 23298 8102
0.993845910402155 25100 8502
0.9935294332036229 26452 8878
0.9930567320176209 28918 8993
0.9925274385547981 30722 10079
0.9919703068198822 33724 10119
0.9917300185765522 34860 10295
0.9915650035557898 34872 11184
0.9910362595325478 36960 11983
0.9905261964550525 39301 12427
0.9899102746849926 42371 12720
0.989439038671206 44828 12836
0.9890210982967557 46929 13017
0.9886762333865496 48598 13231
0.9883599393345445 49064 14492
0.987770940103943 51037 15735
0.9874116066181097 52022 16712
0.9869804796937204 53781 17307
0.9865081448007723 54962 18705
0.9861733529495473 55663 19832
0.9860676774035098 55949 20123
0.9858751904037081 55015 22108
0.9854982748512896 55520 23661
0.9850237422000183 56994 24778
0.9846530536295155 56866 26930
0.9843287011303254 56033 29534
0.9841089252980114 55738 31029
0.9840157037158049 55697 31579
0.983772851421098 54139 34463
0.983532746324295 53410 36503
0.9832278073569594 52304 39274
0.9828948469710037 51966 41430
0.9825540112843901 51425 43832
0.9823737951018926 49687 46554
0.9823314882541723 47846 48626
0.9821444956501784 46046 51447
0.9818128172899112 45025 54279
0.9814551321228202 44130 57127
0.9811164941945298 43050 60056
0.9808370125944372 41740 62892
0.9806353682682891 40720 65013
0.9805994715490112 39049 66880
0.9803698058042432 37456 69727
0.9799956374497286 36590 72636
0.9796326410333567 36005 75203
0.9792326490185452 35293 78099
0.9788535357078036 34525 80937
0.9786211227651316 33069 83662
0.9785200258822672 31415 85868
0.9781630733012839 30753 88479
0.9776934856062397 30943 90853
0.9771211527095888 32362 92559
0.9767244573322621 32432 94655
0.9760455331569388 34230 96564
0.9756444422629658 34741 98243
0.9755519532668671 33699 99790
0.9751794332310948 33969 101554
0.9745265158625954 36195 102893
0.9739688346880987 38018 104115
0.9732378968991279 40124 106000
0.9726608021927767 41404 107871
0.9722833372007775 41953 109383
0.9720600815844519 41130 111425
0.9715723623832418 43035 112183
0.9708971011384572 44592 114313
0.9704104808164086 45563 115999
0.9696694699684567 48213 117395
0.9694788144339243 47969 118680
0.9693187443693889 46664 120859
0.9692145339955668 45803 122289
0.9688308420216519 46444 123743
0.968273893433263 46736 126492
0.9671173231157107 51434 128109
0.9662080006095116 55068 129440
0.9658900582387641 55709 130535
0.9656668026224385 55152 132311
0.965550321431312 54681 133418
0.9650028964623234 55633 135455
0.9640946728352859 57630 138417
0.9637032887072401 57084 141100
0.9631575120569937 56886 144278
0.9624117393993417 57788 147448
0.9618672447747838 58016 150193
0.9617097387616255 55823 153246
0.9612683556317282 54622 156857
0.9606134236514327 54864 160191
0.9600780863532211 54317 163661
0.9595782794812338 54022 166685
0.9592037448336654 52780 169972
0.9590988018737355 50936 172389
0.9589046665551915 49767 174618
0.9585550398352853 48896 177398
0.9581001038623954 48177 180601
0.957648830820044 46312 184930
0.957321914269477 45191 187836
0.9570391360318997 43923 190648
0.9566902418981013 42449 194027
0.9565893281617638 39579 197448
0.9562981251839477 37166 201451
0.9557898935717217 34883 206509
0.9554171903894226 33769 209658
0.9549444892034207 33107 212901
0.9545448634816631 31354 216836
0.9542293020157656 29219 220694
0.9541479849578095 26723 223634
0.953829859440535 24668 227426
0.9533295031289668 23466 231360
0.9529491077925367 21471 235432
0.9524674324267153 20112 239421
0.9520570010598689 18418 243356
0.9517727576500762 16441 246885
0.9516341157291914 13110 250973
0.9513183711167671 12039 253768
0.950736148307662 11866 257120
0.9502806628951913 12326 259147
0.9498354336882285 12871 261033
0.9494087022804856 15122 261112
0.9491435061094934 16497 261185
0.9490387462960904 17002 261252
0.9487746490042598 18333 261363
0.9481944408069509 21396 261468
0.9477265014306491 23848 261571
0.9472992205833254 26102 261650
0.9468038092279842 28733 261724
0.9464950241835831 30338 261805
0.9463761620876067 30915 261877
0.946010235326804 32819 261971
0.9453606145957892 36262 262075
0.944914103363138 38616 262159
0.9444296807994126 41154 262266
0.9439080794907208 43893 262375
