0 0
0 0
0 0
0 0
2 0
7 0
7 0
16 0
16 0
31 0
57 0
89 0
141 0
180 1
218 1
252 1
274 1
274 1
285 1
340 1
382 1
412 2
439 3
476 4
513 15
546 16
613 19
665 19
709 21
735 21
777 25
816 25
810 87
844 90
876 101
890 107
889 132
921 138
931 160
953 171
978 182
990 198
1002 203
1005 207
1012 208
1022 226
1033 235
1064 240
1057 260
1064 266
1065 270
1070 274
1069 284
1076 290
1082 291
1088 300
1093 303
1098 304
1099 309
1099 319
1105 324
1109 325
1106 333
1102 337
1101 338
1103 342
1103 345
1103 346
1098 352
1098 356
1099 358
1102 358
1100 361
1100 363
1094 370
1092 373
1090 375
1089 377
27 1439
25 1442
23 1445
22 1446
22 1446
22 1446
21 1447
16 1453
15 1454
9 1462
9 1464
8 1465
8 1465
7 1466
6 1467
8 1467
10 1467
9 1468
11 1468
16 1468
17 1468
17 1468
18 1468
20 1468
20 1468
22 1468
24 1468
27 1468
28 1468
31 1468
35 1468
43 1468
45 1468
51 1468
35 1485
36 1485
49 1485
56 1485
62 1485
73 1485
87 1485
86 1495
90 1495
105 1495
118 1495
139 1495
155 1495
184 1495
205 1495
221 1495
205 1534
223 1540
236 1540
253 1540
287 1540
261 1580
265 1584
260 1599
266 1612
264 1633
283 1633
261 1679
266 1680
237 1716
238 1739
243 1763
257 1776
259 1793
272 1794
288 1794
238 1849
242 1859
237 1878
242 1897
240 1916
231 1940
234 1946
228 1953
213 1977
200 2008
189 2034
181 2052
194 2053
195 2054
167 2088
183 2089
214 2089
243 2089
213 2156
230 2171
236 2180
248 2181
275 2181
285 2208
328 2208
365 2209
407 2210
441 2210
410 2255
414 2272
419 2303
423 2332
428 2369
433 2401
449 2416
454 2429
468 2456
486 2493
496 2536
505 2574
504 2618
547 2618
525 2665
564 2668
590 2722
634 2755
700 2797
769 2834
837 2865
884 2865
907 2924
975 2979
1025 3033
1116 3079
1187 3122
1255 3165
1280 3190
1368 3190
1383 3311
1426 3390
1509 3498
1588 3603
1648 3702
1639 3749
1656 3831
1736 3954
1807 4058
1908 4195
2134 4196
2078 4420
2252 4421
2206 4558
2426 4694
2692 4815
2865 5007
3061 5191
3314 5349
3444 5388
3744 5487
4248 5690
4818 5865
5413 6104
6084 6332
6641 6501
7104 6575
7709 6764
8860 7122
10136 7510
11434 7873
13021 8253
14286 8664
15247 8833
16371 9232
18270 9945
20012 10693
20980 11523
21878 12429
22501 13148
22521 13685
22896 14486
23417 15991
23433 17661
23336 19322
22972 21298
22164 22997
21514 24111
21105 25612
20717 28222
20157 30713
19869 32516
19809 34313
19381 35661
19326 36218
19542 37395
19538 39426
19917 41117
19894 42686
19986 44298
20119 45189
20123 45655
20337 46743
20337 48969
20174 50899
20260 52414
20107 54150
20310 55071
20241 55573
20169 56966
20572 58994
20288 61061
20523 62610
20475 64300
20481 65324
20493 65795
20834 67102
20738 69337
20803 71119
21006 72731
21150 74331
20874 75440
20878 75867
21115 77166
20758 79643
20617 81426
20346 83209
20158 84855
20010 85889
19938 86356
17427 90378
17380 92554
17590 94431
19356 94459
18666 95518
18454 96352
18541 96786
18986 98319
19309 100431
20073 102079
20354 103596
19317 105026
19176 105910
19553 106305
20514 107856
21722 110002
22475 112070
22757 113872
24276 114242
24419 114862
24320 115393
24204 117383
23864 119815
23230 122242
23001 124015
24128 124428
23937 125188
23473 125951
22591 128546
20885 131966
19645 134661
19015 136737
18702 138591
18477 139353
18350 139781
18134 141678
17884 143778
17653 145582
17451 147078
17241 148646
17248 149225
17311 149525
17258 151228
17152 152949
16900 154440
16414 155885
15798 157403
15758 157944
15758 158242
14444 159920
14000 161795
13806 163334
13488 164645
13195 165953
12936 166541
12890 166890
12111 168409
11641 169965
11252 171232
11202 172194
11177 173175
11095 173672
11032 173982
11597 174319
11298 175707
12048 175714
12948 175728
10581 179046
