1.0 0 0
1.0 0 0
1.0 0 0
1.0 0 0
0.9999990379939481 2 0
0.999996632978818 7 0
0.999996632978818 7 0
0.9999923039515841 16 0
0.9999923039515841 16 0
0.9999850889061943 31 0
0.9999725828275186 57 0
0.9999571907306869 89 0
0.9999321785733354 141 0
0.9999129384522958 180 1
0.9998946603373082 218 1
0.9998783062344245 252 1
0.9998677241678527 274 1
0.9998677241678527 274 1
0.9998624331345668 285 1
0.9998359779681374 340 1
0.9998157758410459 382 1
0.9998008647472402 412 2
0.9997873966625124 439 3
0.9997691185475248 476 4
0.9997460304022773 513 15
0.9997296762993936 546 16
0.9996960060875743 613 19
0.9996709939302229 665 19
0.9996488677910272 709 21
0.9996363617123515 735 21
0.999614235573156 777 25
0.9995954764551424 816 25
0.999568540285687 810 87
0.9995507431737253 844 90
0.9995300600436078 876 101
0.9995204399830879 890 107
0.9995088959104642 889 132
0.9994906177954765 921 138
0.9994752256986449 931 160
0.9994593525987872 953 171
0.9994420364898515 978 182
0.9994285684051238 990 198
0.999420391353682 1002 203
0.9994170243325001 1005 207
0.9994131763082922 1012 208
0.9993997082235644 1022 226
0.9993900881630446 1033 235
0.999372772054109 1064 240
0.9993665190147711 1057 260
0.9993602659754333 1064 266
0.9993578609603033 1065 270
0.9993535319330694 1070 274
0.9993492029058355 1069 284
0.9993429498664976 1076 290
0.9993395828453157 1082 291
0.9993323677999258 1088 300
0.9993285197757179 1093 303
0.999325633757562 1098 304
0.999322747739406 1099 309
0.9993179377091461 1099 319
0.9993126466758603 1105 324
0.9993102416607302 1109 325
0.9993078366456003 1106 333
0.9993078366456003 1102 337
0.9993078366456003 1101 338
0.9993049506274444 1103 342
0.9993035076183664 1103 345
0.9993030266153404 1103 346
0.9993025456123145 1098 352
0.9993006216002105 1098 356
0.9992991785911325 1099 358
0.9992977355820546 1102 358
0.9992972545790285 1100 361
0.9992962925729766 1100 363
0.9992958115699506 1094 370
0.9992953305669245 1092 373
0.9992953305669245 1090 375
0.9992948495638986 1089 377
0.9992948495638986 27 1439
0.9992943685608726 25 1442
0.9992938875578466 23 1445
0.9992938875578466 22 1446
0.9992938875578466 22 1446
0.9992938875578466 22 1446
0.9992938875578466 21 1447
0.9992934065548207 16 1453
0.9992934065548207 15 1454
0.9992924445487686 9 1462
0.9992914825427167 9 1464
0.9992914825427167 8 1465
0.9992914825427167 8 1465
0.9992914825427167 7 1466
0.9992914825427167 6 1467
0.9992905205366647 8 1467
0.9992895585306127 10 1467
0.9992895585306127 9 1468
0.9992885965245607 11 1468
0.9992861915094308 16 1468
0.9992857105064048 17 1468
0.9992857105064048 17 1468
0.9992852295033788 18 1468
0.9992842674973268 20 1468
0.9992842674973268 20 1468
0.9992833054912749 22 1468
0.9992823434852228 24 1468
0.9992809004761449 27 1468
0.9992804194731189 28 1468
0.999278976464041 31 1468
0.999277052451937 35 1468
0.999273204427729 43 1468
0.9992722424216771 45 1468
0.9992693564035211 51 1468
0.9992688754004951 35 1485
0.9992683943974692 36 1485
0.9992621413581313 49 1485
0.9992587743369493 56 1485
0.9992558883187934 62 1485
0.9992505972855075 73 1485
0.9992438632431436 87 1485
0.9992395342159097 86 1495
0.9992376102038057 90 1495
0.9992303951584159 105 1495
0.9992241421190781 118 1495
0.9992140410555322 139 1495
0.9992063450071165 155 1495
0.9991923959193627 184 1495
0.9991822948558169 205 1495
0.9991745988074011 221 1495
0.9991635357378034 205 1534
0.9991519916651795 223 1540
0.9991457386258417 236 1540
0.9991375615743998 253 1540
0.9991212074715162 287 1540
0.9991144734291524 261 1580
0.9991106254049444 265 1584
0.9991058153746846 260 1599
0.9990966763171907 266 1612
0.9990875372596969 264 1633
0.9990783982022031 283 1633
0.9990668541295793 261 1679
0.9990639681114234 266 1680
0.9990606010902414 237 1716
0.9990490570176177 238 1739
0.9990351079298639 243 1763
0.9990221208481622 257 1776
0.9990129817906684 259 1793
0.9990062477483046 272 1794
0.9989985516998887 288 1794
0.9989961466847588 238 1849
0.9989894126423949 242 1859
0.9989826786000311 237 1878
0.9989711345274073 242 1897
0.9989629574759655 240 1916
0.9989557424305756 231 1940
0.9989514134033417 234 1946
0.9989509324003157 228 1953
0.9989466033730818 213 1977
0.998937945318614 200 2008
0.9989307302732241 189 2034
0.9989259202429642 181 2052
0.9989191862006004 194 2053
0.9989182241945485 195 2054
0.9989153381763924 167 2088
0.9989071611249506 183 2089
0.9988922500311449 214 2089
0.9988783009433913 243 2089
0.9988605038314297 213 2156
0.9988451117345979 230 2171
0.9988378966892081 236 2180
0.9988316436498702 248 2181
0.9988186565681685 275 2181
0.9988008594562069 285 2208
0.9987801763260893 328 2208
0.9987618982111016 365 2209
0.9987412150809841 407 2210
0.9987248609781004 441 2210
0.9987181269357366 410 2255
0.9987080258721908 414 2272
0.9986907097632551 419 2303
0.9986748366633974 423 2332
0.9986546345363059 428 2369
0.9986368374243443 433 2401
0.9986219263305386 449 2416
0.9986132682760708 454 2429
0.9985935471520051 468 2456
0.9985670919855757 486 2493
0.9985415988251982 496 2536
0.9985189916829766 505 2574
0.9984983085528591 504 2618
0.9984776254227415 547 2618
0.9984656003470918 525 2665
0.9984453982200002 564 2668
0.998406917977921 590 2722
0.9983698807449197 634 2755
0.9983179324181128 700 2797
0.9982669460973579 769 2834
0.9982193267977849 837 2865
0.9981967196555633 884 2865
0.9981572774074322 907 2924
0.9980981140352354 975 2979
0.9980480897205324 1025 3033
0.9979821923059718 1116 3079
0.997927357961009 1187 3122
0.9978739666251241 1255 3165
0.9978499164738245 1280 3190
0.9978075882075375 1368 3190
0.9977421717960028 1383 3311
0.9976834894268319 1426 3390
0.9975916178488679 1509 3498
0.9975031132920857 1588 3603
0.9974266338109533 1648 3702
0.9974083556959656 1639 3749
0.9973607363963927 1656 3831
0.9972630927821167 1736 3954
0.9971789172525685 1807 4058
0.9970644385323828 1908 4195
0.9969552508454831 2134 4196
0.9968744423371168 2078 4420
0.9967902668075684 2252 4421
0.9967464955322034 2206 4558
0.996575258454951 2426 4694
0.9963891102838928 2692 4815
0.9962135441794064 2865 5007
0.9960307630295302 3061 5191
0.9958330707858483 3314 5349
0.995751781274456 3444 5388
0.9955598610670859 3744 5487
0.995219791927711 4248 5690
0.9948614446733485 4818 5865
0.9944602881496728 5413 6104
0.9940278664293077 6084 6332
0.993678658232439 6641 6501
0.9934203596074823 7104 6575
0.9930384432048462 7709 6764
0.9923126096386272 8860 7122
0.9915122206033798 10136 7510
0.9907132745772104 11434 7873
0.9897671416250879 13021 8253
0.9889609805535287 14286 8664
0.9884174471341599 15247 8833
0.987684879525577 16371 9232
0.9864284996216911 18270 9945
0.9852308020869759 20012 10693
0.9843659586462459 20980 11523
0.9834982291873599 21878 12429
0.9828527231264812 22501 13148
0.9825848044410047 22521 13685
0.9820191448824405 22896 14486
0.9810446327517847 23417 15991
0.9802336616499654 23433 17661
0.9794813729173171 23336 19322
0.9787059960394211 22972 21298
0.978277422343264 22164 22997
0.9780542369392046 21514 24111
0.9775289816348235 21105 25612
0.9764601929110736 20717 28222
0.9755313760678869 20157 30713
0.9748026564835119 19869 32516
0.9739671542273672 19809 34313
0.9735246314434564 19381 35661
0.9732831679244094 19326 36218
0.9726131307092053 19542 37395
0.9716381375755235 19538 39426
0.9706424613117242 19917 41117
0.9698988306335435 19894 42686
0.9690792014772565 19986 44298
0.9685866543786427 20119 45189
0.9683605829564274 20123 45655
0.9677343170165883 20337 46743
0.9666636042807345 20337 48969
0.9658136719338102 20174 50899
0.9650435860892 20260 52414
0.9642821582990578 20107 54150
0.9637415108978451 20310 55071
0.9635332365875914 20241 55573
0.9628978315902585 20169 56966
0.9617285132340767 20572 58994
0.9608708848387365 20288 61061
0.9600127754403703 20523 62610
0.9592229684716946 20475 64300
0.9587275353549249 20481 65324
0.9584952108933718 20493 65795
0.9577025179065402 20834 67102
0.9566736524339474 20738 69337
0.9557852398449439 20803 71119
0.9549122193527719 21006 72731
0.9540733500754454 21150 74331
0.9536726745547957 20874 75440
0.953465362250594 20878 75867
0.9527265416026732 21115 77166
0.9517068151875744 20758 79643
0.9509170082188987 20617 81426
0.9501897316436018 20346 83209
0.9494884292317083 20158 84855
0.9490622605506811 20010 85889
0.948872264355415 19938 86356
0.9481454687831441 17427 90378
0.9471214133408113 17380 92554
0.9461175600255701 17590 94431
0.945254640596944 19356 94459
0.9450771504803537 18666 95518
0.9447779665981879 18454 96352
0.944527364021647 18541 96786
0.9435759400362388 18986 98319
0.942404697667953 19309 100431
0.941244518369265 20073 102079
0.940379674928535 20354 103596
0.9401906407393209 19317 105026
0.9398332554910103 19176 105910
0.939461921154946 19553 106305
0.938253641553659 20514 107856
0.9366403574044885 21722 110002
0.9352834478681705 22475 112070
0.9342810375620073 22757 113872
0.9333724228459122 24276 114242
0.9330054175370818 24419 114862
0.932797624229854 24320 115393
0.9318962245591487 24204 117383
0.9308899662287775 23864 119815
0.9300275278031774 23230 122242
0.9292848591310487 23001 124015
0.9285441144710241 24128 124428
0.9282704237492359 23937 125188
0.9281266038444648 23473 125951
0.9273026456609439 22591 128546
0.9264782064743969 20885 131966
0.9257783470715815 19645 134661
0.9250828166959998 19015 136737
0.9243415910329492 18702 138591
0.9240832924079926 18477 139353
0.9239385104971696 18350 139781
0.9231299444104802 18134 141678
0.9222400888123987 17884 143778
0.9214834710525164 17653 145582
0.9208610531368853 17451 147078
0.9202078510275908 17241 148646
0.9199259832543607 17248 149225
0.9197513791559263 17311 149525
0.9189577241630427 17258 151228
0.9181809042760688 17152 152949
0.9175849415268671 16900 154440
0.9171236596249427 16414 155885
0.9166897948954997 15798 157403
0.9164488123794787 15758 157944
0.9163054734777336 15758 158242
0.9161303883762733 14444 159920
0.9154420730460815 14000 161795
0.914795123976125 13806 163334
0.9143174879713168 13488 164645
0.913829269899937 13195 165953
0.9136710199043863 12936 166541
0.9135252759875112 12890 166890
0.9131693337482786 12111 168409
0.9126469644620534 11641 169965
0.9122246438052342 11252 171232
0.9117859690455312 11202 172194
0.9113261301526848 11177 173175
0.9111265138968989 11095 173672
0.9110077061494793 11032 173982
0.9105738414200364 11597 174319
0.9100500291247332 11298 175707
0.9096859098340587 12048 175714
0.9092462730683039 12948 175728
0.9087888391905874 10581 179046
