0 0
0 0
0 0
0 0
0 0
1 0
1 0
3 0
3 0
7 0
10 0
16 0
32 0
44 0
54 0
63 0
72 0
104 1
122 1
136 1
177 1
178 7
179 7
197 7
209 7
224 2
267 2
290 2
312 2
329 7
360 3
396 4
420 6
439 11
460 11
474 11
524 10
566 15
664 18
676 25
690 25
703 25
717 25
660 109
720 115
706 157
802 175
865 184
865 224
920 241
909 264
927 272
946 298
1022 303
988 372
970 403
967 412
960 421
941 443
885 506
849 547
822 581
775 632
765 643
745 668
655 766
642 787
613 832
524 931
510 945
490 967
472 985
455 1010
382 1087
338 1139
322 1158
314 1179
303 1191
282 1213
275 1220
237 1259
229 1273
219 1284
196 1308
180 1329
176 1335
163 1350
160 1355
160 1360
154 1366
137 1384
127 1394
126 1396
122 1400
122 1403
122 1404
119 1407
121 1407
111 1417
106 1424
101 1430
101 1432
104 1437
105 1437
107 1438
110 1438
114 1438
98 1454
96 1465
91 1471
101 1475
111 1475
112 1475
113 1475
113 1476
131 1476
150 1480
160 1483
174 1483
175 1489
173 1492
175 1492
193 1494
206 1494
226 1494
255 1494
270 1494
271 1494
266 1501
297 1501
346 1505
361 1509
372 1521
380 1521
381 1521
387 1521
392 1535
409 1542
414 1551
425 1551
421 1558
414 1566
455 1566
474 1584
505 1584
513 1605
536 1605
574 1605
537 1644
532 1672
557 1688
562 1703
568 1724
566 1771
573 1771
579 1775
568 1800
611 1806
627 1853
646 1877
674 1892
701 1895
702 1897
710 1905
775 1915
769 1970
826 1975
855 2000
902 2000
907 2000
911 2011
992 2030
1055 2047
1147 2078
1136 2180
1175 2181
1238 2186
1252 2200
1311 2225
1387 2239
1470 2258
1555 2287
1565 2311
1507 2410
1478 2511
1486 2556
1509 2654
1570 2730
1692 2834
1775 2839
1763 2873
1777 2950
1904 2984
2028 3038
2134 3118
2301 3152
2370 3162
2413 3167
2516 3252
2602 3258
2694 3327
2827 3429
2988 3558
3090 3587
3146 3610
3223 3708
3340 3929
3610 4019
3971 4077
4458 4142
4856 4222
5086 4257
5200 4374
5698 4443
6270 4668
6807 4810
7474 4847
8256 4883
8572 4920
8730 5082
9434 5255
10316 5410
11401 5509
13183 5614
14159 5692
14263 6092
14437 6449
15521 6775
17228 6997
19047 7253
20889 7379
22388 7447
23067 7628
23298 8102
25100 8502
26452 8878
28918 8993
30722 10079
33724 10119
34860 10295
34872 11184
36960 11983
39301 12427
42371 12720
44828 12836
46929 13017
48598 13231
49064 14492
51037 15735
52022 16712
53781 17307
54962 18705
55663 19832
55949 20123
55015 22108
55520 23661
56994 24778
56866 26930
56033 29534
55738 31029
55697 31579
54139 34463
53410 36503
52304 39274
51966 41430
51425 43832
49687 46554
47846 48626
46046 51447
45025 54279
44130 57127
43050 60056
41740 62892
40720 65013
39049 66880
37456 69727
36590 72636
36005 75203
35293 78099
34525 80937
33069 83662
31415 85868
30753 88479
30943 90853
32362 92559
32432 94655
34230 96564
34741 98243
33699 99790
33969 101554
36195 102893
38018 104115
40124 106000
41404 107871
41953 109383
41130 111425
43035 112183
44592 114313
45563 115999
48213 117395
47969 118680
46664 120859
45803 122289
46444 123743
46736 126492
51434 128109
55068 129440
55709 130535
55152 132311
54681 133418
55633 135455
57630 138417
57084 141100
56886 144278
57788 147448
58016 150193
55823 153246
54622 156857
54864 160191
54317 163661
54022 166685
52780 169972
50936 172389
49767 174618
48896 177398
48177 180601
46312 184930
45191 187836
43923 190648
42449 194027
39579 197448
37166 201451
34883 206509
33769 209658
33107 212901
31354 216836
29219 220694
26723 223634
24668 227426
23466 231360
21471 235432
20112 239421
18418 243356
16441 246885
13110 250973
12039 253768
11866 257120
12326 259147
12871 261033
15122 261112
16497 261185
17002 261252
18333 261363
21396 261468
23848 261571
26102 261650
28733 261724
30338 261805
30915 261877
32819 261971
36262 262075
38616 262159
41154 262266
43893 262375
