0 0
0 0
0 0
0 0
1 0
1 0
1 0
3 0
3 0
7 0
13 0
17 0
24 0
38 0
51 0
62 0
62 0
116 0
150 0
202 0
240 0
274 0
402 0
550 4
697 12
915 12
1138 32
1155 32
1247 33
1292 34
1317 36
1325 55
1407 55
1401 104
1481 104
1549 106
1579 107
1641 108
1732 113
1821 113
1569 434
1593 435
1738 435
1835 437
1978 437
2062 444
1654 951
1830 953
2079 955
2201 957
2187 1113
2352 1113
2515 1120
2405 1548
2668 1552
2802 1559
2986 1560
3230 1563
2830 2166
3174 2176
3471 2176
3453 2498
3664 2672
4103 2680
4336 2884
4678 2894
4502 3306
4918 3314
5564 3331
5251 4169
5648 4367
6089 4563
6787 4563
7110 4964
6825 5914
7194 6330
7616 6739
8245 7270
8849 7584
8928 8272
8714 9289
9818 9319
9624 10501
10832 10511
11054 11529
11217 12398
10999 13265
11934 14003
12456 14947
13536 15704
14208 16759
15191 17492
16361 17996
16744 19068
17051 20474
18633 22159
19438 23996
20763 25210
22923 25362
23700 27179
22823 30168
22706 32715
24032 34536
25567 36360
27463 38273
30027 40011
32098 41435
32646 43688
34407 46005
37233 46657
38059 49656
40478 52203
43764 53538
46155 55435
48961 57147
52717 59079
56109 62266
58139 66451
62293 69507
66753 71381
71121 73143
75009 76200
80559 78774
83218 84843
87874 89250
93724 94253
100236 96514
104563 101158
110054 105801
114221 110444
121558 116781
128595 122092
132498 131686
137289 138953
145383 142413
147667 150625
145903 165146
153961 170260
154607 182987
163701 187178
168236 196092
173590 200038
168286 213512
159833 235115
165699 242353
169882 252114
164491 269709
173587 271846
170537 281992
165191 294570
165659 305464
164756 317413
159007 334176
152676 350614
155892 355593
150286 366576
148683 372635
143313 386564
141264 396920
140808 404668
138410 414778
137977 421882
135777 427821
129233 436876
125880 443039
123978 448887
105850 473290
105035 478618
103129 484216
100233 489653
94412 497732
92196 503864
90153 509787
90393 512945
89931 517114
90244 519529
81797 529653
79328 533689
76957 538744
73320 544966
72454 547678
71876 550675
72424 552632
71969 555072
64003 564256
62750 567845
63565 569450
62582 572496
60901 575983
59737 578780
57803 581559
57626 582815
57328 585103
56170 588268
56433 589965
56364 591850
56440 593353
55961 594788
52754 598767
53544 599900
54497 601075
54926 602701
54282 605374
55187 606024
54736 607200
54260 609022
54753 610435
54850 612199
53068 615461
51304 618194
50647 620119
50605 621064
49385 623187
49493 624846
49634 626450
49880 627953
50015 629701
49532 631757
49515 632700
49282 633960
49780 635375
50712 636179
50724 637628
51070 639826
50926 641545
50837 642522
50935 643602
51365 645049
51574 646610
52573 647630
53287 648844
50779 653014
51505 653749
48080 658224
47912 660447
49112 661403
49998 662414
50661 663585
50730 665138
51030 665729
50965 666886
51949 667765
52671 669099
51400 672282
51994 673458
52082 674741
50630 676965
50038 678798
50778 679770
41158 691256
38833 695342
37379 698527
37781 699497
37954 700571
37109 703145
35925 706469
33753 710979
34615 712330
35715 713467
37316 713708
36459 715810
37004 717252
35054 722090
36443 723215
34964 727799
36780 728629
36677 731002
37596 732163
34725 737527
37857 737645
40838 737733
37687 744254
40353 744786
35592 752110
37227 752777
38124 754175
40458 756014
39702 761170
43391 762413
44084 766365
47579 766986
49879 767999
46385 775504
51366 777232
57346 779418
63758 781325
69741 783224
76677 784287
79930 786197
85041 788638
85275 798412
88489 804324
93435 808103
100156 812321
103317 818605
109458 821253
106725 833487
117229 837029
119602 848961
126832 856527
129196 865715
132804 871609
134826 877045
135427 886024
143531 895630
149021 908140
157299 916588
162010 926879
167492 933256
171765 941584
176356 951403
188984 960607
200565 970025
212226 980344
224640 989536
232066 999531
239799 1006844
206291 1053457
212233 1066070
211214 1085592
212529 1099157
204830 1120829
202380 1135546
192035 1154901
173571 1183145
170160 1199266
157863 1222944
151208 1241360
146773 1258066
141592 1271394
134999 1282538
127107 1296471
124622 1306026
122496 1315302
115525 1328414
112364 1336872
109977 1343784
105888 1350421
95508 1363450
93992 1369024
93976 1372791
88996 1381520
87023 1386677
69641 1406494
67091 1410420
65137 1414116
60899 1421513
59538 1425362
56385 1431296
56246 1433817
55587 1436220
53660 1439249
48855 1445264
48132 1448307
46844 1451922
44911 1455766
43874 1458493
42728 1461068
41872 1462716
36714 1468872
35303 1472145
35056 1474068
34577 1476201
33237 1478988
