1.0 0 0
1.0 0 0
1.0 0 0
1.0 0 0
0.9999999831753853 1 0
0.9999999831753853 1 0
0.9999999831753853 1 0
0.9999999495261558 3 0
0.9999999495261558 3 0
0.9999998822276968 7 0
0.9999997812800083 13 0
0.9999997139815493 17 0
0.9999995962092461 24 0
0.9999993606646396 38 0
0.9999991419446479 51 0
0.9999989568738856 62 0
0.9999989568738856 62 0
0.9999980483446892 116 0
0.9999974763077878 150 0
0.999996601427821 202 0
0.9999959620924606 240 0
0.999995390055559 274 0
0.9999932365048714 402 0
0.9999906791634297 550 4
0.9999880713481437 697 12
0.9999844035821287 915 12
0.999980315200745 1138 32
0.9999800291822942 1155 32
0.9999784644931228 1247 33
0.9999776905608443 1292 34
0.9999772362962461 1317 36
0.999976782031648 1325 55
0.9999754024132386 1407 55
0.9999746789548044 1401 104
0.9999733329856246 1481 104
0.9999721552625923 1549 106
0.9999716336995351 1579 107
0.9999705737488059 1641 108
0.9999689585857902 1732 113
0.9999674611950776 1821 113
0.99996630029666 1569 434
0.9999658796812914 1593 435
0.9999634401121529 1738 435
0.9999617744752929 1835 437
0.9999593685553839 1978 437
0.9999578375154419 2062 444
0.9999561718785818 1654 951
0.9999531770971567 1830 953
0.999948954118855 2079 955
0.9999468678666262 2201 957
0.9999444787713321 2187 1113
0.9999417027098987 2352 1113
0.9999388425253914 2515 1120
0.9999334922979016 2405 1548
0.999929000125764 2668 1552
0.9999266278550846 2802 1559
0.9999235153013561 2986 1560
0.9999193596215135 3230 1563
0.9999159442247196 2830 2166
0.9999099883110989 3174 2176
0.9999049914005188 3471 2176
0.9998998767176355 3453 2498
0.9998933992409575 3664 2672
0.9998858786381652 4103 2680
0.9998785262815204 4336 2884
0.9998726040171292 4678 2894
0.9998686334080487 4502 3306
0.9998614997713956 4918 3314
0.9998503450518177 5564 3331
0.9998415121290751 5251 4169
0.9998315014833001 5648 4367
0.9998207842037057 6089 4563
0.9998090406226117 6787 4563
0.9997968596015342 7110 4964
0.9997856712327269 6825 5914
0.9997724639101498 7194 6330
0.9997584826552943 7616 6739
0.9997389661021868 8245 7270
0.9997235211058483 8849 7584
0.9997106166263366 8928 8272
0.9996971064606941 8714 9289
0.99967802734757 9818 9319
0.9996614046281992 9624 10501
0.9996409122474362 10832 10511
0.9996200497251488 11054 11529
0.9996026867227291 11217 12398
0.9995917675477577 10999 13265
0.9995636199672845 11934 14003
0.9995389550820641 12456 14947
0.9995080482647724 13536 15704
0.9994789921551027 14208 16759
0.9994501211161955 15191 17492
0.9994219567111075 16361 17996
0.9993974768966494 16744 19068
0.9993686563315862 17051 20474
0.999313690315205 18633 22159
0.999269239683041 19438 23996
0.9992265219861962 20763 25210
0.9991876234768992 22923 25362
0.9991439804262432 23700 27179
0.9991084468398957 22823 30168
0.9990675630260584 22706 32715
0.9990146159634469 24032 34536
0.9989581020825088 25567 36360
0.9988940171249341 27463 38273
0.9988216376322888 30027 40011
0.998762835603745 32098 41435
0.9987157098578362 32646 43688
0.9986470990788944 34407 46005
0.9985885830688013 37233 46657
0.9985242289173907 38059 49656
0.9984406778805528 40478 52203
0.9983629313358029 43764 53538
0.998290787387764 46155 55435
0.9982147737783332 48961 57147
0.9981190753696473 52717 59079
0.9980083862292211 56109 62266
0.997903821248563 58139 66451
0.9977825157762309 62293 69507
0.997675948666418 66753 71381
0.9975728137780135 71121 73143
0.9974559668285896 75009 76200
0.9973192836583779 80559 78774
0.9971724384208585 83218 84843
0.9970199569373985 87874 89250
0.9968373593935399 93724 94253
0.9966897570483569 100236 96514
0.9965388234294538 104563 101158
0.9963683227835989 110054 105801
0.9962200979276702 114221 110444
0.9959900381456078 121558 116781
0.9957822878027011 128595 122092
0.9955552059774492 132498 131686
0.9953523347728194 137289 138953
0.9951579431740225 145383 142413
0.9949813520176288 147667 150625
0.9947667204072903 145903 165146
0.9945451065818314 153961 170260
0.9943201110088081 154607 182987
0.9940965960018827 163701 187178
0.9938703217581386 168236 196092
0.9937138528409835 173590 200038
0.9935763957384933 168286 213512
0.9933551520545588 159833 235115
0.9931346823029028 165699 242353
0.9929000798748585 169882 252114
0.9926947522764755 164491 269709
0.9925057613790127 173587 271846
0.9923863739127619 170537 281992
0.9922646982989053 165191 294570
0.99207353702614 165659 305464
0.991887692331635 164756 317413
0.991702386024802 159007 334176
0.9915323396435453 152676 350614
0.9913944619256865 155892 355593
0.9913039959721872 150286 366576
0.9912290254888707 148683 372635
0.9910850236112437 143313 386564
0.9909452615365332 141264 396920
0.9908225764457917 140808 404668
0.9906928250168562 138410 414778
0.9905805880118731 137977 421882
0.9905176807773308 135777 427821
0.990475434169699 129233 436876
0.9904281570022574 125880 443039
0.9903617670724624 123978 448887
0.9902561926149195 105850 473290
0.9901802631285623 105035 478618
0.9901181466509132 103129 484216
0.9900753953048389 100233 489653
0.9900374053247382 94412 497732
0.9899715201333855 92196 503864
0.9899062406281638 90153 509787
0.9898490705872506 90393 512945
0.9897867017403802 89931 517114
0.989740804191348 90244 519529
0.9897125893124159 81797 529653
0.9896862251411059 79328 533689
0.9896410678751226 76957 538744
0.9895975762459994 73320 544966
0.9895665180071749 72454 547678
0.9895258192640998 71876 550675
0.9894836736041563 72424 552632
0.9894502767438819 71969 555072
0.9894297843631189 64003 564256
0.9893904820630679 62750 567845
0.9893497664953781 63565 569450
0.9893150573151532 62582 572496
0.9892846720609185 60901 575983
0.9892571974650353 59737 578780
0.9892429806655734 57803 581559
0.9892248269062603 57626 582815
0.9891913459229121 57328 585103
0.9891575789211131 56170 588268
0.9891246026762074 56433 589965
0.9890940491758252 56364 591850
0.9890674831091383 56440 593353
0.9890513987774394 55961 594788
0.989038410174854 52754 598767
0.9890060564406938 53544 599900
0.9889702536605104 54497 601075
0.9889356790772035 54926 602701
0.9889015419338801 54282 605374
0.9888753796579471 55187 606024
0.988863181812255 54736 607200
0.9888405358808043 54260 609022
0.9888084681650949 54753 610435
0.9887771575570491 54850 612199
0.9887522571272223 53068 615461
0.9887359540755316 51304 618194
0.9887146204640312 50647 620119
0.988699427836914 50605 621064
0.9886842352097966 49385 623187
0.9886545061155372 49493 624846
0.9886251471628021 49634 626450
0.9885957209116081 49880 627953
0.9885640401620379 50015 629701
0.9885375750430395 49532 631757
0.9885219954497829 49515 632700
0.9885047165704369 49282 633960
0.9884725310824242 49780 635375
0.9884433235512219 50712 636179
0.9884187427890753 50724 637628
0.9883759409691567 51070 639826
0.9883494422009288 50926 641545
0.9883345019430327 50837 642522
0.9883146825468597 50935 643602
0.988283102744978 51365 645049
0.9882533231768742 51574 646610
0.9882193542796983 52573 647630
0.9881869164224644 53287 648844
0.9881589539127534 50779 653014
0.9881343731506068 51505 653749
0.9881167073051216 48080 658224
0.9880821327218147 47912 660447
0.9880458588524182 49112 661403
0.9880139425582416 49998 662414
0.9879830862147939 50661 663585
0.9879557966896729 50730 665138
0.9879408059579325 51030 665729
0.9879224334786278 50965 666886
0.9878910892213526 51949 667765
0.987856497813431 52671 669099
0.987824329150033 51400 672282
0.9877945495819294 51994 673458
0.98777148303511 52082 674741
0.9877584944325247 50630 676965
0.9877376150856225 50038 678798
0.9877088113451742 50778 679770
0.9876774166140547 41158 691256
0.9876477884674837 38833 695342
0.9876186650593551 37379 698527
0.987595581687921 37781 699497
0.9875746013933304 37954 700571
0.9875455116344314 37109 703145
0.987509506958871 35925 706469
0.9874701710095904 33753 710979
0.9874329381371534 34615 712330
0.9873953014739625 35715 713467
0.9873643105335969 37316 713708
0.9873433638882357 36459 715810
0.9873099333787317 37004 717252
0.9872613438913399 35054 722090
0.9872190468098637 36443 723215
0.9871668063810717 34964 727799
0.9871222884504488 36780 728629
0.9870840965749711 36677 731002
0.9870491013762955 37596 732163
0.9870071576117291 34725 737527
0.9869524776137986 37857 737645
0.9869008428711373 40838 737733
0.986844143919437 37687 744254
0.9867903388014734 40353 744786
0.9867472173138745 35592 752110
0.986708487050725 37227 752777
0.9866698745598786 38124 754175
0.9865996654425357 40458 756014
0.9865256371376451 39702 761170
0.9864426581377086 43391 762413
0.9863645078022047 44084 766365
0.9862952576879026 47579 766986
0.9862395177392429 49879 767999
0.9861720342094892 46385 775504
0.9860591578691457 51366 777232
0.9859217680651147 57346 779418
0.9857818040950271 63758 781325
0.9856491924815844 69741 783224
0.9855146123882162 76677 784287
0.985427746902273 79930 786197
0.9853006874116971 85041 788638
0.9851323066673003 85275 798412
0.9849787652331113 88489 804324
0.9848319704694362 93435 808103
0.9846479260087092 100156 812321
0.9844890175224157 103317 818605
0.9843411459833966 109458 821253
0.9841812953186772 106725 833487
0.9839449767799285 117229 837029
0.9837043006659603 119602 848961
0.9834553636661508 126832 856527
0.9832610057165835 129196 865715
0.9831011382272492 132804 871609
0.9829756602504597 134826 877045
0.982814480441175 135427 886024
0.9825165165139903 143531 895630
0.9822136734485286 149021 908140
0.9819322649422558 157299 916588
0.9816798620718084 162010 926879
0.9814803389655133 167492 933256
0.9812683319950755 171765 941584
0.9810258892965587 176356 951403
0.9806585743073832 188984 960607
0.9803052742222927 200565 970025
0.9799354691901345 212226 980344
0.9795719565638921 224640 989536
0.9792788549503695 232066 999531
0.979025711796873 239799 1006844
0.9788052252206022 206291 1053457
0.9784930444939556 212233 1066070
0.9781817386472758 211214 1085592
0.9779313883798274 212529 1099157
0.9776962980379554 204830 1120829
0.9774899104888434 202380 1135546
0.9773383207099651 192035 1154901
0.9771737759777309 173571 1183145
0.9769599351242856 170160 1199266
0.9767684541838401 157863 1222944
0.9765705798897903 151208 1241360
0.9763641250422193 146773 1258066
0.9762270549058684 141592 1271394
0.9761504860841508 134999 1282538
0.9760488485864589 127107 1296471
0.9759298985601915 124622 1306026
0.9758096025647442 122496 1315302
0.9757062826055776 115525 1328414
0.9756171626212582 112364 1336872
0.9755410312395241 109977 1343784
0.9754981621211465 105888 1350421
0.9754535937166794 95508 1363450
0.9753853194300325 93992 1369024
0.9753222103001132 93976 1372791
0.9752591348194235 88996 1381520
0.9752055652460663 87023 1386677
0.9751645973091553 69641 1406494
0.9751414466392622 67091 1410420
0.9751121381603713 65137 1414116
0.9750589892023829 60899 1421513
0.9750171295608902 59538 1425362
0.9749703403072764 56385 1431296
0.974930264074947 56246 1433817
0.9749009219468266 55587 1436220
0.9748823812213745 53660 1439249
0.9748620234375296 48855 1445264
0.9748229903313145 48132 1448307
0.9747838394527962 46844 1451922
0.9747516876140131 44911 1455766
0.9747232540150892 43874 1458493
0.9746992116406145 42728 1461068
0.9746858865457342 41872 1462716
0.9746690955802157 36714 1468872
0.9746377681475552 35303 1472145
0.9746095700932378 35056 1474068
0.9745817421804448 34577 1476201
0.9745573969629047 33237 1478988
