82 2
118 2
162 3
218 4
254 5
393 7
460 40
626 47
1013 60
1628 67
2040 237
2039 238
4906 326
5679 712
6992 806
9070 872
10187 1561
12206 1704
16026 1937
17779 2631
21874 3500
24421 4347
30250 4886
33283 6602
40501 9014
46406 11380
51224 14495
54968 18267
58598 21512
63460 24496
68200 27723
72084 32034
74974 37091
77488 41711
80002 46166
80925 50721
82897 53778
84689 57253
85407 62813
85610 67612
86524 71749
87312 75715
87231 79600
87616 82483
86981 85560
88083 89561
90836 94112
96040 94799
96886 94840
100864 97810
98771 101439
100382 103796
100757 107632
101617 111407
88111 114879
87295 118610
86072 121562
85069 124396
84403 126370
79695 133222
76842 136593
78623 136593
74234 142348
73300 144166
71240 146771
70230 149099
68466 151859
66866 154581
65410 157447
63148 160430
61563 162787
63553 163883
62130 165900
60764 167927
58845 170695
57941 172242
56689 174009
56689 174009
53521 178085
53883 178154
54291 178264
54721 178316
55820 179004
56236 179054
56644 179128
58190 177210
58766 177493
58766 177493
60411 177495
61067 177497
61727 177501
61976 177503
62135 177503
62429 177503
62822 177504
63151 177509
63468 177510
63799 177511
64038 177512
64205 177512
64454 177512
64768 177512
65195 177512
65697 177512
66093 177512
66416 177512
66597 177512
66816 177512
67171 177512
67756 177512
66884 178691
67240 178698
67573 178699
67804 178700
68051 178701
68383 178703
68780 178706
69191 178714
69752 178717
70051 178719
70248 178722
70540 178731
70919 178740
71359 178744
71784 178761
71784 178761
71784 178761
73025 178764
73362 178768
73741 178772
74279 178777
75129 178779
75129 178779
75129 178779
77171 178782
77834 178785
78705 178789
80063 178792
81459 178796
81459 178796
81459 178796
86038 178798
87394 178800
88749 178802
91361 178805
93613 178808
93613 178808
93613 178808
99972 178810
101798 178812
103824 178817
106611 178819
109701 178821
109701 178821
109701 178821
118206 178848
123940 178874
126892 178875
130979 178876
135483 178879
135483 178879
135483 178879
144028 178952
147655 178957
150829 178955
158353 178981
163820 178993
163820 178993
163820 178993
180060 179022
185150 179046
191694 179173
198717 179189
206840 179214
206840 179214
206840 179214
226188 179248
233253 179300
240502 179347
250135 179372
259899 179387
259899 179387
259899 179387
283388 179470
291445 179528
299984 179570
308903 179610
319195 179794
319195 179794
319195 179794
345657 179892
354543 179970
363375 180004
374068 180075
386203 180123
386203 180123
386203 180123
413506 180224
422787 180380
433741 180619
444870 180781
459169 180871
459169 180871
459169 180871
490429 181039
500987 181280
512146 181410
522715 181494
534873 181608
534873 181608
534873 181608
566479 181787
566479 181787
587021 182167
596258 182349
607470 182462
607470 182462
607470 182462
630811 182601
642548 182862
652963 182938
665260 183064
677807 183305
677807 183305
677807 183305
705468 183500
712506 183580
724267 183789
737445 183929
752409 184151
752409 184151
752409 184151
790081 184368
803736 184586
820553 184742
841384 184897
861004 185128
861004 185128
861004 185128
912913 185407
931064 185674
950661 185842
974068 186015
999424 186254
999424 186254
999424 186254
1054064 186633
1072495 186871
1095914 188494
1117454 188862
1139623 189209
1139623 189209
1139623 189209
1191497 189721
1191497 189721
1227228 190481
1246383 190837
1267446 191145
1267446 191145
1267446 191145
1305235 191629
1317959 192064
1332926 192415
1348907 192667
1363735 192995
1363735 192995
1363735 192995
1389109 193507
1400800 194044
1410653 194413
1422605 194750
1433164 195044
1433164 195044
1433164 195044
1452742 195445
1460557 195887
1469615 196160
1479488 196414
1488019 196628
1488019 196628
1488019 196628
1505306 197022
1505306 197022
1514706 197395
1522336 197720
1532575 198000
1532575 198000
1532575 198000
1553495 198389
1563435 198777
1574318 198972
1586268 199153
1597934 199302
1597934 199302
1597934 199302
1619613 199636
1630007 199896
1642215 200074
1654751 200200
1654751 200200
1654751 200200
1654751 200200
1678915 200498
1692684 200818
1709153 201065
1727052 201213
1727052 201213
1727052 201213
1727052 201213
1757390 201454
1780738 201806
1780738 201806
1822853 202051
1848110 202250
1848110 202250
1848110 202250
1909131 202651
1934161 203059
1972835 203254
2008512 203455
2048474 203690
2048474 203690
2048474 203690
2132306 204145
2166193 204549
2207305 205013
2251258 205417
2293743 205817
2293743 205817
2293743 205817
2386798 206584
2422647 207170
2462435 207667
2496819 208182
2534424 208695
2534424 208695
2534424 208695
2613348 209457
2641688 210181
2672719 210746
2702247 211178
2730228 211762
2730228 211762
2730228 211762
2776414 212671
2792050 213437
2809521 214080
2826861 214593
2840912 215123
2840912 215123
2840912 215123
2870461 215825
2879988 216355
2890480 216692
2904607 217080
2915645 217477
2915645 217477
2915645 217477
2935959 218012
2942977 218455
2951800 218844
2961023 219189
2969035 219518
2969035 219518
