0.9999982035152074 82 2
0.9999974335931535 118 2
0.9999964711905861 162 3
0.999995252147334 218 4
0.9999944608385564 254 5
0.9999914453105117 393 7
0.9999893066381397 460 40
0.999985606734936 626 47
0.9999770520454476 1013 60
0.9999637495032934 1628 67
0.9999513024300879 2040 237
0.9999513024300879 2039 238
0.999888104661493 4906 326
0.9998633174487007 5679 712
0.9998332263284256 6992 806
0.9997873731927683 9070 872
0.9997487487697287 10187 1561
0.9997025106730445 12206 1704
0.9996158302818043 16026 1937
0.9995634969688596 17779 2631
0.9994573332723099 21874 3500
0.9993847467320017 24421 4347
0.999248556075348 30250 4886
0.9991469905243981 33283 6602
0.9989410363749675 40501 9014
0.9987641467830731 46406 11380
0.9985944859037965 51224 14495
0.9984337432883115 54968 18267
0.9982867095627314 58598 21512
0.9981189093284184 63460 24496
0.9979485213005352 68200 27723
0.9977732570996437 72084 32034
0.997603296806235 74974 37091
0.9974507239192112 77488 41711
0.9973016798416013 80002 46166
0.9971845233690592 80925 50721
0.9970769695354675 82897 53778
0.9969643256616304 84689 57253
0.9968300598101115 85407 62813
0.9967230834180604 85610 67612
0.9966150590765469 86524 71749
0.9965133865919785 87312 75715
0.9964320314949449 87231 79600
0.9963621396818254 87616 82483
0.9963099133024994 86981 85560
0.9962007768513524 88083 89561
0.9960445682212962 90836 94112
0.9959185790318572 96040 94799
0.995899609007917 96886 94840
0.9957510140515052 100864 97810
0.9957181640438701 98771 101439
0.9956333015241463 100382 103796
0.9955432420305582 100757 107632
0.9954441145661126 101617 111407
0.9956587089519265 88111 114879
0.9955963666522806 87295 118610
0.9955593890069674 86072 121562
0.9955202299158347 85069 124396
0.995492256081208 84403 126370
0.9954464029455506 79695 133222
0.9954353246226634 76842 136593
0.9953972348677167 78623 136593
0.9953680206031141 74234 142348
0.9953491147393451 73300 144166
0.9953374589749172 71240 146771
0.9953092712730532 70230 149099
0.9952879700962274 68466 151859
0.9952639741922128 66866 154581
0.9952338189117665 65410 157447
0.9952183990839638 63148 160430
0.9952018885332514 61563 162787
0.9951358891038492 63553 163883
0.9951231853899591 62130 165900
0.9951090487655797 60764 167927
0.9950908914371408 58845 170695
0.9950771397737883 57941 172242
0.9950661256110722 56689 174009
0.9950661256110722 56689 174009
0.9950467064659337 53521 178085
0.9950374887880101 53883 178154
0.9950264104651227 54291 178264
0.9950161020642894 54721 178316
0.9949778839890003 55820 179004
0.9949679177757466 56236 179054
0.9949576093749131 56644 179128
0.9949655652361372 58190 177210
0.9949471940404612 58766 177493
0.9949471940404612 58766 177493
0.994911970106493 60411 177495
0.9948978976422848 61067 177497
0.9948836968577343 61727 177501
0.9948783287900803 61976 177503
0.9948749283010088 62135 177503
0.9948686406042349 62429 177503
0.9948602142350889 62822 177504
0.9948530710693662 63151 177509
0.994846270091223 63468 177510
0.9948391696989476 63799 177511
0.9948340368852546 64038 177512
0.9948304653023933 64205 177512
0.9948251400081869 64454 177512
0.9948184245769385 64768 177512
0.9948092924459098 65195 177512
0.994798556310602 65697 177512
0.9947900871680085 66093 177512
0.9947831792562467 66416 177512
0.9947793082592533 66597 177512
0.9947746245667585 66816 177512
0.9947670322798375 67171 177512
0.9947545210464609 67756 177512
0.9947479553222787 66884 178691
0.994740191941568 67240 178698
0.9947330487758453 67573 178699
0.9947280870559421 67804 178700
0.9947227831484594 68051 178701
0.9947156399827366 68383 178703
0.9947070852932484 68780 178706
0.9946981242560093 69191 178714
0.9946860621438308 69752 178717
0.9946796247399909 70051 178719
0.9946753473952468 70248 178722
0.9946689099914068 70540 178731
0.9946606119426031 70919 178740
0.9946511162372712 71359 178744
0.9946416633053866 71784 178761
0.9946416633053866 71784 178761
0.9946416633053866 71784 178761
0.994615058221078 73025 178764
0.9946077653482892 73362 178768
0.9945995742331042 73741 178772
0.9945879612421238 74279 178777
0.9945697397535137 75129 178779
0.9945697397535137 75129 178779
0.9945697397535137 75129 178779
0.9945260039035048 77171 178782
0.9945117603455068 77834 178785
0.9944930469622512 78705 178789
0.9944639396312672 80063 178792
0.9944339982180582 81459 178796
0.9944339982180582 81459 178796
0.9944339982180582 81459 178796
0.9943360256366934 86038 178798
0.9943069824658807 87394 178800
0.9942779606817916 88749 178802
0.9942220343992619 91361 178805
0.9941738073372717 93613 178808
0.9941738073372717 93613 178808
0.9941738073372717 93613 178808
0.9940377663876839 99972 178810
0.9939986714567225 101798 178812
0.9939552350208456 103824 178817
0.9938955874483885 106611 178819
0.993829459698644 109701 178821
0.993829459698644 109701 178821
0.993829459698644 109701 178821
0.9936469881718586 118206 178848
0.9935238006432271 123940 178874
0.9934606456480798 126892 178875
0.9933732167215094 130979 178876
0.9932768267577 135483 178879
0.9932768267577 135483 178879
0.9932768267577 135483 178879
0.9930925159726746 144028 178952
0.9930148393921209 147655 178957
0.9929470007044787 150829 178955
0.9927855309403871 158353 178981
0.9926683530811211 163820 178993
0.9926683530811211 163820 178993
0.9926683530811211 163820 178993
0.9923204124729084 180060 179022
0.9922110407678005 185150 179046
0.9920683699338594 191694 179173
0.9919178287855891 198717 179189
0.9917435697607125 206840 179214
0.9917435697607125 206840 179214
0.9917435697607125 206840 179214
0.9913290522815571 226188 179248
0.9911768429688366 233253 179300
0.99102080543257 240502 179347
0.9908142524548751 250135 179372
0.99060511168361 259899 179387
0.99060511168361 259899 179387
0.99060511168361 259899 179387
0.9901009838320646 283388 179470
0.9899274305690707 291445 179528
0.9897439110928231 299984 179570
0.989552307435009 308903 179610
0.9893282601173105 319195 179794
0.9893282601173105 319195 179794
0.9893282601173105 319195 179794
0.9887602287352876 345657 179892
0.9885685181438548 354543 179970
0.9883789034513467 363375 180004
0.9881486967572166 374068 180075
0.9878881423021268 386203 180123
0.9878881423021268 386203 180123
0.9878881423021268 386203 180123
0.9873020605252836 413506 180224
0.987100234013531 422787 180380
0.9868608524149247 433741 180619
0.9866193749173938 444870 180781
0.986311641349776 459169 180871
0.986311641349776 459169 180871
0.986311641349776 459169 180871
0.9856394993966805 490429 181039
0.9854085441672202 500987 181280
0.9851671094431368 512146 181410
0.9849392766753396 522715 181494
0.9846768188018388 534873 181608
0.9846768188018388 534873 181608
0.9846768188018388 534873 181608
0.983997041788375 566479 181787
0.983997041788375 566479 181787
0.9835495887546896 587021 182167
0.9833481472039639 596258 182349
0.9831059425578265 607470 182462
0.9831059425578265 607470 182462
0.9831059425578265 607470 182462
0.9826037822848634 630811 182601
0.982347184373662 642548 182862
0.9821228162551077 652963 182938
0.9818571289863249 665260 183064
0.981583635563384 677807 183305
0.981583635563384 677807 183305
0.981583635563384 677807 183305
0.980987886987419 705468 183500
0.9808356562879748 712506 183580
0.9805796572050375 724267 183789
0.9802948288185247 737445 183929
0.9799700500321015 752409 184151
0.9799700500321015 752409 184151
0.9799700500321015 752409 184151
0.9791597284570462 790081 184368
0.9788630304388684 803736 184586
0.9785000335771562 820553 184742
0.9780512117931527 841384 184897
0.9776266639405723 861004 185128
0.9776266639405723 861004 185128
0.9776266639405723 861004 185128
0.9765105336030342 912913 185407
0.9761166329255455 931064 185674
0.975693924331205 950661 185842
0.97518962538587 974068 186015
0.9746422321922376 999424 186254
0.9746422321922376 999424 186254
0.9746422321922376 999424 186254
0.9734655560398461 1054064 186633
0.9730662872947035 1072495 186871
0.9725307209592886 1095914 188494
0.9720621806160147 1117454 188862
0.9715806371447184 1139623 189209
0.9715806371447184 1139623 189209
0.9715806371447184 1139623 189209
0.9704602722358836 1191497 189721
0.9704602722358836 1191497 189721
0.9696798493005899 1227228 190481
0.9692625729340746 1246383 190837
0.9688055172614386 1267446 191145
0.9688055172614386 1267446 191145
0.9688055172614386 1267446 191145
0.9679869831844746 1305235 191629
0.9677055552870334 1317959 192064
0.967377953453079 1332926 192415
0.9670307827669202 1348907 192667
0.9667066455822086 1363735 192995
0.9667066455822086 1363735 192995
0.9667066455822086 1363735 192995
0.9661530288519735 1389109 193507
0.9658915119943162 1400800 194044
0.9656728969044428 1410653 194413
0.9654100754566386 1422605 194750
0.9651779653440974 1433164 195044
0.9651779653440974 1433164 195044
0.9651779653440974 1433164 195044
0.9647506799908807 1452742 195445
0.9645740898131185 1460557 195887
0.9643745302940803 1469615 196160
0.9641579469429603 1479488 196414
0.9639709200440224 1488019 196628
0.9639709200440224 1488019 196628
0.9639709200440224 1488019 196628
0.963592781381916 1505306 197022
0.963592781381916 1505306 197022
0.9633837689309932 1514706 197395
0.9632136375437946 1522336 197720
0.9629886705969761 1532575 198000
0.9629886705969761 1532575 198000
0.9629886705969761 1532575 198000
0.9625329409012109 1553495 198389
0.962312058818623 1563435 198777
0.9620751366932446 1574318 198972
0.9618156943477884 1586268 199153
0.9615630102070277 1597934 199302
0.9615630102070277 1597934 199302
0.9615630102070277 1597934 199302
0.9610922242577631 1619613 199636
0.9608643701032422 1630007 199896
0.9605994741432372 1642215 200074
0.9603286754474851 1654751 200200
0.9603286754474851 1654751 200200
0.9603286754474851 1654751 200200
0.9603286754474851 1654751 200200
0.9598055134118283 1678915 200498
0.9595041958613267 1692684 200818
0.9591466953876109 1709153 201065
0.9587607291846226 1727052 201213
0.9587607291846226 1727052 201213
0.9587607291846226 1727052 201213
0.9587607291846226 1727052 201213
0.958106744559966 1757390 201454
0.9575998792077844 1780738 201806
0.9575998792077844 1780738 201806
0.9566939375909738 1822853 202051
0.9561495171519385 1848110 202250
0.9561495171519385 1848110 202250
0.9561495171519385 1848110 202250
0.9548359018075632 1909131 202651
0.9542918663295549 1934161 203059
0.9534605857652533 1972835 203254
0.9526932728916006 2008512 203455
0.9518335907581978 2048474 203690
0.9518335907581978 2048474 203690
0.9518335907581978 2048474 203690
0.9500309679759477 2132306 204145
0.9492975958328397 2166193 204549
0.9484084214074261 2207305 205013
0.9474597705033451 2251258 205417
0.946542600856581 2293743 205817
0.946542600856581 2293743 205817
0.946542600856581 2293743 205817
0.9445360556636536 2386798 206584
0.9437568303848883 2422647 207170
0.9428952662197982 2462435 207667
0.942148890948668 2496819 208182
0.9413336718138807 2534424 208695
0.9413336718138807 2534424 208695
0.9413336718138807 2534424 208695
0.9396294493474697 2613348 209457
0.93900786560925 2641688 210181
0.9383321306865694 2672719 210746
0.937691384443896 2702247 211178
0.937080472680813 2730228 211762
0.937080472680813 2730228 211762
0.937080472680813 2730228 211762
0.9360732649271846 2776414 212671
0.935722479884717 2792050 213437
0.9353350807712395 2809521 214080
0.9349532635926531 2826861 214593
0.9346414237740809 2840912 215123
0.9346414237740809 2840912 215123
0.9346414237740809 2840912 215123
0.9339944539948047 2870461 215825
0.9337793677143452 2879988 216355
0.9335477708831733 2890480 216692
0.9332373425883668 2904607 217080
0.9329927854026201 2915645 217477
0.9329927854026201 2915645 217477
0.9329927854026201 2915645 217477
0.9325468935997663 2935959 218012
0.9323873272540858 2942977 218455
0.9321903127551704 2951800 218844
0.9319856845826103 2961023 219189
0.9318072979200556 2969035 219518
0.9318072979200556 2969035 219518
