14 0
19 0
32 0
62 0
87 0
146 0
179 0
225 0
326 0
423 1
619 1
769 2
920 3
989 5
1056 7
1138 8
1251 14
1389 21
1523 30
1695 38
1819 49
1926 60
2087 81
2295 103
2578 134
2832 166
3162 201
3424 239
3659 284
4027 332
4449 385
4865 455
5339 535
5870 605
6459 373
6771 401
7084 477
7708 591
8267 687
8806 793
9183 870
9561 887
10013 899
10430 919
10795 1033
11229 1203
11722 1333
12343 1400
12764 1511
13123 1540
13544 1580
14066 1765
14616 1937
15290 2021
15938 2152
16371 2192
16669 2194
17152 2274
17813 2355
18504 2462
19015 2586
19480 2653
19763 2669
20014 2679
20400 2769
20972 2854
21631 2941
22319 3040
22884 3175
23348 3220
23621 3225
24045 3256
24742 3313
25295 3460
25886 3529
26457 3646
26787 3674
27041 3679
27453 3698
28075 3743
28795 3831
29365 3871
29843 3925
30179 3992
30383 3998
30842 4029
31492 4125
32197 4220
32925 4266
33614 4350
34001 4395
34266 4395
34906 4403
35742 4468
36714 4542
37733 4562
38802 4639
39568 4656
40027 4659
40669 4694
41582 4717
42941 4795
44216 4814
45513 4854
46535 4874
46953 4874
47620 4891
48790 4939
50145 5041
51629 5053
52842 5053
53544 5053
53865 5053
54665 5053
55869 5161
57519 5209
58779 5230
59932 5280
60692 5280
61112 5280
61839 5280
62591 5333
63238 5370
63886 5411
64576 5420
64946 5420
65261 5420
65512 5420
65763 5447
66265 5482
66582 5500
66933 5526
67247 5526
67353 5526
67523 5526
67819 5545
68091 5572
68343 5593
68616 5619
68816 5619
68926 5619
69057 5619
69256 5646
69532 5667
69743 5676
69984 5697
70122 5697
70164 5697
70235 5697
70513 5702
70786 5730
71079 5739
71333 5743
71636 5743
71674 5743
71839 5743
72169 5747
72581 5760
72953 5766
73336 5763
73596 5763
73669 5763
73865 5763
74275 5770
74715 5774
75075 5776
75412 5783
75638 5783
75701 5783
75875 5783
76182 5790
76521 5802
76851 5805
77144 5810
77304 5810
77361 5810
77543 5810
77764 5814
78007 5817
78138 5820
78137 5821
78137 5821
78137 5821
78558 5821
78708 5813
78712 5820
78897 5832
79150 5835
79150 5835
79150 5835
79723 5835
79869 5838
80038 5842
80351 5843
80659 5846
80659 5846
80659 5846
80659 5846
81499 5846
81715 5860
82021 5864
82372 5865
82372 5865
82372 5865
82372 5865
83571 5865
83880 5876
84411 5878
85043 5880
85043 5880
85043 5880
85043 5880
86586 5880
86970 5893
87722 5893
88388 5895
88388 5895
88388 5895
88388 5895
90250 5895
90785 5892
91640 5892
92557 5894
92557 5894
92557 5894
92557 5894
94760 5894
95425 5907
96497 5910
97282 5918
97282 5918
97282 5918
97282 5918
100462 5918
101426 5929
103039 5930
104661 5933
104661 5933
104661 5933
104661 5933
109852 5933
111986 5927
115233 5934
118417 5938
118417 5938
118417 5938
118417 5938
128594 5938
131733 5997
135762 6002
140439 6022
140439 6022
140439 6022
140439 6022
156218 6022
160625 6082
165243 6122
171191 6164
171191 6164
171191 6164
171191 6164
186275 6164
190125 6321
194715 6340
201889 6406
201889 6406
201889 6406
201889 6406
219154 6406
223959 6555
229733 6622
236448 6681
236448 6681
236448 6681
236448 6681
254077 6681
259186 6972
265636 7007
271845 7067
271845 7067
271845 7067
271845 7067
290665 7067
297497 7296
305374 7354
312584 7514
312584 7514
312584 7514
312584 7514
333515 7514
340783 7802
349573 7893
359127 7993
359127 7993
359127 7993
359127 7993
381446 7993
387769 8279
387769 8279
387769 8279
387769 8279
387769 8279
387769 8279
420254 8279
428652 8727
428652 8727
428652 8727
428652 8727
428652 8727
428652 8727
460783 8965
460783 8965
473022 9262
480038 9433
480038 9433
480038 9433
480038 9433
497433 9433
502369 9834
508598 10185
513163 10323
513163 10323
513163 10323
513163 10323
522942 10323
527170 10797
532031 10921
536161 11005
536161 11005
536161 11005
536161 11005
545042 11247
549047 11425
553037 11520
555366 11591
555366 11591
555366 11591
555366 11591
564791 11815
568977 11939
572646 12028
575947 12115
575947 12115
575947 12115
575947 12115
583986 12188
587918 12326
592207 12370
595983 12428
595983 12428
595983 12428
595983 12428
605382 12487
609533 12569
614424 12598
618517 12649
618517 12649
618517 12649
618517 12649
629386 12713
634677 12793
639667 12798
644483 12826
644483 12826
