0.9999986152643564 14 0
0.9999981207159123 19 0
0.9999968348899575 32 0
0.9999938675992928 62 0
0.999991394857072 87 0
0.9999855591854312 146 0
0.9999822951656999 179 0
0.9999777453200139 225 0
0.9999677554414423 326 0
0.9999580622919373 423 1
0.9999386759929272 619 1
0.9999237406299143 769 2
0.9999087063572125 920 3
0.9999016837693058 989 5
0.9998948590007768 1056 7
0.9998866494966041 1138 8
0.9998748792436336 1251 14
0.9998605373387537 1389 21
0.9998463932532514 1523 30
0.9998285895092626 1695 38
0.9998152367012709 1819 49
0.9998035653579893 1926 60
0.9997855637946227 2087 81
0.9997628145661925 2295 103
0.9997317569239008 2578 134
0.9997034687528962 2832 166
0.9996673667164743 3162 201
0.9996376938098261 3424 239
0.9996099990969546 3659 284
0.9995688526664025 4027 332
0.9995218705642096 4449 385
0.9994738004554395 4865 455
0.9994190044878293 5339 535
0.9993595597648441 5870 605
0.9993242490059329 6459 373
0.9992906197117317 6771 401
0.9992521438427779 7084 477
0.9991791484924235 7708 591
0.9991143626462416 8267 687
0.9990505658969482 8806 793
0.9990056608982206 9183 870
0.9989665915711339 9561 887
0.9989206974755181 10013 899
0.9988774739415006 10430 919
0.9988300962005524 10795 1033
0.9987703547485008 11229 1203
0.9987087340123615 11722 1333
0.9986406841464485 12343 1400
0.9985880641919924 12764 1511
0.9985496872327275 13123 1540
0.9985040898661781 13544 1580
0.9984341607161774 14066 1765
0.9983627479208441 14616 1937
0.9982877743767132 15290 2021
0.9982107237291168 15938 2152
0.9981639394463016 16371 2192
0.9981342665396534 16669 2194
0.9980785803848438 17152 2274
0.998005189395734 17813 2355
0.9979262594640499 18504 2462
0.9978634518116447 19015 2586
0.9978108318571887 19480 2653
0.9977812578602293 19763 2669
0.9977554424314454 20014 2679
0.9977083614195638 20400 2769
0.9976433777540042 20972 2854
0.9975695911261392 21631 2941
0.9974917492010322 22319 3040
0.9974225124188533 22884 3175
0.9973721673872402 23348 3220
0.9973446704937463 23621 3225
0.99729966658533 24045 3256
0.9972250886799543 24742 3313
0.9971558518977752 25295 3460
0.9970905715031493 25886 3529
0.9970225216372363 26457 3646
0.9969871119686361 26787 3674
0.9969614943592299 27041 3679
0.9969188642833454 27453 3698
0.9968528915208977 28075 3743
0.9967729724923253 28795 3831
0.9967126375821408 29365 3871
0.9966600176276847 29843 3925
0.9966201570230874 30179 3992
0.9965993859884337 30383 3998
0.9965509202409084 30842 4029
0.9964771336130434 31492 4125
0.9963980058619816 32197 4220
0.9963214497628294 32925 4266
0.996244992573366 33614 4350
0.9962022635877927 34001 4395
0.9961760525202535 34266 4395
0.9961119590418935 34906 4403
0.9960228414122603 35742 4468
0.995919381877747 36714 4542
0.9958166147110556 37733 4562
0.9957032642076598 38802 4639
0.995625817921308 39568 4656
0.9955801216450699 40027 4659
0.995513159785734 40669 4694
0.9954205803169917 41582 4717
0.995278447094147 42941 4795
0.9951504579568048 44216 4814
0.9950182157028429 45513 4854
0.994915151807085 46535 4874
0.9948738075571553 46953 4874
0.9948061533299974 47620 4891
0.9946856813290059 48790 4939
0.9945415699123848 50145 5041
0.9943936010178994 51629 5053
0.9942736235653521 52842 5053
0.9942041889637954 53544 5053
0.9941724389536819 53865 5053
0.9940933112026201 54665 5053
0.993963541690879 55869 5161
0.9937955930392505 57519 5209
0.9936688897278628 58779 5230
0.9935499013722038 59932 5280
0.9934747300086951 60692 5280
0.9934331879393877 61112 5280
0.9933612805956105 61839 5280
0.9932816582961046 62591 5333
0.9932140040689468 63238 5370
0.9931458552933449 63886 5411
0.9930767174208547 64576 5420
0.9930401208359887 64946 5420
0.9930089642840081 65261 5420
0.9929841379521125 65512 5420
0.9929566410586186 65763 5447
0.9929035265557183 66265 5482
0.9928703918099613 66582 5500
0.9928331028572734 66933 5526
0.9928020452149817 67247 5526
0.992791560787966 67353 5526
0.9927747461408654 67523 5526
0.9927435895888849 67819 5545
0.9927140155919255 68091 5572
0.9926870132468757 68343 5593
0.9926574392499165 68616 5619
0.9926376573121509 68816 5619
0.9926267772463799 68926 5619
0.9926138200771436 69057 5619
0.9925914664874687 69256 5646
0.9925620903098871 69532 5667
0.9925403301783451 69743 5676
0.9925144158398723 69984 5697
0.9925007663028141 70122 5697
0.9924966120958835 70164 5697
0.9924895895079767 70235 5697
0.9924615980660386 70513 5702
0.9924318262497016 70786 5730
0.9924019555236758 71079 5739
0.9923764368239585 71333 5743
0.9923464671882438 71636 5743
0.9923427086200683 71674 5743
0.992326388521412 71839 5743
0.9922933526853437 72169 5747
0.9922513160675921 72581 5760
0.9922139282052155 72953 5766
0.9921763425234611 73336 5763
0.9921506260043661 73596 5763
0.9921434055970817 73669 5763
0.9921240192980716 73865 5763
0.9920827739578306 74275 5770
0.9920388580559913 74715 5774
0.992003052748636 75075 5776
0.9919690278156794 75412 5783
0.9919466742260045 75638 5783
0.9919404429156083 75701 5783
0.9919232326297525 75875 5783
0.9918921749874607 76182 5790
0.9918574576866824 76521 5802
0.9918245207603029 76851 5805
0.9917950456730324 77144 5810
0.9917792201228202 77304 5810
0.991773582270557 77361 5810
0.9917555807071904 77543 5810
0.9917333260272043 77764 5814
0.9917089942437528 78007 5817
0.99169574034545 78138 5820
0.99169574034545 78137 5821
0.99169574034545 78137 5821
0.99169574034545 78137 5821
0.9916540993664538 78558 5821
0.9916400541906403 78708 5813
0.9916389661840632 78712 5820
0.9916194809753642 78897 5832
0.9915941600950245 79150 5835
0.9915941600950245 79150 5835
0.9915941600950245 79150 5835
0.9915374848433266 79723 5835
0.9915227472996914 79869 5838
0.9915056359235243 80038 5842
0.9914745782812325 80351 5843
0.9914438173680072 80659 5846
0.9914438173680072 80659 5846
0.9914438173680072 80659 5846
0.9914438173680072 80659 5846
0.9913607332293924 81499 5846
0.9913379840009622 81715 5860
0.9913073219974258 82021 5864
0.9912725057869586 82372 5865
0.9912725057869586 82372 5865
0.9912725057869586 82372 5865
0.9912725057869586 82372 5865
0.9911539130700548 83571 5865
0.9911222619696302 83880 5876
0.9910695431054853 84411 5878
0.9910068343627689 85043 5880
0.9910068343627689 85043 5880
0.9910068343627689 85043 5880
0.9910068343627689 85043 5880
0.9908542167129086 86586 5880
0.9908149495664442 86970 5893
0.9907405694804462 87722 5893
0.9906744978083096 88388 5895
0.9906744978083096 88388 5895
0.9906744978083096 88388 5895
0.9906744978083096 88388 5895
0.9904903279677135 90250 5895
0.9904377080132575 90785 5892
0.9903531402293102 91640 5892
0.9902622422252781 92557 5894
0.9902622422252781 92557 5894
0.9902622422252781 92557 5894
0.9902622422252781 92557 5894
0.9900443441807919 94760 5894
0.989977283411767 95425 5907
0.9898709554962779 96497 5910
0.989792520113038 97282 5918
0.989792520113038 97282 5918
0.989792520113038 97282 5918
0.989792520113038 97282 5918
0.9894779873025676 100462 5918
0.9893815503559611 101426 5929
0.9892219101181942 103039 5930
0.98906118187385 104661 5933
0.98906118187385 104661 5933
0.98906118187385 104661 5933
0.98906118187385 104661 5933
0.9885477416791483 109852 5933
0.9883372618613241 111986 5927
0.9880154097338805 115233 5934
0.9877000856458995 118417 5938
0.9877000856458995 118417 5938
0.9877000856458995 118417 5938
0.9877000856458995 118417 5938
0.9866934817427057 128594 5938
0.9863771685578364 131733 5997
0.9859781668731077 135762 6002
0.9855135880646866 140439 6022
0.9855135880646866 140439 6022
0.9855135880646866 140439 6022
0.9855135880646866 140439 6022
0.983952892084683 156218 6022
0.983511062504692 160625 6082
0.9830503411741351 165243 6122
0.9824578721380606 171191 6164
0.9824578721380606 171191 6164
0.9824578721380606 171191 6164
0.9824578721380606 171191 6164
0.9809659183917918 186275 6164
0.9805695872686614 190125 6321
0.9801137125128571 194715 6340
0.9793976063657485 201889 6406
0.9793976063657485 201889 6406
0.9793976063657485 201889 6406
0.9793976063657485 201889 6406
0.9776899305881477 219154 6406
0.977199931989698 223959 6555
0.9766222004972586 229733 6622
0.9759521862651435 236448 6681
0.9759521862651435 236448 6681
0.9759521862651435 236448 6681
0.9759521862651435 236448 6681
0.9742085073608096 254077 6681
0.973674395041143 259186 6972
0.9730329657090989 265636 7007
0.9724129008698414 271845 7067
0.9724129008698414 271845 7067
0.9724129008698414 271845 7067
0.9724129008698414 271845 7067
0.9705514205261144 290665 7067
0.9698530192133059 297497 7296
0.9690681708324625 305374 7354
0.9683392064258064 312584 7514
0.9683392064258064 312584 7514
0.9683392064258064 312584 7514
0.9683392064258064 312584 7514
0.9662689277289653 333515 7514
0.9655215661201874 340783 7802
0.9646431491737134 349573 7893
0.9636882750377761 359127 7993
0.9636882750377761 359127 7993
0.9636882750377761 359127 7993
0.9636882750377761 359127 7993
0.9614807096928429 381446 7993
0.9608270155593842 387769 8279
0.9608270155593842 387769 8279
0.9608270155593842 387769 8279
0.9608270155593842 387769 8279
0.9608270155593842 387769 8279
0.9608270155593842 387769 8279
0.9576139343178343 420254 8279
0.9567389792104692 428652 8727
0.9567389792104692 428652 8727
0.9567389792104692 428652 8727
0.9567389792104692 428652 8727
0.9567389792104692 428652 8727
0.9567389792104692 428652 8727
0.9535373714928231 460783 8965
0.9535373714928231 460783 8965
0.952297439633686 473022 9262
0.9515865757000852 480038 9433
0.9515865757000852 480038 9433
0.9515865757000852 480038 9433
0.9515865757000852 480038 9433
0.949866041662937 497433 9433
0.9493381606536664 502369 9834
0.9486873349011837 508598 10185
0.9482221626346297 513163 10323
0.9482221626346297 513163 10323
0.9482221626346297 513163 10323
0.9482221626346297 513163 10323
0.947254924787589 522942 10323
0.9467898514307237 527170 10797
0.9462967866319204 532031 10921
0.9458799812032027 536161 11005
0.9458799812032027 536161 11005
0.9458799812032027 536161 11005
0.9458799812032027 536161 11005
0.9449776281120327 545042 11247
0.9445638888836686 549047 11425
0.9441598428048097 553037 11520
0.9439224595516246 555366 11591
0.9439224595516246 555366 11591
0.9439224595516246 555366 11591
0.9439224595516246 555366 11591
0.9429680799641313 564791 11815
0.9425417792052864 568977 11939
0.9421700765946739 572646 12028
0.9418349705689275 575947 12115
0.9418349705689275 575947 12115
0.9418349705689275 575947 12115
0.9418349705689275 575947 12115
0.9410326151731617 583986 12188
0.9406300527396352 587918 12326
0.9402014770579471 592207 12370
0.9398222573109838 595983 12428
0.9398222573109838 595983 12428
0.9398222573109838 595983 12428
0.9398222573109838 595983 12428
0.9388867694740566 605382 12487
0.9384680847612513 609533 12569
0.9379814490922217 614424 12598
0.937571567341722 618517 12649
0.937571567341722 618517 12649
0.937571567341722 618517 12649
0.937571567341722 618517 12649
0.9364901877137748 629386 12713
0.9359589437750842 634677 12793
0.9354648898793925 639667 12798
0.9349857713467138 644483 12826
0.9349857713467138 644483 12826
