27 0
42 0
54 2
87 3
110 4
210 4
264 4
332 5
369 5
485 6
644 8
644 8
1124 15
1342 17
2182 18
2182 18
2669 31
2985 43
4019 56
5225 69
6485 90
7245 229
8544 251
9624 253
10613 284
11489 322
11167 1761
12282 1794
12934 1895
13740 2182
14349 2256
14313 3455
14278 4549
14169 5437
13424 7081
13970 7130
12836 8821
12728 9525
12585 10695
12503 11548
12449 12102
11971 13136
11609 13806
10850 14838
11062 14874
9697 16639
9551 17181
9351 17727
8936 18468
8547 19193
7915 20029
7185 20878
6859 21409
6347 22149
6088 22589
5995 22899
5651 23410
5299 23865
4965 24299
5091 24316
4449 25137
4051 25654
3855 25962
3643 26262
2997 26984
2814 27195
2555 27505
2416 27710
2284 27923
2021 28230
1872 28433
1699 28645
1713 28667
1443 28970
1491 28972
1536 28978
1293 29279
1206 29381
1111 29486
1027 29591
966 29692
896 29798
904 29803
820 29905
730 30006
633 30113
646 30115
559 30217
577 30219
609 30219
526 30319
442 30420
451 30420
454 30420
372 30521
392 30521
415 30521
335 30621
344 30621
349 30623
354 30634
375 30636
307 30737
325 30738
356 30738
379 30738
292 30839
300 30854
331 30856
344 30856
379 30856
387 30856
336 30956
354 30956
376 30956
418 30958
470 30958
524 30962
493 31062
555 31062
590 31062
551 31163
686 31165
802 31165
936 31165
1033 31165
1003 31265
1050 31265
1103 31266
1132 31366
1220 31366
1324 31366
1349 31468
1315 31568
1378 31568
1248 31768
1380 31768
1421 31869
1513 31869
1623 31869
1322 32269
1363 32271
1470 32272
1411 32472
1525 32475
1677 32477
1825 32477
1735 32677
1599 32878
1631 32978
1723 33079
1942 33080
2151 33081
2131 33281
2069 33481
2135 33481
2165 33581
2343 33584
2523 33585
2683 33586
2565 33886
2317 34286
2321 34387
2505 34390
2478 34691
2712 34691
2780 34891
2733 35191
2833 35291
2961 35291
2957 35492
3264 35496
3128 35898
3432 35900
3527 36100
3502 36401
3659 36401
3860 36402
3842 36803
4203 36803
4542 36804
4517 37205
4209 37805
4071 38106
4082 38311
4252 38511
4614 38513
5019 38513
4844 39113
5288 39113
4878 39714
5119 39718
5187 40119
5591 40120
6119 40120
6184 40520
6258 40921
5811 41625
5823 41928
6326 41939
6853 41942
6738 42545
6738 42545
6738 42545
7828 42550
6510 44154
6941 44160
6831 44661
7200 44664
7200 44664
7100 44764
7881 44765
8102 44769
8508 44774
6458 47374
6509 47875
6508 47876
6507 47877
8054 47878
7251 49381
8327 49382
8394 50487
9880 50488
9880 50488
9880 50488
12840 51596
13978 51903
16795 51909
18702 52615
21800 52622
21700 52722
21699 52723
27621 55538
29422 56745
35124 56639
39273 57746
45786 57867
45772 57881
45770 57883
57282 63811
62195 64847
68400 67258
77744 67300
86774 67477
86754 67497
86725 67526
93373 82804
96432 85871
102721 89655
112776 89728
121903 90010
121864 90049
121841 90072
139020 90202
109589 125613
110359 133113
106180 144216
112820 144315
112784 144351
112766 144369
125438 144536
101770 172764
107783 172865
101076 184579
105909 184692
105870 184731
105845 184756
89430 210922
88785 215808
93576 215893
90569 223409
91619 226671
91569 226721
91540 226750
72057 255015
75734 255140
73015 262645
77334 262781
78604 265893
78573 265924
78548 265949
68911 285395
73075 285493
74944 288710
74471 294224
76403 297428
76355 297476
76346 297485
70103 314454
71062 317766
76574 317879
81524 317987
85928 318061
85887 318102
85867 318122
95710 318281
99842 318424
104770 318529
109599 318598
109538 318659
109504 318693
103387 324810
113322 324962
117388 325093
122711 325194
127051 325245
126992 325304
126967 325329
126949 325347
136443 325518
140363 325618
145080 325709
148986 325778
152153 325830
152130 325853
152116 325867
158542 325964
161287 326070
164237 326121
166646 326186
168982 326246
168953 326275
168946 326282
173539 326392
175732 326459
178394 326524
180552 326571
182645 326634
182629 326650
182614 326665
186853 326746
188679 326804
190845 326860
192496 326908
194366 326954
194350 326970
194339 326981
198043 327052
199639 327089
201394 327130
203133 327156
204689 327184
204667 327206
204660 327213
207902 327251
209229 327287
210807 327311
212145 327329
213380 327347
213372 327355
213362 327365
215831 327376
216865 327417
218086 327449
219278 327476
220292 327483
220289 327486
220288 327487
222717 327507
223825 327530
225156 327542
226313 327554
227371 327561
227366 327566
