0.9999968842372988 27 0
0.9999951532580204 42 0
0.9999935376773604 54 2
0.9999896141243293 87 3
0.9999868445574838 110 4
0.9999753046956275 210 4
0.9999690731702251 264 4
0.9999611106655443 332 5
0.9999568409166574 369 5
0.9999433392782855 485 6
0.9999247601006969 644 8
0.9999247601006969 644 8
0.9998685609734566 1124 15
0.9998431732773727 1342 17
0.9997461230391611 2182 18
0.9997461230391611 2182 18
0.9996884237298795 2669 31
0.9996505729829909 2985 43
0.9995297506293552 4019 56
0.9993890797133268 5225 69
0.9992412540829474 6485 90
0.9991375107248591 7245 229
0.9989850691497372 8544 251
0.9988602078444518 9624 253
0.9987425012535175 10613 284
0.9986370269161507 11489 322
0.9985081266592157 11167 1761
0.9983756490451052 12282 1794
0.9982887538853272 12934 1895
0.9981626231952377 13740 2182
0.9980838059387591 14349 2256
0.9979495973453701 14313 3455
0.9978273902083118 14278 4549
0.9977374946844512 14169 5437
0.9976337513263629 13424 7081
0.9975650891483178 13970 7130
0.9975008121177782 12836 8821
0.9974320345411145 12728 9525
0.9973135201598502 12585 10695
0.997224547824938 12503 11548
0.9971668485156564 12449 12102
0.9971026868837353 11971 13136
0.9970671441092178 11609 13806
0.9970356402863502 10850 14838
0.9970070214289465 11062 14874
0.9969608619815212 9697 16639
0.9969151641285702 9551 17181
0.9968752362065474 9351 17727
0.9968376162568958 8936 18468
0.9967988423210585 8547 19193
0.9967753010028717 7915 20029
0.9967615685672627 7185 20878
0.9967379118504572 6859 21409
0.9967116009654249 6347 22149
0.9966907138154649 6088 22589
0.9966656723152367 5995 22899
0.9966464007459367 5651 23410
0.9966345146882246 5299 23865
0.9966229748263683 4965 24299
0.9966064728239138 5091 24316
0.996585816471191 4449 25137
0.9965720840355821 4051 25654
0.9965591593903029 3855 25962
0.9965490043118694 3643 26262
0.9965402340168585 2997 26984
0.9965370028555388 2814 27195
0.9965311175259921 2555 27505
0.9965235012171669 2416 27710
0.9965141539290633 2284 27923
0.9965090763898465 2021 28230
0.9965028448644442 1872 28433
0.9964983443183202 1699 28645
0.996494189968052 1713 28667
0.9964903818136394 1443 28970
0.9964846118827112 1491 28972
0.9964787265531644 1536 28978
0.9964720334332877 1293 29279
0.9964703024540094 1206 29381
0.9964691484678236 1111 29486
0.9964667250968339 1027 29591
0.9964621091520913 966 29692
0.9964579548018231 896 29798
0.9964564546197817 904 29803
0.9964543774446476 820 29905
0.9964531080598434 730 30006
0.9964519540736578 633 30113
0.9964502230943794 646 30115
0.9964484921151009 559 30217
0.9964461841427297 577 30219
0.9964424913869356 609 30219
0.9964405296104201 526 30319
0.9964385678339045 442 30420
0.9964375292463374 451 30420
0.9964371830504817 454 30420
0.996434990476729 372 30521
0.9964326825043578 392 30521
0.9964300283361308 415 30521
0.9964277203637595 335 30621
0.9964266817761924 344 30621
0.9964258739858625 349 30623
0.9964240276079656 354 30634
0.9964213734397386 375 30636
0.996417565285326 307 30737
0.9964153727115733 325 30738
0.9964117953543978 356 30738
0.9964091411861709 379 30738
0.9964075256055109 292 30839
0.9964048714372841 300 30854
0.9964010632828715 331 30856
0.9963995631008301 344 30856
0.9963955241491804 379 30856
0.9963946009602319 387 30856
0.9963889464279223 336 30956
0.9963868692527882 354 30956
0.9963843304831798 376 30956
0.996379252943963 418 30958
0.9963732522157978 470 30958
0.9963665590959211 524 30962
0.9963585965912402 493 31062
0.9963514418768893 555 31062
0.9963474029252396 590 31062
0.9963402482108886 551 31163
0.9963244386001455 686 31165
0.9963110523603922 802 31165
0.9962955889455047 936 31165
0.9962843952795041 1033 31165
0.9962763173762047 1003 31265
0.9962708936411322 1050 31265
0.9962646621157298 1103 31266
0.9962497756939351 1132 31366
0.9962396206155016 1220 31366
0.996227619159171 1324 31366
0.9962129635346135 1349 31468
0.9962053472257884 1315 31568
0.9961980771128189 1378 31568
0.9961899992095195 1248 31768
0.9961747665918691 1380 31768
0.9961583799880331 1421 31869
0.9961477633151253 1513 31869
0.9961350694670834 1623 31869
0.9961236450038456 1322 32269
0.9961186828632475 1363 32271
0.9961062198124426 1470 32272
0.9960899486072252 1411 32472
0.9960764469688533 1525 32475
0.9960586755815947 1677 32477
0.9960415965860473 1825 32477
0.9960289027380054 1735 32677
0.9960214018277987 1599 32878
0.9960061692101484 1631 32978
0.9959838972767657 1723 33079
0.9959585095806818 1942 33080
0.9959342758707835 2151 33081
0.9959135041194422 2131 33281
0.9958975791100805 2069 33481
0.9958899628012553 2135 33481
0.995874960980842 2165 33581
0.9958540738308822 2343 33584
0.9958331866809222 2523 33585
0.9958146075033336 2683 33586
0.9957936049547551 2565 33886
0.9957760643647335 2317 34286
0.9957639475097844 2321 34387
0.9957423679681131 2505 34390
0.9957107487466268 2478 34691
0.995683745469883 2712 34691
0.995652818640108 2780 34891
0.9956236227896116 2733 35191
0.995600543065899 2833 35291
0.9955857720427229 2961 35291
0.9955630385148659 2957 35492
0.9955271495444928 3264 35496
0.995496453511955 3128 35898
0.9954611415346747 3432 35900
0.9954270989421986 3527 36100
0.9953952489234751 3502 36401
0.9953771313403608 3659 36401
0.9953538208194109 3860 36402
0.9953096231485012 3842 36803
0.9952679642472 4203 36803
0.9952287287168885 4542 36804
0.9951853388363088 4517 37205
0.9951516424396883 4209 37805
0.9951328324648626 4071 38106
0.995107906363253 4082 38311
0.9950652088743845 4252 38511
0.9950232037772275 4614 38513
0.9949764673367095 5019 38513
0.9949274229238202 4844 39113
0.9948761859371782 5288 39113
0.9948541448010326 4878 39714
0.9948258721394846 5119 39718
0.9947717501873785 5187 40119
0.9947250137468604 5591 40120
0.9946640832762591 6119 40120
0.9946104229186272 6184 40520
0.9945556085748097 6258 40921
0.994525951129839 5811 41625
0.9944896005649916 5823 41928
0.9944302856750502 6326 41939
0.9943691244072117 6853 41942
0.994312809881353 6738 42545
0.994312809881353 6738 42545
0.994312809881353 6738 42545
0.9941864483940263 7828 42550
0.9941534443891172 6510 44154
0.9941030151928051 6941 44160
0.9940578943329469 6831 44661
0.9940149660468415 7200 44664
0.9940149660468415 7200 44664
0.9940149660468415 7100 44764
0.9939247243271251 7881 44765
0.9938987596379484 8102 44769
0.993851330805719 8508 44774
0.9937878615655092 6458 47374
0.9937241615280623 6509 47875
0.9937241615280623 6508 47876
0.9937241615280623 6507 47877
0.9935455244665267 8054 47878
0.9934647454335325 7251 49381
0.9933404611213399 8327 49382
0.993205213940384 8394 50487
0.9930336161945805 9880 50488
0.9930336161945805 9880 50488
0.9930336161945805 9880 50488
0.9925641746142657 12840 51596
0.9923974236104419 13978 51903
0.9920716533102383 16795 51909
0.9917701167199328 18702 52615
0.9914118040092942 21800 52622
0.9914118040092942 21700 52722
0.9914118040092942 21699 52723
0.990403566278908 27621 55538
0.9900564472342701 29422 56745
0.9894106765647909 35124 56639
0.988804141425623 39273 57746
0.9880385869900752 45786 57867
0.9880385869900752 45772 57881
0.9880385869900752 45770 57883
0.986026035082334 57282 63811
0.9853395287005019 62195 64847
0.9843452542029619 68400 67258
0.9832621227691283 77744 67300
0.9821996476880175 86774 67477
0.9821996476880175 86754 67497
0.9821996476880175 86725 67526
0.9796694175774022 93373 82804
0.9789624856400844 96432 85871
0.9778000753552979 102721 89655
0.9766313181464905 112776 89728
0.9755455325444299 121903 90010
0.9755455325444299 121864 90049
0.9755455325444299 121841 90072
0.9735480978557206 139020 90202
0.972858014116713 109589 125613
0.9719036675411958 110359 133113
0.9711046475062647 106180 144216
0.9703269762157677 112820 144315
0.9703269762157677 112784 144351
0.9703269762157677 112766 144369
0.9688453733520356 125438 144536
0.9683191556513877 101770 172764
0.9676136084974927 107783 172865
0.967035807614347 101076 184579
0.9664650460469337 105909 184692
0.9664650460469337 105870 184731
0.9664650460469337 105845 184756
0.9653397941173246 89430 210922
0.9648503885759984 88785 215808
0.9642877049118845 93576 215893
0.9637673725407833 90569 223409
0.9632697736975391 91619 226671
0.9632697736975391 91569 226721
0.9632697736975391 91540 226750
0.9622563430293176 72057 255015
0.9618175974815405 75734 255140
0.9612652996930974 73015 262645
0.9607511988473986 77334 262781
0.9602455221008549 78604 265893
0.9602455221008549 78573 265924
0.9602455221008549 78548 265949
0.9591135770513691 68911 285395
0.958621748139053 73075 285493
0.9580348307650409 74944 288710
0.9574531063288642 74471 294224
0.9568604190239238 76403 297428
0.9568604190239238 76355 297476
0.9568604190239238 76346 297485
0.9556226534412157 70103 314454
0.9551297859413325 71062 317766
0.9544806687119148 76574 317879
0.9538969824992225 81524 317987
0.9533802274852968 85928 318061
0.9533802274852968 85887 318102
0.9533802274852968 85867 318122
0.9522260105024283 95710 318281
0.9517326814080709 99842 318424
0.9511518801608426 104770 318529
0.9505866577271204 109599 318598
0.9505866577271204 109538 318659
0.9505866577271204 109504 318693
0.9505866577271204 103387 324810
0.949422631861674 113322 324962
0.9489383038595645 117388 325093
0.948312381752478 122711 325194
0.9478056664183673 127051 325245
0.9478056664183673 126992 325304
0.9478056664183673 126967 325329
0.9478056664183673 126949 325347
0.9466903387699546 136443 325518
0.9462264363233308 140363 325618
0.9456715997652793 145080 325709
0.9452128902564907 148986 325778
0.944841422103336 152153 325830
0.944841422103336 152130 325853
0.944841422103336 152116 325867
0.9440886769144486 158542 325964
0.9437596754529252 161287 326070
0.9434133641986172 164237 326121
0.943127868016292 166646 326186
0.9428513729262147 168982 326246
0.9428513729262147 168953 326275
0.9428513729262147 168946 326282
0.9423086532231123 173539 326392
0.9420478523451595 175732 326459
0.9417331603123379 178394 326524
0.9414787063584061 180552 326571
0.9412299069367841 182645 326634
0.9412299069367841 182629 326650
0.9412299069367841 182614 326665
0.9407313849045913 186853 326746
0.9405139739072184 188679 326804
0.940257558176771 190845 326860
0.9400614959238323 192496 326908
0.9398403921706653 194366 326954
0.9398403921706653 194350 326970
0.9398403921706653 194339 326981
0.9394047623855895 198043 327052
0.9392163164414759 199639 327089
0.9390090605225365 201394 327130
0.9388053819607726 203133 327156
0.9386225905489686 204689 327184
0.9386225905489686 204667 327206
0.9386225905489686 204660 327213
0.9382440830800814 207902 327251
0.9380867947629798 209229 327287
0.9379019261760417 210807 327311
0.9377454456492701 212145 327329
0.9376008511802105 213380 327347
0.9376008511802105 213372 327355
0.9376008511802105 213362 327365
0.9373146626061739 215831 327376
0.9371906090912185 216865 327417
0.937046014622159 218086 327449
0.9369053437061305 219278 327476
0.9367875217165775 220292 327483
0.9367875217165775 220289 327486
0.9367875217165775 220288 327487
0.9365049104997164 222717 327507
0.9363743946621215 223825 327530
0.9362194143173912 225156 327542
0.9360845133322909 226313 327554
0.9359616138035212 227371 327561
0.9359616138035212 227366 327566
