0 0
0 0
0 0
1 0
1 0
1 0
1 0
2 0
2 0
5 0
7 0
7 0
16 0
18 0
18 0
20 0
24 0
29 0
38 1
53 1
59 1
71 4
85 4
109 5
166 7
189 8
219 8
268 10
302 10
301 11
381 13
406 17
436 19
472 23
530 23
547 27
569 27
575 48
579 49
593 50
621 50
614 71
633 74
649 77
670 77
702 78
742 80
784 80
784 80
798 81
698 186
698 186
681 228
690 228
690 232
694 245
695 254
649 318
656 319
646 334
648 346
641 357
644 365
643 370
569 449
497 525
391 634
382 644
347 683
327 705
287 745
260 772
247 785
228 804
217 815
188 847
185 852
176 861
178 865
171 873
136 909
116 930
98 950
86 962
86 965
84 967
74 977
74 977
82 986
77 994
78 998
69 1008
72 1012
73 1013
73 1014
70 1017
69 1018
61 1026
56 1031
56 1031
56 1031
55 1032
49 1038
49 1044
50 1044
49 1047
62 1048
74 1051
74 1054
76 1056
82 1064
89 1067
87 1070
89 1070
86 1073
87 1073
89 1073
91 1073
93 1075
90 1079
93 1079
93 1081
87 1088
89 1089
86 1095
90 1096
90 1098
100 1099
106 1099
121 1100
126 1105
123 1117
119 1126
137 1126
170 1132
169 1137
178 1141
184 1143
191 1145
203 1145
227 1147
232 1149
236 1153
236 1158
238 1168
251 1174
260 1183
260 1192
248 1207
250 1218
260 1228
277 1237
290 1245
284 1268
289 1272
289 1276
306 1278
317 1284
350 1292
354 1302
368 1310
383 1314
401 1316
414 1324
450 1330
492 1355
530 1373
642 1381
695 1412
767 1418
887 1427
972 1455
1083 1460
1123 1484
1236 1502
1304 1514
1368 1525
1542 1527
1659 1547
1746 1577
1865 1596
1960 1612
2047 1638
2153 1650
2259 1704
2487 1709
2629 1765
2756 1786
2982 1794
3196 1845
3242 1882
3459 1958
3459 1958
3921 1961
4200 2059
4537 2098
4537 2098
5090 2292
5238 2385
5662 2438
6095 2475
6095 2475
6606 2504
8187 2545
8710 2550
8710 2550
9919 2560
8093 5212
9169 5223
9169 5223
10868 5246
10868 5246
12127 5278
13116 5297
13116 5297
14418 5303
15636 5308
16877 5353
16877 5353
16877 5353
19146 5396
21458 5441
21458 5441
25771 5488
27046 5510
27046 5510
27046 5510
29246 5544
29246 5544
29246 5544
34884 5658
34884 5658
37008 5719
38707 5743
40120 5772
40120 5772
41398 5816
42948 5851
42948 5851
46384 6015
46384 6015
48093 6185
48093 6185
51744 6285
53464 6349
54735 6380
55493 6413
56611 6515
57819 6544
28030 38304
28030 38304
20333 49210
21143 49976
21546 50023
22884 50109
20672 53850
22148 53958
22547 55121
23302 56037
23697 56707
23056 57947
22530 59193
23002 60770
23002 60770
23095 63170
23317 64154
23641 65070
22488 66708
21975 68238
21865 69442
21988 70487
22200 71570
22601 72379
23408 72843
22658 74111
22658 74111
22314 76966
22314 76966
22955 78945
23024 79967
24000 80002
22935 81394
21695 83750
21935 84921
21863 85951
22141 86963
22339 88054
22726 88635
22726 88635
22484 90757
22666 91881
24050 91916
25608 91974
27141 92010
28645 92042
29635 92083
23323 100000
23699 101301
24652 102100
25767 102811
26290 103940
26919 104673
27441 105763
25831 108971
27616 109600
29100 110040
30328 110229
31164 110815
31695 111849
31443 113353
31803 115258
33278 116603
33787 118467
34622 120281
35835 121679
36360 122916
37620 124730
38594 126342
40378 128190
40807 130088
43902 131163
43761 133470
45406 134684
45116 136769
45656 138827
46909 141464
47435 143449
47001 146272
47298 148016
46482 150891
45609 153027
45297 155365
44663 157660
45407 158944
44976 161054
44628 162840
44685 164200
41020 169025
39452 171960
38000 174679
37601 176348
36870 178242
36129 180047
36010 181076
35156 182597
34373 184191
31891 187759
32219 188259
32796 188659
33369 189135
33279 189965
32444 191105
32213 192116
32044 193072
32158 193857
31268 195472
31571 196072
31962 196400
31768 197169
31783 197998
30292 200151
27648 203650
27077 204887
27022 205593
