1.0 0 0
1.0 0 0
1.0 0 0
0.9999999155399556 1 0
0.9999999155399556 1 0
0.9999999155399556 1 0
0.9999999155399556 1 0
0.9999998310799112 2 0
0.9999998310799112 2 0
0.999999577699778 5 0
0.9999994087796892 7 0
0.9999994087796892 7 0
0.9999986486392896 16 0
0.9999984797192008 18 0
0.9999984797192008 18 0
0.999998310799112 20 0
0.9999979729589343 24 0
0.9999975506587123 29 0
0.9999967060582683 38 1
0.9999954391576023 53 1
0.9999949323973358 59 1
0.9999936654966698 71 4
0.9999924830560482 85 4
0.9999903715549381 109 5
0.9999853884123184 166 7
0.9999833613712528 189 8
0.9999808275699207 219 8
0.9999765201076561 268 10
0.9999736484661464 302 10
0.9999736484661464 301 11
0.9999667227425055 381 13
0.9999642734012179 406 17
0.999961570679797 436 19
0.9999581922780209 472 23
0.9999532935954455 530 23
0.999951519934513 547 27
0.9999496618135362 569 27
0.9999473813923373 575 48
0.9999469590921153 579 49
0.9999456921914494 593 50
0.9999433273102061 621 50
0.9999421448695844 614 71
0.9999402867486076 633 74
0.9999386820077639 649 77
0.9999369083468315 670 77
0.9999341211653662 702 78
0.9999305738435013 742 80
0.9999270265216363 784 80
0.9999270265216363 784 80
0.9999257596209703 798 81
0.9999253373207483 698 186
0.9999253373207483 698 186
0.9999232258196383 681 228
0.9999224656792387 690 228
0.9999221278390611 690 232
0.9999206920183062 694 245
0.9999198474178622 695 254
0.999918327137063 649 318
0.9999176514567077 656 319
0.9999172291564857 646 334
0.9999160467158641 648 346
0.9999157088756865 641 357
0.999914779815198 644 365
0.9999144419750204 643 370
0.9999140196747984 569 449
0.9999136818346208 497 525
0.9999134284544876 391 634
0.9999133439944432 382 644
0.9999130061542656 347 683
0.9999128372341768 327 705
0.9999128372341768 287 745
0.9999128372341768 260 772
0.9999128372341768 247 785
0.9999128372341768 228 804
0.9999128372341768 217 815
0.9999125838540436 188 847
0.9999124149339548 185 852
0.9999124149339548 176 861
0.9999119081736884 178 865
0.999911823713644 171 873
0.9999117392535996 136 909
0.9999116547935551 116 930
0.9999114858734663 98 950
0.9999114858734663 86 962
0.9999112324933331 86 965
0.9999112324933331 84 967
0.9999112324933331 74 977
0.9999112324933331 74 977
0.9999097966725783 82 986
0.9999095432924451 77 994
0.9999091209922231 78 998
0.9999090365321787 69 1008
0.9999084453118678 72 1012
0.999908276391779 73 1013
0.9999081919317346 73 1014
0.9999081919317346 70 1017
0.9999081919317346 69 1018
0.9999081919317346 61 1026
0.9999081919317346 56 1031
0.9999081919317346 56 1031
0.9999081919317346 56 1031
0.9999081919317346 55 1032
0.9999081919317346 49 1038
0.9999076851714682 49 1044
0.9999076007114238 50 1044
0.999907431791335 49 1047
0.9999062493507134 62 1048
0.9999049824500473 74 1051
0.9999047290699141 74 1054
0.9999043912297365 76 1056
0.9999032087891149 82 1064
0.999902364188671 89 1067
0.9999022797286266 87 1070
0.9999021108085377 89 1070
0.9999021108085377 86 1073
0.9999020263484933 87 1073
0.9999018574284045 89 1073
0.9999016885083157 91 1073
0.9999013506681381 93 1075
0.9999012662080937 90 1079
0.9999010128279605 93 1079
0.9999008439078717 93 1081
0.9999007594478273 87 1088
0.9999005060676941 89 1089
0.9999002526875609 86 1095
0.9998998303873389 90 1096
0.9998996614672501 90 1098
0.9998987324067616 100 1099
0.9998982256464952 106 1099
0.9998968742857848 121 1100
0.9998960296853407 126 1105
0.9998952695449411 123 1117
0.9998948472447191 119 1126
0.9998933269639199 137 1126
0.9998900330221882 170 1132
0.9998896951820105 169 1137
0.9998885972014333 178 1141
0.9998879215210781 184 1143
0.9998871613806785 191 1145
0.9998861478601456 203 1145
0.9998839518989912 227 1147
0.9998833606786803 232 1149
0.9998826849983251 236 1153
0.9998822626981031 236 1158
0.9998812491775703 238 1168
0.9998796444367267 251 1174
0.9998781241559275 260 1183
0.9998773640155278 260 1192
0.9998771106353946 248 1207
0.9998760126548174 250 1218
0.9998743234539293 260 1228
0.9998721274927749 277 1237
0.9998703538318424 290 1245
0.9998689180110876 284 1268
0.999868157870688 289 1272
0.9998678200305103 289 1276
0.9998662152896667 306 1278
0.9998647794689118 317 1284
0.9998613166070913 350 1292
0.9998601341664697 354 1302
0.9998582760454929 368 1310
0.9998566713046493 383 1314
0.9998549821037612 401 1316
0.9998532084428288 414 1324
0.9998496611209639 450 1330
0.9998440022979889 492 1355
0.9998392725355023 530 1373
0.9998291373301741 642 1381
0.9998220426864443 695 1412
0.999815454802981 767 1418
0.999804559457253 887 1427
0.9997950154722355 972 1455
0.9997852181070849 1083 1460
0.9997798126642431 1123 1484
0.9997687483984264 1236 1502
0.9997619915948742 1304 1514
0.999755657091544 1368 1525
0.9997407921237292 1542 1527
0.9997292210976462 1659 1547
0.999719339272451 1746 1577
0.9997076837863236 1865 1596
0.9996983087213949 1960 1612
0.9996887647363774 2047 1638
0.9996787984511379 2153 1650
0.9996652848440335 2259 1704
0.9996456056536878 2487 1709
0.9996288825648961 2629 1765
0.9996163824783246 2756 1786
0.9995966188279345 2982 1794
0.9995742369161679 3196 1845
0.9995672267324824 3242 1882
0.9995424799394725 3459 1958
0.9995424799394725 3459 1958
0.9995032060188255 3921 1961
0.9994713645820857 4200 2059
0.9994396076053905 4537 2098
0.9994396076053905 4537 2098
0.999376515952222 5090 2292
0.999356161081521 5238 2385
0.9993158736403411 5662 2438
0.999276177419472 6095 2475
0.999276177419472 6095 2475
0.9992305689954948 6606 2504
0.9990935748034742 8187 2545
0.9990489799000297 8710 2550
0.9990489799000297 8710 2550
0.9989460231059033 9919 2560
0.998876259109227 8093 5212
0.9987844510409616 9169 5223
0.9987844510409616 9169 5223
0.9986390108445008 10868 5246
0.9986390108445008 10868 5246
0.9985299729271774 12127 5278
0.9984448372024198 13116 5297
0.9984448372024198 13116 5297
0.9983343634643416 14418 5303
0.9982310688300375 15636 5308
0.9981224532129361 16877 5353
0.9981224532129361 16877 5353
0.9981224532129361 16877 5353
0.9979271815902779 19146 5396
0.9977281092656216 21458 5441
0.9977281092656216 21458 5441
0.9973598634720274 25771 5488
0.9972503187944376 27046 5510
0.9972503187944376 27046 5510
0.9972503187944376 27046 5510
0.9970616350552428 29246 5544
0.9970616350552428 29246 5544
0.9970616350552428 29246 5544
0.9965758208798405 34884 5658
0.9965758208798405 34884 5658
0.9963912756828215 37008 5719
0.9962457510263162 38707 5743
0.9961239596422881 40120 5772
0.9961239596422881 40120 5772
0.9960123034635882 41398 5816
0.9958784342932104 42948 5851
0.9958784342932104 42948 5851
0.995574378133362 46384 6015
0.995574378133362 46384 6015
0.9954156777099301 48093 6185
0.9954156777099301 48093 6185
0.9950988680833769 51744 6285
0.9949481913641631 53464 6349
0.9948382243863513 54735 6380
0.9947714164912291 55493 6413
0.9946683752370582 56611 6515
0.9945638981621325 57819 6544
0.9943974274146156 28030 38304
0.9943974274146156 28030 38304
0.9941263951321284 20333 49210
0.9939932861021503 21143 49976
0.9939552790821693 21546 50023
0.9938350079789404 22884 50109
0.9937058685710493 20672 53850
0.9935720838607159 22148 53958
0.9934401572713595 22547 55121
0.9932990245371632 23302 56037
0.9932090745898747 23697 56707
0.9931584830232777 23056 57947
0.993097671791308 22530 59193
0.9929246131603277 23002 60770
0.9929246131603277 23002 60770
0.9927140542696327 23095 63170
0.9926121954560834 23317 64154
0.9925074650010245 23641 65070
0.9924665018794894 22488 66708
0.9923806060143322 21975 68238
0.992288206725756 21865 69442
0.9921895573938941 21988 70487
0.9920801816363931 22200 71570
0.9919779849826663 22601 72379
0.9918706362662308 23408 72843
0.9918268859632305 22658 74111
0.9918268859632305 22658 74111
0.9916148067917362 22314 76966
0.9916148067917362 22314 76966
0.9913935214754022 22955 78945
0.9913013755669592 23024 79967
0.9912159864620684 24000 80002
0.9911883680275488 22935 81394
0.9910941106179958 21695 83750
0.9909749374953442 21935 84921
0.9908940247728067 21863 85951
0.9907850713155277 22141 86963
0.9906762023182931 22339 88054
0.9905944449953116 22726 88635
0.9905944449953116 22726 88635
0.9904356601118353 22484 90757
0.9903253552938458 22666 91881
0.9902055064908388 24050 91916
0.9900690190590847 25608 91974
0.9899365012494175 27141 92010
0.9898067706212155 28645 92042
0.9897196923154367 29635 92083
0.9895841339441709 23323 100000
0.9894424944497082 23699 101301
0.9892945204519152 24652 102100
0.9891402964108367 25767 102811
0.989000768417484 26290 103940
0.988885733837008 26919 104673
0.9887495842454315 27441 105763
0.9886146170944765 25831 108971
0.9884107305472892 27616 109600
0.9882482294218592 29100 110040
0.988128549538941 30328 110229
0.988008447355801 31164 110815
0.9878762673863113 31695 111849
0.9877705234107196 31443 113353
0.9875792214101483 31803 115258
0.9873410440849337 33278 116603
0.987140620399567 33787 118467
0.9869168857419451 34622 120281
0.9866963605660106 35835 121679
0.9865475419677737 36360 122916
0.986287911791281 37620 124730
0.9860694981164565 38594 126342
0.9857627392351873 40378 128190
0.9855662007118631 40807 130088
0.9852140023267053 43902 131163
0.9850310618705298 43761 133470
0.9847895906035836 45406 134684
0.9846379848238814 45116 136769
0.9844185576285241 45656 138827
0.984090008055799 46909 141464
0.9838779288843048 47435 143449
0.9836761538382276 47001 146272
0.9835037708876024 47298 148016
0.983329867656178 46482 150891
0.9832231946200979 45609 153027
0.9830520785701388 45297 155365
0.9829117904363864 44663 157660
0.9827405054663385 45407 158944
0.982598697051787 44976 161054
0.9824772435079364 44628 162840
0.9823575636250184 44685 164200
0.9822595899735116 41020 169025
0.9821441330928137 39452 171960
0.9820371222165559 38000 174679
0.981929857960165 37601 176348
0.981831630928525 36870 178242
0.9817417654412809 36129 180047
0.9816649068008748 36010 181076
0.9816085719512585 35156 182597
0.9815400748552482 34373 184191
0.9814483512470272 31891 187759
0.9813784183302621 32219 188259
0.981295900866881 32796 188659
0.981207302280303 33369 189135
0.9811448018474452 33279 189965
0.9811190415339025 32444 191105
0.9810531626992687 32213 192116
0.980986692644324 32044 193072
0.9809107630644064 32158 193857
0.9808495295322147 31268 195472
0.9807732621121193 31571 196072
0.9807125353401941 31962 196400
0.9806639708146627 31768 197169
0.9805926865371871 31783 197998
0.9805367739877928 30292 200151
0.9804645606498288 27648 203650
0.9804083102602569 27077 204887
0.9803533267713509 27022 205593
