1.0 0 0
1.0 0 0
1.0 0 0
1.0 0 0
1.0 0 0
1.0 0 0
1.0 0 0
1.0 0 0
1.0 0 0
1.0 0 0
0.9999999881650142 1 0
0.9999999881650142 1 0
0.999999940825071 5 0
0.999999940825071 5 0
0.9999999289900853 6 0
0.9999997869702558 18 0
0.999999443755668 46 1
0.9999988401713928 97 1
0.9999977276827289 189 3
0.9999957512401023 355 4
0.9999920705595226 661 9
0.9999853719575669 1206 30
0.9999819043067312 1492 37
0.9999778449066061 1828 44
0.9999712054795795 2348 85
0.9999570508365778 3528 101
0.999932564250984 5564 134
0.9999123974352023 7224 178
0.9998909169359984 8981 236
0.9998718626088808 10497 330
0.9998398608073119 13074 457
0.9998144392578409 15069 610
0.9997853725327472 17364 771
0.9997524002623438 20012 909
0.9997167414501666 22647 1287
0.9996796387697234 25453 1616
0.999642382234465 28242 1975
0.9995963204697808 31802 2307
0.9995475958332944 35568 2658
0.9994995931309412 39232 3050
0.9994434124534087 43600 3429
0.9993826042964336 48101 4066
0.9993259265494981 52312 4644
0.9992774859526707 55796 5253
0.9992294122404027 58909 6202
0.9991787466662473 62200 7192
0.9991219268994824 65461 8732
0.9990704092063503 68146 10400
0.9990256374551169 69986 12343
0.9989785697166408 72313 13993
0.9989232529930708 75410 15570
0.9988686818736056 78414 17177
0.9988321946124233 79821 18853
0.9987953167967101 80808 20982
0.9987583679710821 80575 24337
0.9987245080767446 79485 28288
0.9986966130152439 78185 31945
0.9986713926605312 75570 36691
0.998643083374528 72852 41801
0.9986083358562564 70468 47121
0.9985773873684226 68144 52060
0.99855149241952 65326 57066
0.9985280236427038 62780 61595
0.9985082592164389 59497 66548
0.9984891575493783 56032 71627
0.998467475855416 52686 76805
0.9984408116324371 49958 81786
0.9984174138655356 47096 86625
0.9983955428118007 45484 90085
0.9983772459237735 43896 93219
0.9983589963756895 42180 96477
0.9983458122015224 40150 99621
0.9983256453857409 38692 102783
0.9983062478440354 37447 105667
0.9982868976422732 36712 108037
0.9982666834865485 36269 110188
0.9982476291594309 35834 112233
0.9982314388988739 35333 114102
0.9982177339853322 34845 115748
0.9982056386298576 34521 117094
0.9981941350236723 34378 118209
0.9981827616023307 34309 119239
0.9981714946958612 34113 120387
0.9981574584027174 33776 121910
0.9981439546839341 33793 123034
0.9981322735529621 33430 124384
0.9981210539864357 32858 125904
0.9981088047761458 32573 127224
0.9980948158229452 32149 128830
0.9980813121041618 31668 130452
0.998069678313133 31604 131499
0.9980597487600574 31429 132513
0.9980499612268113 31259 133510
0.9980406589279824 31049 134506
0.9980303979953049 30961 135461
0.9980187050293471 31002 136408
0.9980076984925649 30292 138048
0.9979973073750436 29227 139991
0.997986490198034 27471 142661
0.9979747853970904 25030 146091
0.9979630332562035 22787 149327
0.9979521213993077 21451 151585
0.9979404402683356 21400 152623
0.9979262974603198 21338 153880
0.997909030216056 21798 154879
0.9978905439682563 22015 156224
0.9978717026708829 22642 157189
0.997854340746733 23077 158221
0.9978374285520428 23226 159501
0.9978219957305762 23127 160904
0.9978076280578304 22824 162421
0.9977928579955678 22738 163755
0.9977787506925094 22495 165190
0.9977644066897352 22390 166507
0.9977493999277569 22316 167849
0.9977317421289622 22398 169259
0.9977144867196843 22363 170752
0.9976979650795252 22248 172263
0.9976817274790251 21619 174264
0.9976656792382975 21547 175692
0.9976494179678257 21689 176924
0.9976341153312027 21664 178242
0.9976200080281442 20526 180572
0.9976059717350005 20152 182132
0.9975921011316577 19992 183464
0.9975784435580592 19912 184698
0.9975648569943754 19853 185905
0.9975520041998104 18608 188236
0.9975395419597763 17345 190552
0.9975272217395718 16145 192793
0.9975151027141256 14272 195690
0.9975032322233809 13759 197206
0.997491207877821 13420 198561
0.9974792308722042 13115 199878
0.9974673012065306 12948 201053
0.9974555609006296 12871 202122
0.9974443531690891 12788 203152
0.9974333111273495 12613 204260
0.9974223519305104 12507 205292
0.9974114874135577 12229 206488
0.9974005518866902 12140 207501
0.9973895335149222 12062 208510
0.9973785506481117 11963 209537
0.9973678754909315 11643 210759
0.9973570701489076 11387 211928
0.9973459807672249 11298 212954
0.9973350807453149 11100 214073
0.9973241097134901 11000 215100
0.9973132333615515 10920 216099
0.9973018362702383 10776 217206
0.9972906877136267 10708 218216
0.9972792432823704 10678 219213
0.9972676213263272 10647 220226
0.9972558336804831 10643 221226
0.9972441525495109 10634 222222
0.9972323767386526 10607 223244
0.997219559449045 10678 224256
0.9972056178357875 10822 225290
0.9971919720971747 10921 226344
0.9971779476390168 11063 227387
0.9971640770356741 11137 228485
0.9971500880824735 11201 229603
0.9971359689444292 11169 230828
0.9971219681562429 11152 232028
0.9971076241534687 11412 232980
0.997092913266135 11666 233969
0.9970784035735597 11947 234914
0.9970635388314109 12190 235927
0.9970494315283525 12366 236943
0.9970348389908766 12575 237967
0.9970198914038273 12876 238929
0.9970044704173464 13154 239954
0.9969877594174148 13665 240855
0.9969735219295126 14074 241649
0.9969580299331171 14560 242472
0.9969436267554139 14963 243286
0.9969265488709228 15645 244047
0.9969087727222703 16236 244958
0.9968932333859316 16527 245980
0.9968755874221227 16997 247001
0.9968576337486833 17461 248054
0.9968393013556988 17968 249096
0.996821761906762 18381 250165
0.9968029797843175 18837 251296
0.99678437518666 19359 252346
0.9967654865493434 19963 253338
0.9967460535026806 20345 254598
0.9967269755055915 20883 255672
0.9967071755743693 21516 256712
0.996688499966797 22028 257778
0.9966683449860012 22627 258882
0.9966475035760297 23243 260027
0.9966277036448076 23918 261025
0.9966098091462972 24153 262302
0.9965900328850466 24651 263475
0.9965721738914936 24905 264730
0.9965541018681963 25273 265889
0.9965337930325853 25701 267177
0.9965131764873438 26174 268446
0.9964922167275144 26540 269851
0.996472712670937 26979 271060
0.9964517529111077 27628 272182
0.9964335507029668 27786 273562
0.9964155733595559 28128 274739
0.9963949449793286 28601 276009
0.9963749201833765 28967 277335
0.9963540077634903 29635 278434
0.9963336397529503 30041 279749
0.9963139345016145 30315 281140
0.9962960518380899 30523 282443
0.9962786899139399 30806 283627
0.9962619789140083 30731 285114
0.9962450903892898 30638 286634
0.9962286279240595 30719 287944
0.9962119760990569 30657 289413
0.9961949100495515 30530 290982
0.996177133900899 30762 292252
0.996160221706209 30952 293491
0.9961412502239919 31178 294868
0.9961233675604673 31405 296152
0.9961046564479376 31575 297563
0.996085542945891 31734 299019
0.9960662637540435 31906 300476
0.9960467478624803 32108 301923
0.9960289717138278 32339 303194
0.996009870046767 32594 304553
0.9959905553499622 32850 305929
0.9959707790887116 33068 307382
0.9959507424577736 33384 308759
0.995929297463527 33704 310251
0.9959089057830155 33955 311723
0.9958874252838116 34194 313299
0.9958634476026065 34721 314798
0.9958410321395254 35029 316384
0.9958172083131355 35467 317959
0.9957923311730106 35917 319611
0.995766708428781 36515 321178
0.9957419614734998 36964 322820
0.9957180903071667 37612 324189
0.9956920770084062 38117 325882
0.9956659335248021 38739 327469
0.9956386538825623 39305 329208
0.9956112085505215 39971 330861
0.9955837277135234 40512 332642
0.9955575368899762 41144 334223
0.9955326124099081 41661 335812
0.9955053682726257 42366 337409
0.9954776389009261 42813 339305
0.9954493414499086 43286 341223
0.9954219907977542 43802 343018
0.9953931607723763 44241 345015
0.9953637745026663 44715 347024
0.9953339976784256 45129 349126
0.9953035107550374 45573 351258
0.9952735800759813 45800 353560
0.9952417084592561 46295 355758
0.9952080852646343 46867 358027
0.995172047732912 47809 360130
0.9951351699171987 48535 362520
0.9950970257580063 49108 365170
0.9950577809451355 49618 367976
0.9950125831344139 50646 370767
0.9949626986693203 52153 373475
0.9949089441638744 53654 376516
0.9948485502314017 55597 379676
0.9947830790900264 57761 383044
0.9947118679805442 59827 386995
0.994632419720954 63133 390402
0.9945450656908579 66675 394241
0.9944644220977031 69410 398320
0.9940382679294738 101953 401785
0.993511540052024 142437 405807
0.9931552714748687 168747 409600
0.9928087312560306 193828 413800
0.9924392548347367 220374 418473
0.9920829034126809 245701 423256
0.9917050951613927 272610 428270
0.9913218664866139 300614 432647
0.9909344363918806 328346 437651
0.9905569476852087 355946 441947
0.990197140447303 382142 446153
0.9898167995090564 409059 451373
0.9894239016508893 436801 456829
0.9890485905816023 462450 462892
0.979305734406847 1280223 468344
0.9789257603531598 1306587 474086
0.9785809362072608 212045 1597764
0.9782623502248523 216531 1620197
0.9779118334507897 217755 1648590
0.9775319067370455 220375 1678072
0.9771801946294184 219931 1708234
0.9768545549954807 216709 1738971
0.9765419930208379 210928 1771162
0.9762793155112887 207366 1796919
0.9760388759400337 206218 1818383
0.9758127922065388 190648 1853056
0.9755848977202184 177543 1885417
0.9753523402494978 162442 1920168
0.975138103336776 146305 1954407
0.9749304821811093 128081 1990174
0.9747515608659768 119715 2013658
0.9745834448928681 112470 2035108
0.9744035886138585 105207 2057568
0.9742165366634901 99755 2078825
0.9740308220665156 95001 2099271
0.9738606349708941 87121 2121531
0.9737162126393316 85002 2135853
0.9735838974982296 84308 2147727
0.9734670033436084 83890 2158022
0.9733049232132512 87492 2168115
0.97313338692925 92884 2177217
0.9729697090758115 97821 2186110
0.9728256654637942 101587 2194515
0.9726898116619417 102986 2204595
0.9725769414024882 104440 2212678
0.9724687933023638 105299 2220957
0.9723478397476175 105044 2231432
0.9722317503720298 104669 2241616
0.9721186789178179 104587 2251252
0.9720126137751921 104368 2260433
0.9719142177033564 103404 2269711
0.9718248635606622 102781 2277884
0.9717486935921351 100240 2286861
0.97167931690545 98033 2294930
0.971598625972352 97466 2302315
0.9715224678388108 97810 2308406
0.9714480376131944 97833 2314672
0.9713774182530015 97633 2320839
0.9713081125762311 97534 2326794
0.9712456593562314 96811 2332794
0.9711788863664195 95634 2339613
0.9710948224623722 94495 2347855
0.9710061902538111 93049 2356790
0.9709200433922653 91297 2365821
0.9708382399705034 89985 2374045
0.9707569217831589 89627 2381274
0.9706792606064225 89055 2388408
0.9705879063511303 88634 2396548
0.9704956526369183 87670 2405307
0.9703997655820695 87341 2413738
0.9703061626794777 86322 2422666
0.9702126544567722 85896 2430993
0.9701191935740099 85596 2439190
0.9700402542188085 63953 2467503
0.9699443553289739 83386 2456173
0.9698421483917148 83815 2464380
0.9697398704445409 84459 2472378
0.9696500429024152 84144 2480283
0.9695581679077484 83702 2488488
0.9694669675072713 84100 2495796
0.9693925609516266 83383 2502800
0.9692985319895464 84131 2509997
0.969204964591912 84758 2517276
0.96911827332102 84788 2524571
0.9690325761889341 84729 2531871
0.968944772429378 84568 2539451
0.9688517849460472 85135 2546741
0.9687743131290835 86602 2551820
0.9686784024042632 88938 2557588
0.9685706211886982 92424 2563209
0.9684574668895857 96616 2568578
0.9683441824056296 99905 2574861
0.9682352413614574 98754 2585217
0.9681264423371148 98938 2594226
