0 0
0 0
0 0
0 0
0 0
0 0
0 0
0 0
0 0
0 0
1 0
1 0
5 0
5 0
6 0
18 0
46 1
97 1
189 3
355 4
661 9
1206 30
1492 37
1828 44
2348 85
3528 101
5564 134
7224 178
8981 236
10497 330
13074 457
15069 610
17364 771
20012 909
22647 1287
25453 1616
28242 1975
31802 2307
35568 2658
39232 3050
43600 3429
48101 4066
52312 4644
55796 5253
58909 6202
62200 7192
65461 8732
68146 10400
69986 12343
72313 13993
75410 15570
78414 17177
79821 18853
80808 20982
80575 24337
79485 28288
78185 31945
75570 36691
72852 41801
70468 47121
68144 52060
65326 57066
62780 61595
59497 66548
56032 71627
52686 76805
49958 81786
47096 86625
45484 90085
43896 93219
42180 96477
40150 99621
38692 102783
37447 105667
36712 108037
36269 110188
35834 112233
35333 114102
34845 115748
34521 117094
34378 118209
34309 119239
34113 120387
33776 121910
33793 123034
33430 124384
32858 125904
32573 127224
32149 128830
31668 130452
31604 131499
31429 132513
31259 133510
31049 134506
30961 135461
31002 136408
30292 138048
29227 139991
27471 142661
25030 146091
22787 149327
21451 151585
21400 152623
21338 153880
21798 154879
22015 156224
22642 157189
23077 158221
23226 159501
23127 160904
22824 162421
22738 163755
22495 165190
22390 166507
22316 167849
22398 169259
22363 170752
22248 172263
21619 174264
21547 175692
21689 176924
21664 178242
20526 180572
20152 182132
19992 183464
19912 184698
19853 185905
18608 188236
17345 190552
16145 192793
14272 195690
13759 197206
13420 198561
13115 199878
12948 201053
12871 202122
12788 203152
12613 204260
12507 205292
12229 206488
12140 207501
12062 208510
11963 209537
11643 210759
11387 211928
11298 212954
11100 214073
11000 215100
10920 216099
10776 217206
10708 218216
10678 219213
10647 220226
10643 221226
10634 222222
10607 223244
10678 224256
10822 225290
10921 226344
11063 227387
11137 228485
11201 229603
11169 230828
11152 232028
11412 232980
11666 233969
11947 234914
12190 235927
12366 236943
12575 237967
12876 238929
13154 239954
13665 240855
14074 241649
14560 242472
14963 243286
15645 244047
16236 244958
16527 245980
16997 247001
17461 248054
17968 249096
18381 250165
18837 251296
19359 252346
19963 253338
20345 254598
20883 255672
21516 256712
22028 257778
22627 258882
23243 260027
23918 261025
24153 262302
24651 263475
24905 264730
25273 265889
25701 267177
26174 268446
26540 269851
26979 271060
27628 272182
27786 273562
28128 274739
28601 276009
28967 277335
29635 278434
30041 279749
30315 281140
30523 282443
30806 283627
30731 285114
30638 286634
30719 287944
30657 289413
30530 290982
30762 292252
30952 293491
31178 294868
31405 296152
31575 297563
31734 299019
31906 300476
32108 301923
32339 303194
32594 304553
32850 305929
33068 307382
33384 308759
33704 310251
33955 311723
34194 313299
34721 314798
35029 316384
35467 317959
35917 319611
36515 321178
36964 322820
37612 324189
38117 325882
38739 327469
39305 329208
39971 330861
40512 332642
41144 334223
41661 335812
42366 337409
42813 339305
43286 341223
43802 343018
44241 345015
44715 347024
45129 349126
45573 351258
45800 353560
46295 355758
46867 358027
47809 360130
48535 362520
49108 365170
49618 367976
50646 370767
52153 373475
53654 376516
55597 379676
57761 383044
59827 386995
63133 390402
66675 394241
69410 398320
101953 401785
142437 405807
168747 409600
193828 413800
220374 418473
245701 423256
272610 428270
300614 432647
328346 437651
355946 441947
382142 446153
409059 451373
436801 456829
462450 462892
1280223 468344
1306587 474086
212045 1597764
216531 1620197
217755 1648590
220375 1678072
219931 1708234
216709 1738971
210928 1771162
207366 1796919
206218 1818383
190648 1853056
177543 1885417
162442 1920168
146305 1954407
128081 1990174
119715 2013658
112470 2035108
105207 2057568
99755 2078825
95001 2099271
87121 2121531
85002 2135853
84308 2147727
83890 2158022
87492 2168115
92884 2177217
97821 2186110
101587 2194515
102986 2204595
104440 2212678
105299 2220957
105044 2231432
104669 2241616
104587 2251252
104368 2260433
103404 2269711
102781 2277884
100240 2286861
98033 2294930
97466 2302315
97810 2308406
97833 2314672
97633 2320839
97534 2326794
96811 2332794
95634 2339613
94495 2347855
93049 2356790
91297 2365821
89985 2374045
89627 2381274
89055 2388408
88634 2396548
87670 2405307
87341 2413738
86322 2422666
85896 2430993
85596 2439190
63953 2467503
83386 2456173
83815 2464380
84459 2472378
84144 2480283
83702 2488488
84100 2495796
83383 2502800
84131 2509997
84758 2517276
84788 2524571
84729 2531871
84568 2539451
85135 2546741
86602 2551820
88938 2557588
92424 2563209
96616 2568578
99905 2574861
98754 2585217
98938 2594226
