0.9999978811190758 16 5
0.9999978811190758 16 5
0.9999972757245261 22 5
0.9999972757245261 22 5
0.9999970739263428 24 5
0.9999970739263428 24 5
0.9999954595408769 38 7
0.9999954595408769 38 7
0.9999954595408769 38 7
0.9999925334672197 62 12
0.9999925334672197 57 17
0.9999914235772118 68 17
0.9999914235772118 68 17
0.9999914235772118 68 17
0.9999901118890206 75 23
0.9999901118890206 75 23
0.9999901118890206 75 23
0.9999885984026463 87 26
0.9999858741271724 109 31
0.9999858741271724 107 33
0.9999845624389813 113 40
0.9999845624389813 113 40
0.9999800219798581 158 40
0.9999749770252768 201 47
0.9999664006024886 279 54
0.9999664006024886 279 54
0.9999591358678916 351 54
0.9999527792251192 414 54
0.9999424875177734 509 61
0.9999383506550167 545 66
0.9999330030031606 597 67
0.9999178681394167 745 69
0.9998966793301753 920 104
0.9998724635481852 1147 117
0.9998481468671034 1370 135
0.9998184825341654 1645 154
0.9997905334857852 1898 178
0.999761979042855 2161 198
0.9997317093153674 2408 251
0.9996983117160393 2708 282
0.9996609790521378 2926 434
0.9996230409936866 3128 608
0.9995839930452274 3421 702
0.9995438352067604 3644 877
0.9995022647810107 3972 961
0.9994586763734283 4298 1067
0.9994122627912806 4695 1130
0.9993641339245751 5077 1225
0.9993641339245751 5077 1225
0.9993158032596864 5454 1327
0.9992669680993396 5862 1403
0.999217527544443 6266 1489
0.9991687932831879 6640 1598
0.9991165275537257 7063 1693
0.9990635555306223 7457 1824
0.9990098772138775 7855 1958
0.9989557953007661 8295 2054
0.9989063547458695 8667 2172
0.9988517683373 9110 2270
0.9987963747359975 9502 2427
0.9987406784374202 9947 2534
0.9986844776433846 10384 2654
0.9986278732529826 10816 2783
0.9985709661653058 11274 2889
0.9985137563803541 11627 3103
0.998467141000023 11893 3299
0.9984120500959954 12222 3516
0.9983613987519994 12503 3737
0.9983056015543303 12782 4011
0.998242640521156 12937 4480
0.9981638383305963 13196 5002
0.9980952269482908 13296 5582
0.998016222959548 13446 6215
0.9979430711181193 13657 6729
0.9978726435521647 13946 7138
0.9977972719307202 14293 7538
0.9977169562537862 14482 8145
0.9976431990178078 14626 8732
0.9975592509735753 14389 9801
0.9974711660665861 14045 11018
0.9973762200213664 13962 12042
0.997286016233453 13906 12992
0.9971857225363772 13853 14039
0.9971037924739771 13965 14739
0.9970249902834175 14184 15301
0.9969420512301012 14402 15905
0.9968634508377248 14851 16235
0.9967743569398193 15343 16626
0.9967175507512341 15589 16943
0.996653177130777 15813 17357
0.9965799243902567 16088 17808
0.9965132300906921 16361 18196
0.9964491591675099 16588 18604
0.996389023308901 16793 18995
0.9963314099275827 16936 19423
0.9962649174262014 17173 19845
0.996201956393027 17031 20611
0.9961387935616693 16932 21336
0.9960843080521915 16726 22082
0.9960269973681481 16820 22556
0.9959737226477697 16881 23023
0.9959128804955195 16206 24301
0.9958645498306308 15466 25520
0.9958127885966268 15266 26233
0.9957632471426386 14941 27049
0.9957325738187844 14543 27751
0.9956980663294485 14216 28420
0.9956631552437459 13828 29154
0.995624611790745 13532 29832
0.9955854629431942 13213 30539
0.9955458096001853 12849 31296
0.9955066607526346 12478 32055
0.9954671083087173 12208 32717
0.9954289684520828 11954 33349
0.9953906267972651 11675 34008
0.9953452222060335 11421 34712
0.9953018355966345 11090 35473
0.995260466969068 11194 35779
0.9952214190206088 11215 36145
0.9951773261175685 11073 36724
0.9951320224254285 10856 37390
0.9950895439078541 10786 37881
0.9950489824730205 10593 38476
0.9950086228363704 10488 38981
0.9949408186467978 10670 39471
0.9948685748971939 10679 40178
0.9947996608176136 10920 40620
0.9947463860972352 11023 41045
0.9946927077804903 10560 42040
0.994647807684717 10436 42609
0.9945941293679721 9679 43898
0.9945464040976332 9751 44299
0.9945057417637081 9474 44979
0.9944652812279662 9381 45473
0.9944305719404469 9351 45847
0.9943927347810874 9213 46360
0.9943649875308903 9095 46753
0.9943366348861434 8382 47747
0.9943070714522971 7637 48785
0.9942779116148173 7456 49255
0.9942566219064843 7314 49608
0.9942292782526537 7232 49961
0.9941985040297079 7193 50305
0.9941746918440842 7038 50696
0.9941490634748114 6798 51190
0.994122728811897 6671 51578
0.9940911473962182 6591 51971
0.9940557318150576 6387 52526
0.9940290944548684 6322 52855
0.9939918626900586 6294 53252
0.993954025530699 6372 53549
0.993923554005028 6248 53975
0.9938949995620979 6246 54260
0.993869371192825 6154 54606
0.9938452563099265 6033 54966
0.9938287088588998 5949 55214
0.9938096389305826 5911 55441
0.9937840105613097 5868 55738
0.9937598956784112 5752 56093
0.99373810147462 5690 56371
0.9937139865917215 5699 56601
0.9936912842961058 5600 56925
0.9936732233587048 5581 57123
0.9936467877966988 5647 57319
0.9936219666201589 5661 57551
0.9935940175717786 5759 57730
0.9935607208715421 5987 57832
0.9935321664286121 6170 57932
0.9935109776193707 6254 58058
0.9934878717273884 6383 58158
0.9934510435589451 6631 58275
0.9934071524540878 6952 58389
0.9933606379728485 7280 58522
0.9933211864280228 7527 58666
0.9932784052131736 7837 58780
0.9932390545674395 8144 58863
0.9932113073172425 8324 58958
0.9931771025251814 8490 59131
0.9931368437876228 8572 59448
0.9930873023336345 8661 59850
0.9930479516879005 8661 60240
0.9930048677757763 8747 60581
0.992968342304608 8708 60982
0.9929137558960385 8916 61315
0.9928558398174453 8930 61875
0.9927816789851004 9124 62416
0.9927197269428423 9099 63055
0.9926579766987674 9221 63545
0.9925868428391713 9431 64040
0.9925350816051673 7501 66483
0.9924876590321032 7531 66923
0.9924226800170963 7764 67334
0.9923335861191909 8229 67752
0.992239749963979 8568 68343
0.9921458129096755 8982 68860
0.9920442075244085 9467 69382
0.9919796321057681 9639 69850
0.9919012335115749 9886 70380
0.9918332275238192 9904 71036
0.9917482704886704 9924 71858
0.9916689638026527 10049 72519
0.9915816860883965 10240 73193
0.9915000587232713 10326 73916
0.9914320527355156 10239 74677
0.9913635422523018 10104 75491
0.9912775762262368 10017 76430
0.9911683025100062 10129 77401
0.9910672016201972 10188 78344
0.9909654953358386 10312 79228
0.9908567261150661 10531 80087
0.9907708609880927 10513 80956
0.990707698156735 10220 81875
0.9906073035605675 10136 82954
0.9904963145597793 10047 84143
0.9903794734116768 10024 85324
0.9902603115844668 10034 86495
0.9901361048026757 10212 87548
0.9900310688482934 10252 88549
0.9899370308948983 9894 89839
0.9898299769586835 9803 90991
0.989724436508843 9694 92146
0.9896145573980627 9012 93917
0.9895060908745651 8659 95345
0.9893921758001197 8717 96416
0.989281590395698 8500 97729
0.9891742337622083 8292 99001
0.9890415514567206 8153 100455
0.9888971648566043 7930 102109
0.9887561079265116 7660 103777
0.9886136384091361 7451 105398
0.9884584556062158 7574 106813
0.9883358632098906 7623 107979
0.9882435405410532 7240 109277
0.9881348722193724 6811 110783
0.9879796894164521 6846 112286
0.9878204706498669 6872 113838
0.9876627653696559 6730 115543
0.987512324824042 6395 117369
0.9873752029585228 5715 119408
0.9872631040677267 5004 121230
0.9871228543303671 4684 122940
0.9869815956020911 3892 125132
0.9868492159938782 3701 126635
0.986730962258493 3411 128097
0.9866178543767806 3232 129397
0.9864889053376831 2903 131004
0.986364395858617 2620 132521
0.9862626895742583 2156 133993
0.9861455457288809 1822 135488
0.9860154867997755 1973 136626
0.9858851251733951 2445 137446
0.9857699993098502 2910 138122
0.9856579004190541 3338 138805
0.9855422700600511 3815 139474
0.9854316846556294 4166 140219
0.9853091931583958 4637 140962
0.9851945717903091 4997 141738
0.985070869503976 5550 142411
0.9849524139704076 6046 143089
0.9848303260695405 6563 143782
0.984708339067765 7088 144466
0.9845817107077749 7624 145185
0.9844513490813945 8022 146079
0.9843350124287501 8241 147013
0.9842069714814772 8667 147856
0.9840796368278456 9157 148628
0.9839580534224367 9567 149423
0.9838505958898554 9923 150132
0.9837184180798257 10545 150820
0.9835875519579872 11055 151607
0.9834558786434158 11533 152434
0.98332642510886 11975 153275
0.9832000994461447 12484 154018
0.983073874682521 12998 154755
0.9829621793880914 13389 155471
0.9828321204589859 13906 156243
0.9827024651262469 14474 156960
0.982569581022576 15131 157620
0.9824373023134547 15648 158414
0.9823148108162212 16189 159087
0.9821984741635768 16705 159724
0.9820826420063905 17272 160305
0.9819555091509422 17946 160891
0.9818230286436377 18468 161682
0.9816964002836476 19062 162343
0.9815757249700633 19559 163042
0.9814592874183272 20098 163657
0.9813388139029262 20653 164296
0.981228632094871 21074 164967
0.9811049298085379 21622 165645
0.9809759807694404 22170 166375
0.9808426930694029 22696 167170
0.9807131386357555 23214 167936
0.9805866111748569 23641 168763
0.9804684583385632 23943 169632
0.9803597900168824 24173 170479
0.9802360877305494 23785 172093
0.9801103674623838 23495 173629
0.9799780887532625 23309 175126
0.979853982870563 23147 176518
0.9797301796851383 22830 178062
0.9796349309426438 22507 179329
0.9795313075755442 22278 180585
0.9793793535435559 22307 182062
0.9792055044086849 22420 183672
0.9790309489801725 22711 185111
0.9788436802661153 22988 186690
0.9786456153492541 22867 188774
0.9784851857935694 22843 190388
0.9783337362570392 22595 192137
0.9781352677438115 22693 194006
0.9779267093214213 22557 196209
0.9776252228356439 21882 199872
0.9773275705153481 22611 202093
0.9770250750386544 23340 204362
0.976734889251139 23756 206822
0.9764923278348709 23905 209077
0.976165112080729 24947 211278
0.9758258893346835 25715 213872
0.9754846486068055 26423 216546
0.9751408854016369 26655 219721
0.9747945997191777 26962 222846
0.9744461951557942 27142 226119
0.9740959744087616 27617 229115
0.9737437356798965 27792 232431
0.9733899834646569 27546 236183
0.97303391057031 27170 240088
0.9726755169968556 26767 244043
0.9723157108361185 26275 248101
0.9719545929871902 25679 252276
0.9715922643491626 25444 256102
0.9712289267202185 25148 259999
0.9708314851983051 24545 264541
0.9704313194009176 25209 267843
0.9700315571998969 26189 270825
0.9696635782127381 27054 273607
0.9693661276906256 25801 277808
0.9690906731704876 24070 282269
0.9687566971772067 23582 286067
0.9683554214898115 23472 290154
0.9680276003411197 22807 294068
0.9676995773942446 22184 297942
0.967369031970079 21407 301995
0.9670569510796808 19815 306680
0.9667746354213123 18671 310622
0.9664406594280313 18596 314007
0.9660835775427681 19133 317009
0.9657279082447876 18906 320761
0.9653942349487816 18797 324177
0.9651287694387145 17824 327781
0.964809222015536 15919 332853
0.9644941141523891 14137 337758
0.9641676046918884 13725 341406
0.9638193010275967 13593 344990
0.9634869394197818 13438 348439
0.9631701162720773 12209 352808
0.9628514769407234 11054 357121
0.9626244539845656 9603 360822
0.9624120613966937 8338 364192
0.9621088596263585 7823 367712
0.9617958706441357 7092 371545
0.9614906508919682 5421 376241
0.9611377058694616 6425 378735
0.9607912183888191 7673 380921
