16 5
16 5
22 5
22 5
24 5
24 5
38 7
38 7
38 7
62 12
57 17
68 17
68 17
68 17
75 23
75 23
75 23
87 26
109 31
107 33
113 40
113 40
158 40
201 47
279 54
279 54
351 54
414 54
509 61
545 66
597 67
745 69
920 104
1147 117
1370 135
1645 154
1898 178
2161 198
2408 251
2708 282
2926 434
3128 608
3421 702
3644 877
3972 961
4298 1067
4695 1130
5077 1225
5077 1225
5454 1327
5862 1403
6266 1489
6640 1598
7063 1693
7457 1824
7855 1958
8295 2054
8667 2172
9110 2270
9502 2427
9947 2534
10384 2654
10816 2783
11274 2889
11627 3103
11893 3299
12222 3516
12503 3737
12782 4011
12937 4480
13196 5002
13296 5582
13446 6215
13657 6729
13946 7138
14293 7538
14482 8145
14626 8732
14389 9801
14045 11018
13962 12042
13906 12992
13853 14039
13965 14739
14184 15301
14402 15905
14851 16235
15343 16626
15589 16943
15813 17357
16088 17808
16361 18196
16588 18604
16793 18995
16936 19423
17173 19845
17031 20611
16932 21336
16726 22082
16820 22556
16881 23023
16206 24301
15466 25520
15266 26233
14941 27049
14543 27751
14216 28420
13828 29154
13532 29832
13213 30539
12849 31296
12478 32055
12208 32717
11954 33349
11675 34008
11421 34712
11090 35473
11194 35779
11215 36145
11073 36724
10856 37390
10786 37881
10593 38476
10488 38981
10670 39471
10679 40178
10920 40620
11023 41045
10560 42040
10436 42609
9679 43898
9751 44299
9474 44979
9381 45473
9351 45847
9213 46360
9095 46753
8382 47747
7637 48785
7456 49255
7314 49608
7232 49961
7193 50305
7038 50696
6798 51190
6671 51578
6591 51971
6387 52526
6322 52855
6294 53252
6372 53549
6248 53975
6246 54260
6154 54606
6033 54966
5949 55214
5911 55441
5868 55738
5752 56093
5690 56371
5699 56601
5600 56925
5581 57123
5647 57319
5661 57551
5759 57730
5987 57832
6170 57932
6254 58058
6383 58158
6631 58275
6952 58389
7280 58522
7527 58666
7837 58780
8144 58863
8324 58958
8490 59131
8572 59448
8661 59850
8661 60240
8747 60581
8708 60982
8916 61315
8930 61875
9124 62416
9099 63055
9221 63545
9431 64040
7501 66483
7531 66923
7764 67334
8229 67752
8568 68343
8982 68860
9467 69382
9639 69850
9886 70380
9904 71036
9924 71858
10049 72519
10240 73193
10326 73916
10239 74677
10104 75491
10017 76430
10129 77401
10188 78344
10312 79228
10531 80087
10513 80956
10220 81875
10136 82954
10047 84143
10024 85324
10034 86495
10212 87548
10252 88549
9894 89839
9803 90991
9694 92146
9012 93917
8659 95345
8717 96416
8500 97729
8292 99001
8153 100455
7930 102109
7660 103777
7451 105398
7574 106813
7623 107979
7240 109277
6811 110783
6846 112286
6872 113838
6730 115543
6395 117369
5715 119408
5004 121230
4684 122940
3892 125132
3701 126635
3411 128097
3232 129397
2903 131004
2620 132521
2156 133993
1822 135488
1973 136626
2445 137446
2910 138122
3338 138805
3815 139474
4166 140219
4637 140962
4997 141738
5550 142411
6046 143089
6563 143782
7088 144466
7624 145185
8022 146079
8241 147013
8667 147856
9157 148628
9567 149423
9923 150132
10545 150820
11055 151607
11533 152434
11975 153275
12484 154018
12998 154755
13389 155471
13906 156243
14474 156960
15131 157620
15648 158414
16189 159087
16705 159724
17272 160305
17946 160891
18468 161682
19062 162343
19559 163042
20098 163657
20653 164296
21074 164967
21622 165645
22170 166375
22696 167170
23214 167936
23641 168763
23943 169632
24173 170479
23785 172093
23495 173629
23309 175126
23147 176518
22830 178062
22507 179329
22278 180585
22307 182062
22420 183672
22711 185111
22988 186690
22867 188774
22843 190388
22595 192137
22693 194006
22557 196209
21882 199872
22611 202093
23340 204362
23756 206822
23905 209077
24947 211278
25715 213872
26423 216546
26655 219721
26962 222846
27142 226119
27617 229115
27792 232431
27546 236183
27170 240088
26767 244043
26275 248101
25679 252276
25444 256102
25148 259999
24545 264541
25209 267843
26189 270825
27054 273607
25801 277808
24070 282269
23582 286067
23472 290154
22807 294068
22184 297942
21407 301995
19815 306680
18671 310622
18596 314007
19133 317009
18906 320761
18797 324177
17824 327781
15919 332853
14137 337758
13725 341406
13593 344990
13438 348439
12209 352808
11054 357121
9603 360822
8338 364192
7823 367712
7092 371545
5421 376241
6425 378735
7673 380921
