86 8
126 8
181 8
238 8
287 8
365 9
409 20
463 20
609 21
863 26
1275 26
1762 28
2241 29
2586 48
3015 62
3605 87
4326 136
5282 186
6302 232
7528 264
8685 322
10039 356
12312 432
14473 653
16999 844
19934 1036
22894 1325
25445 1617
28124 1830
32057 2224
36179 2636
40480 3309
44739 3979
48967 4732
52276 5496
55311 6111
59999 6739
64342 7882
68453 8934
72228 10065
75243 11417
77978 12295
80856 12956
84658 13359
87907 14458
92078 15387
96374 16434
100431 17367
104039 18495
107444 18950
111724 19536
115083 20952
119686 21854
124141 22567
128092 23597
130990 24463
134095 24831
138447 25183
142197 26160
146832 26975
151158 27613
155155 28346
157796 28935
160515 29193
163616 29475
166564 30216
169745 30871
173022 31365
175467 31972
177338 32251
179442 32469
182830 32670
185602 33293
188445 33750
190699 34114
192865 34469
194515 34891
196274 34958
198673 35136
201221 35646
203587 35992
205850 36283
207592 36582
208873 36809
209847 37190
211346 37304
212874 37435
214256 37862
215648 38206
216877 38485
217815 38654
218822 38717
220149 38834
221366 39087
222473 39329
223574 39466
224417 39733
225066 39878
225721 39941
226752 40004
227712 40203
228722 40379
229644 40464
230563 40599
231343 40707
232123 40734
233124 40764
234078 40893
234956 41014
235900 41090
236794 41180
237389 41251
237982 41282
238858 41298
239638 41400
240313 41502
240895 41617
241455 41696
242048 41737
242424 41768
243019 41793
243367 41849
243331 41948
243295 41990
243746 42041
244339 42073
244839 42092
245187 42103
245717 42157
246294 42217
246906 42248
247396 42282
248205 42299
248846 42308
249367 42324
250562 42369
251073 42396
251679 42437
252340 42463
253150 42482
253865 42493
254441 42503
254860 42529
255404 42548
256165 42566
256902 42598
257655 42615
258390 42630
259072 42636
259603 42658
260371 42692
261218 42692
262080 42713
262834 42728
263573 42736
264513 42738
265170 42756
266061 42771
267006 42790
267894 42802
268654 42807
269760 42814
270548 42844
271684 42858
272695 42886
273818 42911
275266 42924
276300 42932
277406 42937
278120 42944
279218 42959
280030 42978
281170 43033
282228 43035
283539 43056
284581 43062
285551 43069
286735 43086
287864 43103
289381 43128
290618 43188
291709 43207
293458 43210
294812 43271
296114 43301
297585 43344
299342 43366
301304 43382
303069 43444
306036 43464
308986 43467
311432 43502
314099 43516
317002 43544
320537 43553
324000 43594
327067 43865
329677 43880
332733 43939
336714 43965
340092 43997
344382 44036
348770 44077
352650 44096
357017 44107
361906 44154
368047 44200
374616 44275
381439 44330
387424 44395
393101 44418
397131 44444
404199 44532
411240 44608
418100 44677
425022 44749
437851 44805
460776 44845
473354 44870
487827 44954
501922 45032
519346 45158
533133 45259
548220 45347
561029 45420
574982 45478
592065 45645
611663 45798
630511 45946
646028 46086
662057 46243
678967 46327
697693 46431
718804 46685
745310 46886
766362 47091
786692 47320
809532 47513
829169 47673
849950 47792
872490 48176
896840 48540
919612 48846
943744 49132
965309 49486
988406 49650
1007228 49795
1026853 50248
1051548 50759
1075328 51143
1098275 51518
1122827 51945
1143233 52119
1164420 52329
1184329 52871
1206723 53477
1239664 54053
1266546 54487
1292941 54968
1317737 55149
1338925 55377
1358373 55989
1377430 56577
1399828 57115
1419573 57644
1439104 58034
1457360 58445
1472607 58663
1483271 59343
1500797 60078
1517847 60585
1532140 61113
1547514 61630
1559449 61859
1571618 62118
1584493 62740
1600069 63401
1614585 63836
1630449 64354
1645618 64764
1662673 65081
1677247 65281
1689016 65898
1705104 66444
1725645 66969
1746993 67405
1768021 67931
1786210 68283
1806319 68551
1824337 69102
1849012 69727
1883995 70276
1911924 70907
1938546 71534
1974283 71881
2007574 72107
2043791 72821
2082116 73883
2120592 74556
2152824 75127
2187313 75426
2219276 75956
2260370 76322
2312995 76972
2362132 78074
2417131 79104
2469774 79919
2527117 80429
2581469 81234
2639816 81810
2699899 82814
2761347 83922
2812900 85156
2879581 86667
2938491 87855
2992792 88580
3038398 89249
3082601 90694
3128613 92344
3176014 93747
3230503 95143
3270461 96613
3308269 97475
3345073 98281
3376798 100010
3413835 101965
3450427 103350
3489250 104848
3521402 106348
3550782 107079
3572342 107763
3590749 109523
3614306 111335
3641775 112677
3669617 113980
3691636 115361
3712164 116023
3730342 116513
3745714 118047
3763489 119487
3783233 120477
3801339 121575
3818786 122491
3834226 122955
3847978 123341
3859263 124497
3871270 125567
3884030 126350
3898412 127166
3910951 127982
3921619 128305
3931115 128585
3940889 129447
3952834 130262
3964413 130778
3975889 131401
3985853 131890
3995453 132125
4005903 132334
4013767 132993
4023254 133453
4032920 133807
4041088 134227
4048231 134541
