0.9999986165948979 86 8
0.9999980279118756 126 8
0.9999972184727202 181 8
0.9999963795994136 238 8
0.9999956584627114 287 8
0.9999944958137426 365 9
0.9999936863745871 409 20
0.9999928916525072 463 20
0.9999907282424007 609 21
0.999986916519832 863 26
0.9999808530847034 1275 26
0.9999736564347572 1762 28
0.999966592238491 2241 29
0.9999612352229892 2586 48
0.9999547155585184 3015 62
0.9999456645570524 3605 87
0.9999343324088753 4326 136
0.9999195270308674 5282 186
0.9999038386283262 6302 232
0.9998853245472785 7528 264
0.9998674433004796 8685 322
0.9998470159996098 10039 356
0.9998124455891321 12312 432
0.9997773895151609 14473 653
0.9997374032208791 16999 844
0.9996913829256198 19934 1036
0.9996435671471429 22894 1325
0.9996017265013412 25445 1617
0.9995591647188372 28124 1830
0.9994954839329124 32057 2224
0.9994287567123478 36179 2636
0.9993555539785391 40480 3309
0.9992830135131304 44739 3979
0.999209707759793 48967 4732
0.999149765111059 52276 5496
0.9990960477852847 55311 6111
0.9990178118116364 59999 6739
0.9989370739351437 64342 7882
0.9988610896740553 68453 8934
0.9987888877013844 72228 10065
0.9987246182324374 75243 11417
0.9986714454384586 77978 12295
0.9986193617080709 80856 12956
0.9985574764053637 84658 13359
0.9984934865608522 87907 14458
0.9984184294755237 92078 15387
0.9983397961408355 96374 16434
0.9982663579338179 100431 17367
0.9981966578639914 104039 18495
0.9981398499523505 107444 18950
0.9980682366627018 111724 19536
0.9979979626269285 115083 20952
0.9979169451260004 119686 21854
0.9978408872795341 124141 22567
0.9977675815261966 128092 23597
0.9977121864538091 130990 24463
0.9976610740504079 134095 24831
0.997591844926999 138447 25183
0.9975222773108524 142197 26160
0.9974420692490797 146832 26975
0.9973690136860267 151158 27613
0.9972994019186534 155155 28346
0.997251865764612 157796 28935
0.9972080530306859 160515 29193
0.9971582651640847 163616 29475
0.9971039738723637 166564 30216
0.9970475191705362 169745 30871
0.9969920210786197 173022 31365
0.9969471045640271 175467 31972
0.9969154628515847 177338 32251
0.9968812898021469 179442 32469
0.9968284702179814 182830 32670
0.9967785057464734 185602 33293
0.9967299393971433 188445 33750
0.9966914100933413 190699 34114
0.9966543083458681 192865 34469
0.996623814565319 194515 34891
0.9965969411853562 196274 34958
0.996559015281652 198673 35136
0.996514010464606 201221 35646
0.996474097755702 203587 35992
0.9964365103447355 205850 36283
0.9964064727935285 207592 36582
0.9963842794435921 208873 36809
0.9963643378062156 209847 37190
0.996340599163346 211346 37304
0.996316183535001 212874 37435
0.9962895603453227 214256 37862
0.9962640115021598 215648 38206
0.9962418181522235 216877 38485
0.9962255263495845 217815 38654
0.9962097790787411 218822 38717
0.9961885276216402 220149 38834
0.996166893520575 221366 39087
0.9961470401856518 222473 39329
0.9961288204461152 223574 39466
0.9961124844922495 224417 39733
0.9961007991342592 225066 39878
0.996090232274011 225721 39941
0.9960741317933542 226752 40004
0.9960570747027865 227712 40203
0.9960396202511786 228722 40379
0.9960248001560952 229644 40464
0.9960092883584606 230563 40599
0.9959962195953681 231343 40707
0.9959843429153956 232123 40734
0.9959691696104988 233124 40764
0.9959532310176731 234078 40893
0.9959385286591941 234956 41014
0.9959235172421284 235900 41090
0.9959090356397826 236794 41180
0.9958992340674633 237389 41251
0.9958900506123172 237982 41282
0.9958769229809225 238858 41298
0.9958639425202833 239638 41400
0.9958525073525774 240313 41502
0.9958422495509158 240895 41617
0.9958328453396365 241455 41696
0.9958235147137348 242048 41737
0.995817524863984 242424 41768
0.9958084002771402 243019 41793
0.9958024545786162 243367 41849
0.9958015274028562 243331 41948
0.9958014391004029 243295 41990
0.9957940511284744 243746 42041
0.9957848529562529 244339 42073
0.99577721479404 244839 42092
0.9957719313639158 245187 42103
0.995763336591792 245717 42157
0.9957539618146637 246294 42217
0.9957444987350821 246906 42248
0.9957367869874915 247396 42282
0.9957246306830834 248205 42299
0.9957150645839729 248846 42308
0.9957071615144 249367 42324
0.9956889123407123 250562 42369
0.9956809945540639 251073 42396
0.99567147260618 251679 42437
0.9956613619752741 252340 42463
0.9956491615196393 253150 42482
0.9956384769227866 253865 42493
0.9956298527165116 254441 42503
0.9956233036178899 254860 42529
0.9956150179043526 255404 42548
0.9956035533024956 256165 42566
0.9955922358713941 256902 42598
0.9955809037232171 257655 42615
0.9955698659165511 258390 42630
0.9955597405685694 259072 42636
0.9955516020257877 259603 42658
0.995539798931193 260371 42692
0.9955273335681982 261218 42692
0.9955143383904835 262080 42713
0.995503020959382 262834 42728
0.9954920273039427 263573 42736
0.9954781638187703 264513 42738
0.9954682297927709 265170 42756
0.9954548961223184 266061 42771
0.9954407088614838 267006 42790
0.9954274634934847 267894 42802
0.9954162049306854 268654 42807
0.9953998248255931 269760 42814
0.9953877862577895 270548 42844
0.9953708616209016 271684 42858
0.9953555705794004 272695 42886
0.9953386753766637 273818 42911
0.9953171737292784 275266 42924
0.9953018385365505 276300 42932
0.9952854878656093 277406 42937
0.9952748768541344 278120 42944
0.9952584967490422 279218 42959
0.9952462668592563 280030 42978
0.9952286799539685 281170 43033
0.9952130798538806 282228 43035
0.9951934767092419 283539 43056
0.9951780532140606 284581 43062
0.9951636746312438 285551 43069
0.9951459994235027 286735 43086
0.9951291336549172 287864 43103
0.995106439924412 289381 43128
0.9950873518774176 290618 43188
0.995071015923552 291709 43207
0.9950452316071803 293458 43210
0.9950244069452705 294812 43271
0.9950048038006318 296114 43301
0.9949825221482421 297585 43344
0.9949563404708305 299342 43366
0.9949272300953834 301304 43382
0.9949003419983452 303069 43444
0.9948563820936636 306036 43464
0.9948129225695508 308986 43467
0.9947764095050998 311432 43502
0.9947369530255379 314099 43516
0.9946938172770873 317002 43544
0.9946416599613218 320537 43553
0.9945900913285785 324000 43594
0.9945409657303771 327067 43865
0.9945023334070463 329677 43880
0.9944564897166936 332733 43939
0.9943975183949463 336714 43965
0.9943473331673051 340092 43997
0.9942836229472292 344382 44036
0.9942184410195978 348770 44077
0.9941610591420104 352650 44096
0.9940966277852323 357017 44107
0.9940239843002947 361906 44154
0.9939329297538384 368047 44200
0.9938351495038535 374616 44275
0.993733925458189 381439 44330
0.9936448871510836 387424 44395
0.9935609998204222 393101 44418
0.9935013073619727 397131 44444
0.993395991969304 404199 44532
0.9932912505425818 411240 44608
0.9931892759260639 418100 44677
0.993086344699635 425022 44749
0.9928967151811138 437851 44805
0.9925587375410021 460776 44845
0.9923732582377873 473354 44870
0.9921590217689389 487827 44954
0.9919504366571034 501922 45032
0.99169215198112 519346 45158
0.9914877612358176 533133 45259
0.9912644296142763 548220 45347
0.9910748442469819 561029 45420
0.9908686433013862 574982 45478
0.9906147737480692 592065 45645
0.9903240967887901 611663 45798
0.9900445312215547 630511 45946
0.9898141059695961 646028 46086
0.9895758953846692 662057 46243
0.9893257934026941 678967 46327
0.9890486708700008 697693 46431
0.9887342405507765 718804 46685
0.9883411916139395 745310 46886
0.9880283507388752 766362 47091
0.9877257823825479 786692 47320
0.9873868039812986 809532 47513
0.987095450036544 829169 47673
0.9867878631574526 849950 47792
0.9864504889174387 872490 48176
0.986086771112182 896840 48540
0.9857471304425327 919612 48846
0.9853877688916403 943744 49132
0.9850651853125587 965309 49486
0.9847228514180829 988406 49650
0.9844437126460387 1007228 49795
0.9841482232030532 1026853 50248
0.9837772645966236 1051548 50759
0.9834216411829221 1075328 51143
0.9830784095468375 1098275 51518
0.9827107917165587 1122827 51945
0.9824079143016449 1143233 52119
0.9820930130360029 1164420 52329
0.9817920341238355 1184329 52871
0.9814535413860795 1206723 53477
0.9809602691647156 1239664 54053
0.9805582575288658 1266546 54487
0.9801627214062602 1292941 54968
0.9797951330101327 1317737 55149
0.9794799521200551 1338925 55377
0.9791847275844295 1358373 55989
0.9788956106351593 1377430 56577
0.9785580597902387 1399828 57115
0.9782596858004445 1419573 57644
0.9779665069383211 1439104 58034
0.9776917832889432 1457360 58445
0.9774641837154912 1472607 58663
0.9772972332103996 1483271 59343
0.9770284846936969 1500797 60078
0.9767700969981846 1517847 60585
0.9765519752213897 1532140 61113
0.9763181061737514 1547514 61630
0.9761390876667051 1559449 61859
0.9759561838517123 1571618 62118
0.9757575474829518 1584493 62740
0.9755185863271716 1600069 63401
0.9752985513305547 1614585 63836
0.975057456198819 1630449 64354
0.9748281788787537 1645618 64764
0.974572513842219 1662673 65081
0.9743550837679752 1677247 65281
0.9741727980701558 1689016 65898
0.9739279942353803 1705104 66444
0.973617964321747 1725645 66969
0.9732973675478653 1746993 67405
0.9729801557013612 1768021 67931
0.9727072864035032 1786210 68283
0.9724073965549269 1806319 68551
0.9721341151789533 1824337 69102
0.9717617731674216 1849012 69727
0.9712388460388153 1883995 70276
0.9708185263609755 1911924 70907
0.970417500769188 1938546 71534
0.9698864498148754 1974283 71881
0.9693931775935115 2007574 72107
0.9688496612762042 2043791 72821
0.9682699998213347 2082116 73883
0.9676938410304472 2120592 74556
0.9672110768010294 2152824 75127
0.9666990991766355 2187313 75426
0.9662208972406395 2219276 75956
0.9656107272881455 2260370 76322
0.9648266750879735 2312995 76972
0.9640873039291854 2362132 78074
0.9632627209029362 2417131 79104
0.9624759754779377 2469774 79919
0.9616245485058769 2527117 80429
0.9608127987695112 2581469 81234
0.9599456245266069 2639816 81810
0.9590466025322023 2699899 82814
0.9581259611538081 2761347 83922
0.9573490908865069 2812900 85156
0.9563455040702868 2879581 86667
0.9554610372636059 2938491 87855
0.9546512154641379 2992792 88580
0.9539701827928483 3038398 89249
0.9532983777279314 3082601 90694
0.9525969324728475 3128613 92344
0.9518786803174802 3176014 93747
0.9510562165501109 3230503 95143
0.9504465175440344 3270461 96613
0.9498774082323377 3308269 97475
0.9493238990207288 3345073 98281
0.9488315539751248 3376798 100010
0.9482577057650994 3413835 101965
0.9476987953867619 3450427 103350
0.9471053881833245 3489250 104848
0.9466101291567607 3521402 106348
0.9461669832947358 3550782 107079
0.9458396166660991 3572342 107763
0.9455428174033892 3590749 109523
0.9451694599136443 3614306 111335
0.9447454462498405 3641775 112677
0.9443165170828013 3669617 113980
0.9439721375148235 3691636 115361
0.9436602826838212 3712164 116023
0.9433855443173678 3730342 116513
0.9431367374380415 3745714 118047
0.9428539488312596 3763489 119487
0.9425488049867103 3783233 120477
0.9422661782677596 3801339 121575
0.9419959286093502 3818786 122491
0.9417618682397297 3834226 122955
0.9415537982255386 3847978 123341
0.9413707030885637 3859263 124497
0.9411782478915361 3871270 125567
0.9409789345373 3884030 126350
0.940755264423021 3898412 127166
0.9405587178789891 3910951 127982
0.9403969625015685 3921619 128305
0.9402530883709466 3931115 128585
0.9400965575553477 3940889 129447
0.939908767671271 3952834 130262
0.9397307646424379 3964413 130778
0.9395527027453027 3975889 131401
0.9393988651545303 3985853 131890
0.9392541227164507 3995453 132125
0.9390972534081141 4005903 132334
0.9389718197731621 4013767 132993
0.9388254290226205 4023254 133453
0.9386779639255632 4032920 133807
0.9385515736807003 4041088 134227
0.9384418284482895 4048231 134541
