1.0 0 0
1.0 0 0
0.9999999771096738 1 0
0.9999999771096738 1 0
0.9999999771096738 1 0
0.9999999771096738 1 0
0.9999999771096738 1 0
0.9999999771096738 1 0
0.9999999771096738 1 0
0.9999999771096738 1 0
0.9999999771096738 1 0
0.9999999771096738 1 0
0.9999999313290213 2 1
0.9999999313290213 2 1
0.9999999313290213 2 1
0.9999998397677163 6 1
0.9999996795354326 12 2
0.9999996795354326 12 2
0.9999996337547801 14 2
0.9999993361805389 26 3
0.9999989241546665 43 4
0.9999983290061842 69 4
0.9999983290061842 69 4
0.9999977796383543 93 4
0.9999966809026947 139 6
0.9999955134960562 190 6
0.9999929039988644 300 10
0.9999918510438572 342 14
0.9999891270950343 459 16
0.9999874561012184 527 21
0.9999852357395729 618 27
0.9999818250809626 761 33
0.9999794673773594 856 41
0.9999754615702667 1023 49
0.9999719593503514 1168 57
0.9999700594532732 1243 65
0.9999698076596846 1253 66
0.9999665343430317 1389 73
0.9999618189358255 1581 87
0.9999566915027469 1790 102
0.9999495726112851 2073 130
0.9999425223908021 2359 152
0.9999364335640213 2605 172
0.9999289942079921 2912 190
0.9999228138199063 3155 217
0.9999138408120187 3513 251
0.9999047533525001 3859 302
0.999893285299052 4291 371
0.9998831219941997 4698 408
0.9998752706122982 4961 488
0.9998692962371485 5200 510
0.9998597967517574 5597 528
0.9998491069694017 5994 598
0.9998358763608327 6479 691
0.9998249576752145 6664 983
0.99981401609927 7142 983
0.9998027540587582 7568 1049
0.9997937810508706 7925 1084
0.9997846020300469 8179 1231
0.9997741640412797 8513 1353
0.9997618032651082 8907 1499
0.9997513881666673 9176 1685
0.9997387984872332 9634 1777
0.999727307543459 10077 1836
0.9997177393870891 10409 1922
0.9997093615276839 10506 2191
0.9996982139388032 10760 2424
0.9996866085433976 10955 2736
0.9996750718189709 11128 3067
0.9996632833009553 11425 3285
0.9996513345506561 11781 3451
0.9996418121749387 11952 3696
0.9996332283025974 12225 3798
0.9996240263914474 12270 4155
0.9996143666737726 12248 4599
0.9996033106461969 12381 4949
0.9995912245539402 12455 5403
0.9995813130426767 12661 5630
0.9995738736866475 12805 5811
0.9995679222018241 12696 6180
0.9995598190263338 12711 6519
0.9995489232310418 12900 6806
0.9995388057068422 12975 7173
0.9995289170859049 13046 7534
0.9995196236134499 13261 7725
0.9995136950189528 13388 7857
0.9995059351983563 13365 8219
0.9994985874036321 13252 8653
0.9994876687180138 13274 9108
0.9994778487680552 13198 9613
0.9994688528698414 13197 10007
0.9994581401971594 13426 10246
0.9994377678068025 13785 10777
0.9994301453281634 13701 11194
0.999418929068304 13805 11580
0.9994052864338627 13758 12223
0.99939244496084 13957 12585
0.9993796492684698 14051 13050
0.9993682498860005 14290 13309
0.999357308310056 14615 13462
0.999348106398906 14769 13710
0.9993358371840394 14917 14098
0.999320019968605 15200 14506
0.9993037907272982 15460 14955
0.9992863482987006 15798 15379
0.9992709202188123 16356 15495
0.9992552403453354 16854 15682
0.9992398351557734 17233 15976
0.999222049372282 17548 16438
0.9992026612659536 17856 16977
0.9991815563851569 18172 17583
0.9991618707045874 18637 17978
0.9991447945212095 19271 18090
0.9991288857444702 19823 18233
0.9991095434187943 20318 18583
0.9990877747185365 20782 19070
0.9990648386116404 21411 19443
0.9990391785559212 21951 20024
0.999017272513706 22461 20471
0.9989961218522568 23129 20727
0.9989805106497586 23698 20840
0.9989641211761682 24289 20965
0.9989487846575849 24492 21432
0.9989282520349443 24866 21955
0.9989080169865449 25182 22523
0.9988868892154219 25478 23150
0.9988676613413773 26072 23396
0.9988542705005247 26313 23740
0.998841245904892 26353 24269
0.9988221324824785 26222 25235
0.9988031792923487 26335 25950
0.9987841574312403 26120 26996
0.9987652729120893 26039 27902
0.9987491123417612 26276 28371
0.9987345083136177 26514 28771
0.9987197211628642 26481 29450
0.9987003101662096 26330 30449
0.9986806015953138 26356 31284
0.9986616941858365 26318 32148
0.9986418482729833 26358 32975
0.9986248178702579 26737 33340
0.9986090235451498 26853 33914
0.9985932978910204 26731 34723
0.9985740471266494 26566 35729
0.9985540409815125 26564 36605
0.9985310590939638 26650 37523
0.998504872560741 27134 38183
0.998483264092767 27751 38510
0.9984641506703535 28258 38838
0.998442771105642 28528 39502
0.9984187820437385 28882 40196
0.9983908100650687 29276 41024
0.9983655391448957 29742 41662
0.998337956301772 30360 42249
0.9983115866459393 31257 42504
0.9982882385131707 31922 42859
0.998263082044629 32243 43637
0.9982335764141008 32572 44597
0.9982027660349768 32857 45658
0.9981683618746325 33770 46248
0.9981336601400471 34622 46912
0.9981054363677887 35507 47260
0.998081515976864 36139 47673
0.9980537957917829 36731 48292
0.998019895218616 37421 49083
0.9979825382061863 38435 49701
0.9979417705351463 39587 50330
0.9978987825024607 40773 51022
0.9978599833994776 42044 51446
0.997825258774566 43193 51814
0.9977875812975688 43993 52660
0.9977416861934503 45118 53540
0.9976924262113738 46499 54311
0.9976434866938648 47931 55017
0.9975888017044686 49593 55744
0.997542059658279 51098 56281
0.997499598103097 52637 56597
0.9974603411935891 53930 57019
0.9974213360776698 54927 57726
0.99737532652192 56065 58598
0.9973178946933746 57622 59550
0.9972588605419921 59055 60696
0.9972089825211071 60580 61350
0.9971585780227186 62365 61767
0.9971094324922734 63721 62558
0.9970509705990469 65185 63648
0.9969945001642038 66713 64587
0.996931116850835 68429 65640
0.9968648035757071 70212 66754
0.9968143304063397 71777 67394
0.9967627585013127 73608 67816
0.9967057615889658 75077 68837
0.996646315411711 76385 70126
0.9965859994020589 77778 71368
0.9965121323192705 79775 72598
0.9964392266301844 81471 74087
0.9963805358336956 83449 74673
0.9963220052694904 85315 75364
0.9962533571810857 86930 76748
0.9961843199571346 88309 78385
0.9961001064468842 90272 80101
0.9960238816604926 91895 81808
0.9959473135192075 93792 83256
0.9958770173273132 96055 84064
0.9958133593300295 98117 84783
0.9957449172545608 99247 86643
0.995662557860736 100937 88551
0.9955829453060605 102504 90462
0.9954990522603774 104397 92234
0.9954089788266085 106436 94130
0.9953349744018626 108576 95223
0.9952713392949052 110743 95836
0.9951859583780162 112491 97818
0.9950912610983461 114396 100050
0.9949956024249736 116381 102244
0.9948868504849899 118856 104520
0.9947773202739139 121363 106798
0.9946797388131371 124167 108257
0.9945903520891555 126833 109496
0.9944877576469312 128977 111834
0.9943758926225783 131023 114675
0.994248965763557 134071 117172
0.9941125165288185 137433 119771
0.9939774407136545 141234 121871
0.9938639046954858 145138 122927
0.9937584718528073 148788 123883
0.993636901330127 151729 126253
0.9935045952444386 155134 128628
0.9933841921283968 159263 129759
0.9932421576540547 162955 132272
0.9930904176813853 167154 134702
0.9929657798549885 171201 136100
0.9928516486883374 174980 137307
0.9927216316352733 177339 140628
0.9925619716097235 181334 143608
0.9923944144216197 185727 146535
0.9922163276834438 190613 149429
0.992049800560021 195436 151881
0.9919031651301039 199917 153806
0.9917744070449832 204407 154941
0.9916168071487954 208035 158198
0.9914384915073571 212057 161966
0.9912635865245291 216398 165266
0.9910665465962234 221318 168954
0.990859206021108 226029 173301
0.9906705210618814 231563 176010
0.990510426120133 236103 178464
0.9903017579060955 239714 183969
0.9900772266959712 241399 192093
0.9898451645685127 242880 200750
0.9896177491772816 241635 211930
0.989365200207835 243496 221102
0.9891443772305621 250193 224052
0.9889404702043834 256625 226528
0.9887026168243852 260996 232548
0.9884535929651801 264442 239981
0.9881941997881867 268934 246821
0.9879183026859715 274303 253505
0.9876256498649459 281660 258933
0.98737522969584 289765 261768
0.9871452276977434 296926 264655
0.986866492195074 301754 272004
0.9865743200708996 305822 280700
0.9862623249241981 311268 288884
0.9859227698246993 317671 297315
0.985582528015413 323850 306000
0.9852994891314099 331331 310884
0.985042499438672 338237 315205
0.9847557752121435 341785 324183
0.9844315566312279 346815 333317
0.9840739410643228 352126 343629
0.9836963880232594 359163 353086
0.9833167519625079 366160 362674
0.9830129744429279 374936 367169
0.9827786232828449 379252 373091
0.9824862222554082 381478 383639
0.9821785075997143 380459 398101
0.9818394560873926 379227 414145
0.9814856632049702 380840 427988
0.9811616048563384 379653 443332
0.9808885690449036 385284 449629
0.9806828994636041 388791 455107
0.9804275349840296 386415 468639
0.9801314028334149 384089 483902
0.9798169813121317 383193 498534
0.979498966009628 381160 514460
0.9791963787870128 380062 528777
0.9789765172034421 381841 536603
0.9788191004298643 383428 541893
0.9786167499458701 375451 558710
0.9783636516085936 373229 571989
0.9780781176790299 371913 585779
0.9777790326763298 371453 599305
0.977500251393008 369647 613290
0.9772996634641345 371506 620194
0.9771399347676061 373265 625413
0.9769350892380513 367573 640054
0.9766930927090031 362111 656088
0.9764201026782208 357476 672649
0.9761578253201206 352891 688692
0.9759716354064545 355094 694623
0.9758217495502108 354520 701745
0.9757116699713049 351893 709181
0.9755422357764492 342440 726036
0.9753498654746972 333679 743201
0.9751182840440898 331105 755892
0.9748926312079795 330738 766117
0.9747690005559374 333387 768869
0.9746572728735419 331697 775440
0.9745544037474028 331259 780372
0.9744256456622821 322493 794763
0.9742602401648451 314684 809798
0.974046902324254 312175 821627
0.9739096061474444 312843 826957
0.973791881199573 309638 835305
0.9736700588833042 309239 841026
0.9735651067374769 308832 846018
0.9734416592080446 297662 862581
0.9732879506673182 289118 877840
0.9730960152817649 286673 888670
0.9728987006695443 284495 899468
0.972712121620332 282275 909839
0.9725656693130249 279609 918903
0.9724882542296688 277566 924328
0.9723914052593318 266264 939861
0.9722831569065253 255781 955073
0.9721475088332052 247172 969608
0.9720175146704673 238093 984366
0.9718970199931205 229707 998016
0.9717999192291948 228270 1003695
0.9717356660834288 225116 1009656
0.9716661252723005 215196 1022614
0.9715733507800348 204358 1037505
0.9714403350942327 197741 1049933
0.9713155141452259 191365 1061762
0.9712018407850997 184558 1073535
0.9711228004885802 183509 1078037
0.971070450312461 180445 1083388
0.9710102258641138 170758 1095706
0.9709292627801899 163581 1106420
0.9708071886703323 158306 1117028
0.9706889143546312 154815 1125686
0.9705845802476124 151794 1133265
0.9705019461698727 152914 1135755
0.9704480165612426 152470 1138555
0.970382389995902 145958 1147934
0.9702989547567437 141265 1156272
0.9701782311761344 139345 1163466
0.9700638939965472 136741 1171065
0.9699402175638526 135666 1177543
0.9698644276936598 136813 1179707
0.9698062862650008 136732 1182328
0.9697296952333895 133390 1189016
0.9696270321201865 131560 1195331
0.9694795955288509 132260 1201072
0.9693257267558408 132819 1207235
0.9691775576740654 134488 1212039
0.9690708200827911 137286 1213904
0.9689940230382436 139155 1215390
0.9688949994869134 138847 1220024
0.9687578864327137 140968 1223893
0.9685684003120684 144777 1228362
0.9683822103984022 148244 1233029
0.9681922893615583 151345 1238225
