0 0
0 0
1 0
1 0
1 0
1 0
1 0
1 0
1 0
1 0
1 0
1 0
2 1
2 1
2 1
6 1
12 2
12 2
14 2
26 3
43 4
69 4
69 4
93 4
139 6
190 6
300 10
342 14
459 16
527 21
618 27
761 33
856 41
1023 49
1168 57
1243 65
1253 66
1389 73
1581 87
1790 102
2073 130
2359 152
2605 172
2912 190
3155 217
3513 251
3859 302
4291 371
4698 408
4961 488
5200 510
5597 528
5994 598
6479 691
6664 983
7142 983
7568 1049
7925 1084
8179 1231
8513 1353
8907 1499
9176 1685
9634 1777
10077 1836
10409 1922
10506 2191
10760 2424
10955 2736
11128 3067
11425 3285
11781 3451
11952 3696
12225 3798
12270 4155
12248 4599
12381 4949
12455 5403
12661 5630
12805 5811
12696 6180
12711 6519
12900 6806
12975 7173
13046 7534
13261 7725
13388 7857
13365 8219
13252 8653
13274 9108
13198 9613
13197 10007
13426 10246
13785 10777
13701 11194
13805 11580
13758 12223
13957 12585
14051 13050
14290 13309
14615 13462
14769 13710
14917 14098
15200 14506
15460 14955
15798 15379
16356 15495
16854 15682
17233 15976
17548 16438
17856 16977
18172 17583
18637 17978
19271 18090
19823 18233
20318 18583
20782 19070
21411 19443
21951 20024
22461 20471
23129 20727
23698 20840
24289 20965
24492 21432
24866 21955
25182 22523
25478 23150
26072 23396
26313 23740
26353 24269
26222 25235
26335 25950
26120 26996
26039 27902
26276 28371
26514 28771
26481 29450
26330 30449
26356 31284
26318 32148
26358 32975
26737 33340
26853 33914
26731 34723
26566 35729
26564 36605
26650 37523
27134 38183
27751 38510
28258 38838
28528 39502
28882 40196
29276 41024
29742 41662
30360 42249
31257 42504
31922 42859
32243 43637
32572 44597
32857 45658
33770 46248
34622 46912
35507 47260
36139 47673
36731 48292
37421 49083
38435 49701
39587 50330
40773 51022
42044 51446
43193 51814
43993 52660
45118 53540
46499 54311
47931 55017
49593 55744
51098 56281
52637 56597
53930 57019
54927 57726
56065 58598
57622 59550
59055 60696
60580 61350
62365 61767
63721 62558
65185 63648
66713 64587
68429 65640
70212 66754
71777 67394
73608 67816
75077 68837
76385 70126
77778 71368
79775 72598
81471 74087
83449 74673
85315 75364
86930 76748
88309 78385
90272 80101
91895 81808
93792 83256
96055 84064
98117 84783
99247 86643
100937 88551
102504 90462
104397 92234
106436 94130
108576 95223
110743 95836
112491 97818
114396 100050
116381 102244
118856 104520
121363 106798
124167 108257
126833 109496
128977 111834
131023 114675
134071 117172
137433 119771
141234 121871
145138 122927
148788 123883
151729 126253
155134 128628
159263 129759
162955 132272
167154 134702
171201 136100
174980 137307
177339 140628
181334 143608
185727 146535
190613 149429
195436 151881
199917 153806
204407 154941
208035 158198
212057 161966
216398 165266
221318 168954
226029 173301
231563 176010
236103 178464
239714 183969
241399 192093
242880 200750
241635 211930
243496 221102
250193 224052
256625 226528
260996 232548
264442 239981
268934 246821
274303 253505
281660 258933
289765 261768
296926 264655
301754 272004
305822 280700
311268 288884
317671 297315
323850 306000
331331 310884
338237 315205
341785 324183
346815 333317
352126 343629
359163 353086
366160 362674
374936 367169
379252 373091
381478 383639
380459 398101
379227 414145
380840 427988
379653 443332
385284 449629
388791 455107
386415 468639
384089 483902
383193 498534
381160 514460
380062 528777
381841 536603
383428 541893
375451 558710
373229 571989
371913 585779
371453 599305
369647 613290
371506 620194
373265 625413
367573 640054
362111 656088
357476 672649
352891 688692
355094 694623
354520 701745
351893 709181
342440 726036
333679 743201
331105 755892
330738 766117
333387 768869
331697 775440
331259 780372
322493 794763
314684 809798
312175 821627
312843 826957
309638 835305
309239 841026
308832 846018
297662 862581
289118 877840
286673 888670
284495 899468
282275 909839
279609 918903
277566 924328
266264 939861
255781 955073
247172 969608
238093 984366
229707 998016
228270 1003695
225116 1009656
215196 1022614
204358 1037505
197741 1049933
191365 1061762
184558 1073535
183509 1078037
180445 1083388
170758 1095706
163581 1106420
158306 1117028
154815 1125686
151794 1133265
152914 1135755
152470 1138555
145958 1147934
141265 1156272
139345 1163466
136741 1171065
135666 1177543
136813 1179707
136732 1182328
133390 1189016
131560 1195331
132260 1201072
132819 1207235
134488 1212039
137286 1213904
139155 1215390
138847 1220024
140968 1223893
144777 1228362
148244 1233029
151345 1238225
