10 1
12 6
20 7
29 10
59 11
65 13
86 16
106 18
105 19
155 23
271 24
432 31
578 37
671 40
632 41
833 50
1055 57
1166 69
1592 80
1823 90
2185 102
2556 108
2852 123
3066 134
3591 156
4388 182
5032 192
5849 231
6545 255
7258 264
8157 305
8667 411
9856 463
10883 516
11733 570
12865 606
13716 656
14717 687
15819 719
16717 779
17931 819
18907 863
19400 896
19973 939
20706 971
21345 1033
21996 1082
23235 1139
24163 1201
25061 1255
25764 1306
26887 1355
27939 1402
29036 1449
30146 1512
31563 1563
32607 1609
33502 1641
34652 1705
35706 1757
37175 1804
38977 1862
40518 1919
41894 1985
43262 2027
44469 2078
45824 2121
47046 2176
48323 2251
49789 2283
51175 2326
52584 2349
53661 2422
55066 2470
56764 2518
58203 2561
60063 2599
61275 2629
62350 2650
63724 2692
65201 2743
67044 2789
68578 2842
69824 2887
71332 2916
73327 2971
75295 3022
77093 3092
79089 3170
81254 3209
83151 3236
84683 3252
86147 3282
87641 3310
89031 3342
90732 3377
92220 3410
93705 3424
95553 3451
96641 3470
97640 3499
98629 3532
99743 3556
101017 3585
102264 3601
103489 3614
104449 3630
105414 3662
106555 3690
107912 3704
109416 3731
110930 3743
111999 3761
113273 3779
114569 3820
116071 3845
117552 3867
119296 3906
120894 3945
122399 3963
123787 3978
125637 4007
127383 4040
129283 4083
130942 4124
133140 4138
135431 4151
136912 4164
138631 4204
140715 4240
142841 4291
145388 4325
148244 4339
151103 4350
153233 4369
155857 4393
159223 4419
161899 4447
164917 4466
167918 4489
170700 4508
173342 4532
176214 4569
178765 4591
181806 4612
185233 4646
188370 4672
191073 4698
194179 4716
196801 4757
199593 4812
202662 4855
205540 4913
208304 4973
210899 4993
213462 5016
216102 5076
218722 5135
221234 5176
225334 5221
228513 5252
230749 5281
232465 5300
234867 5341
236944 5378
239998 5405
243137 5441
245699 5473
247749 5489
249595 5504
251133 5528
254041 5567
256372 5601
259199 5628
261964 5651
263756 5686
265217 5704
267415 5749
269765 5800
272485 5832
275217 5873
277856 5919
279822 5928
281385 5952
284108 6008
286243 6064
288789 6095
292125 6122
294725 6149
297297 6166
298855 6184
300844 6199
303264 6222
306882 6244
310064 6269
313381 6296
316449 6311
318450 6352
321225 6468
324162 6542
327987 6593
332711 6637
336506 6699
339559 6746
341977 6763
345301 6822
348461 6873
353073 6920
357478 6966
361977 6989
365625 7026
368449 7059
372476 7098
376429 7143
380753 7193
385470 7243
390240 7280
393867 7298
396885 7324
400380 7366
404259 7413
410260 7464
415478 7517
420626 7559
424818 7592
428543 7630
434175 7676
439221 7721
445496 7764
452097 7828
454109 7881
455905 7941
474472 8014
481252 8094
487798 8177
494103 8251
501583 8323
508587 8415
514341 8467
519506 8522
527637 8605
534609 8688
542979 8772
551761 8842
560687 8913
567302 8947
573319 9007
582980 9069
592278 9133
602577 9189
613799 9241
625524 9312
633983 9349
642215 9416
654445 9490
666616 9527
680438 9559
693992 9669
705010 9781
715538 9814
726960 9851
740256 10019
754641 10130
768151 10296
781633 10426
794992 10546
806358 10574
818214 10636
831872 10817
845119 10960
856453 11089
863710 11140
875380 11205
885725 11260
894387 11308
905605 11524
916663 11679
927981 11838
940165 11956
952924 12133
967835 12179
979527 12257
992416 12430
1005689 12587
1018946 12740
1032392 12879
1045152 13006
1055028 13025
1063979 13051
1074363 13204
1082274 13456
1095110 13699
1107339 13823
1119040 13990
1126267 14024
1137429 14039
1146722 14307
1158087 14491
1170225 14644
1177497 14698
1185241 14728
1192388 14754
1199675 14836
1210128 15182
1220363 15371
1235495 15564
1245169 15648
1252010 15698
1270314 15711
1277936 15772
1290035 16061
1303191 16268
1317880 16452
1334095 16642
1348284 16764
1357138 16781
1370077 16809
1381182 17115
1392461 17322
1404576 17516
1415842 17646
1426487 17859
1443362 17898
1453130 17936
1462721 18138
1472101 18284
1481764 18558
1491417 18743
1501339 18885
1507390 18913
1517308 18964
1526009 19195
1535484 19356
1545846 19530
1554930 19722
1563475 19841
1568067 19869
1574032 19918
1579956 20034
1586639 20208
1593658 20384
1602242 20549
1609386 20645
1613679 20663
1619616 20710
1624810 20987
1630034 21133
1637163 21220
1643034 21295
1648396 21336
1651896 21362
1654248 21372
1658840 21485
1663266 21592
1668051 21681
1672324 21756
1676114 21881
1679123 22023
1682104 22216
1685415 22470
1689155 22687
1693674 22937
1697634 23192
1701321 23398
