0.999999966801578 10 1
0.9999999456753095 12 6
0.9999999185129642 20 7
0.9999998822965038 29 10
0.9999997887373147 59 11
0.9999997645930078 65 13
0.999999692160087 86 16
0.9999996257632431 106 18
0.9999996257632431 105 19
0.9999994627891715 155 23
0.999999109678683 271 24
0.9999986026482381 432 31
0.999998143906407 578 37
0.9999978541747242 671 40
0.999997968860182 632 41
0.9999973350721258 833 50
0.9999966439413408 1055 57
0.9999962727226223 1166 69
0.9999949538398577 1592 80
0.9999942264926124 1823 90
0.9999930977462648 2185 102
0.999991959945802 2556 108
0.9999910213358713 2852 123
0.9999903422772397 3066 134
0.9999886914102554 3591 156
0.9999862075646829 4388 182
0.9999842337675938 5032 192
0.9999816503267555 5849 231
0.9999794773391344 6545 255
0.9999772983154366 7258 264
0.9999744613593757 8157 305
0.9999726022477444 8667 411
0.9999688568621364 9856 463
0.9999655973807049 10883 516
0.9999628690740251 11733 570
0.9999593440052176 12865 606
0.9999566247526529 13716 656
0.9999535101370627 14717 687
0.9999500876815596 15819 719
0.9999471964008082 16717 779
0.9999434117807015 17931 819
0.9999403333815716 18907 863
0.9999387458933929 19400 896
0.9999368867817616 19973 939
0.9999345779824141 20706 971
0.999932462337522 21345 1033
0.9999303497106682 21996 1082
0.9999264383329503 23235 1139
0.9999234504749713 24163 1201
0.9999205773024501 25061 1255
0.9999183017015247 25764 1306
0.9999147645605638 26887 1355
0.9999114477364033 27939 1402
0.9999079951005165 29036 1449
0.9999044549415173 30146 1512
0.999900024461201 31563 1563
0.9998967347993857 32607 1609
0.9998939370778236 33502 1641
0.9998902731792514 34652 1705
0.9998869352288224 35706 1757
0.9998823598826647 37175 1804
0.9998767463313103 38977 1862
0.9998719235060068 40518 1919
0.9998675714946881 41894 1985
0.9998633160605968 43262 2027
0.9998595193683366 44469 2078
0.9998553001507058 45824 2121
0.9998514461157167 47046 2176
0.9998473657278505 48323 2251
0.9998428447063833 49789 2283
0.9998385319295632 51175 2326
0.9998342100986279 52584 2349
0.9998307393545111 53661 2422
0.9998263541447702 55066 2470
0.9998210846497891 56764 2518
0.9998166119169357 58203 2561
0.9998108836801235 60063 2599
0.9998071352764772 61275 2629
0.9998038275064318 62350 2650
0.9997995539641104 63724 2692
0.9997949424014924 65201 2743
0.9997892413270254 67044 2789
0.999784451700144 68578 2842
0.9997805554126179 69824 2887
0.9997759166876546 71332 2916
0.9997697297090113 73327 2971
0.9997636362895572 75295 3022
0.9997579985938959 77093 3092
0.999751739182332 79089 3170
0.9997450874257808 81254 3209
0.9997392807199712 83151 3236
0.9997346087965858 84683 3252
0.9997300998472721 86147 3282
0.9997255063928843 87641 3310
0.9997212147423327 89031 3342
0.9997159754277353 90732 3377
0.9997113849913858 92220 3410
0.9997068609518802 93705 3424
0.9997012021299504 95553 3451
0.999697861161483 96641 3470
0.9996947586180462 97640 3499
0.9996916741828397 98629 3532
0.999688239655183 99743 3556
0.9996843071511966 101017 3585
0.9996804953687447 102264 3601
0.9996767590372518 103489 3614
0.9996738134318099 104449 3630
0.9996708044475624 105414 3662
0.9996672763607165 106555 3690
0.9996631386301215 107912 3704
0.9996585180133883 109416 3731
0.999653912486847 110930 3743
0.9996506318791469 111999 3761
0.9996467325735824 113273 3779
0.9996426974562916 114569 3820
0.999638088911712 116071 3845
0.999633552800053 117552 3867
0.9996281716376525 119296 3906
0.999623231108853 120894 3945
0.9996186346364268 122399 3963
0.999614400328604 123787 3978
0.9996087294345207 125637 4007
0.9996033603442737 127383 4040
0.9995974962957351 129283 4083
0.9995923656305188 130942 4124
0.9995856897296608 133140 4138
0.9995787361692733 135431 4151
0.9995742272199596 136912 4164
0.9995689184904798 138631 4204
0.9995625202491512 140715 4240
0.9995559499796358 142841 4291
0.999548160422622 145388 4325
0.9995394986525213 148244 4339
0.9995308368824207 151103 4350
0.9995243511179795 153233 4369
0.9995163593523954 155857 4393
0.9995061221662694 159223 4419
0.999497961390537 161899 4447
0.9994887956080298 164917 4466
0.9994796690600214 167918 4489
0.9994712155345677 170700 4508
0.9994631694442931 173342 4532
0.9994543899706964 176214 4569
0.9994466245579894 178765 4591
0.9994373833245231 181806 4612
0.9994269378937503 185233 4646
0.9994173918384094 188370 4672
0.999409155611718 191073 4698
0.9993997272598731 194179 4716
0.9993916902237137 196801 4757
0.9993830978684953 199593 4812
0.9993737057331109 202662 4855
0.9993648447724783 205540 4913
0.9993563218321424 208304 4973
0.9993484296618242 210899 4993
0.9993406250146186 213462 5016
0.9993324763110396 216102 5076
0.9993243909862662 218722 5135
0.9993166859343265 221234 5176
0.9993041761653136 225334 5221
0.9992944882621697 228513 5252
0.9992876524052785 230749 5281
0.9992824161087194 232465 5300
0.9992750430409996 234867 5341
0.9992686629079011 236944 5378
0.9992593643317059 239998 5405
0.9992497820599048 243137 5441
0.9992419532683922 245699 5473
0.9992357180011351 247749 5489
0.9992301014317423 249595 5504
0.99922538725582 251133 5528
0.9992164930967654 254041 5567
0.9992093554360378 256372 5601
0.9992007419545511 259199 5628
0.9991923276635961 261964 5651
0.9991868137075077 263756 5686
0.9991823500287694 265217 5704
0.9991755805687221 267415 5749
0.9991683342586136 269765 5800
0.9991600286170398 272485 5832
0.9991516595966603 275217 5873
0.9991435561636568 277856 5919
0.9991375955378906 279822 5928
0.9991328059110092 281385 5952
0.9991244187823995 284108 6008
0.9991178062603472 286243 6064
0.9991100287754867 288789 6095
0.9990998791124733 292125 6122
0.9990919507256949 294725 6149
0.9990841370243742 297297 6166
0.9990793805959147 298855 6184
0.9990733324470361 300844 6199
0.9990659593793163 303264 6222
0.9990549737196764 306882 6244
0.9990452948706476 310064 6269
0.9990352025503632 313381 6296
0.9990258979380913 316449 6311
0.9990197351037549 318450 6352
0.9990110099548486 321225 6468
0.9990019226413389 324162 6542
0.9989902247246455 327987 6593
0.9989758347177327 332711 6637
0.9989641941437681 336506 6699
0.9989548382248442 339559 6746
0.9989474893014313 341977 6763
0.9989372792776506 345301 6822
0.9989275883564683 348461 6873
0.998913527315737 353073 6920
0.9989000940269852 357478 6966
0.9988864464575096 361977 6989
0.9988753249861434 365625 7026
0.9988667024505415 368449 7059
0.9988544311065592 372476 7098
0.9988423649891857 376429 7143
0.9988291640893877 380753 7193
0.9988147771005133 385470 7243
0.9988002693901042 390240 7280
0.9987892686402726 393867 7298
0.9987800817314969 396885 7324
0.9987694069298084 400380 7366
0.9987575581111969 404259 7413
0.9987392929430265 410260 7464
0.9987233848628173 415478 7517
0.9987077212437155 420626 7559
0.9986949700316335 424818 7592
0.9986836131532751 428543 7630
0.9986664767314524 434175 7676
0.9986511118981485 439221 7721
0.9986320439317736 445496 7764
0.998611928706087 452097 7828
0.9986056964568683 454109 7881
0.9986000949776672 455905 7941
0.9985438387425887 474472 8014
0.9985231349994212 481252 8094
0.9985031284231157 487798 8177
0.9984838763564008 494103 8251
0.9984610841306865 501583 8323
0.9984396681304656 508587 8415
0.9984221453997324 514341 8467
0.9984063912394797 519506 8522
0.9983816010723694 527637 8605
0.9983603088117213 534609 8688
0.9983347943154041 542979 8772
0.9983080786398184 551761 8842
0.9982809253486702 560687 8913
0.9982608584115974 567302 8947
0.9982425177924679 573319 9007
0.9982131734054684 582980 9069
0.9981849185303179 592278 9133
0.9981536667430734 602577 9189
0.9981196413785736 613799 9241
0.9980840405980484 625524 9312
0.9980583993441199 633983 9349
0.9980333526437488 642215 9416
0.9979962186997355 654445 9490
0.997959374487405 666616 9527
0.9979175625839297 680438 9559
0.9978763241077434 693992 9669
0.9978427333407678 705010 9781
0.9978108598376205 715538 9814
0.9977762761360236 726960 9851
0.9977356412675097 740256 10019
0.9976918917834057 754641 10130
0.9976506170907589 768151 10296
0.9976095355525674 781633 10426
0.9975688554134781 794992 10546
0.9975344678843747 806358 10574
0.9974984989031694 818214 10636
0.9974567322702695 831872 10817
0.9974163207365945 845119 10960
0.9973817249628442 856453 11089
0.9973596691384904 863710 11140
0.9973242524583055 875380 11205
0.9972928648593345 885725 11260
0.9972665777451963 894387 11308
0.9972320694945586 905605 11524
0.9971982282303988 916663 11679
0.9971635902041115 927981 11838
0.9971264622961749 940165 11956
0.9970874209519165 952924 12133
0.9970422801521273 967835 12179
0.9970067578405996 979527 12257
0.9969673362235074 992416 12430
0.9969268039682979 1005689 12587
0.9968863320738556 1018946 12740
0.9968453320226999 1032392 12879
0.9968064385623212 1045152 13006
0.9967765750727234 1055028 13025
0.9967494821423425 1063979 13051
0.9967176810721159 1074363 13204
0.9966930448249621 1082274 13456
0.9966535719012178 1095110 13699
0.9966162900733248 1107339 13823
0.9965804719940375 1119040 13990
0.9965585580174868 1126267 14024
0.9965248254027081 1137429 14039
0.9964959699379234 1146722 14307
0.996461114612874 1158087 14491
0.9964240199033594 1170225 14644
0.9964019097543151 1177497 14698
0.9963784475240843 1185241 14728
0.9963567991349095 1192388 14754
0.9963345592102156 1199675 14836
0.996301967413938 1210128 15182
0.9962705073820464 1220363 15371
0.9962242559441398 1235495 15564
0.9961948059257976 1245169 15648
0.996174008623441 1252010 15698
0.9961187272147535 1270314 15711
0.9960955396260137 1277936 15772
0.996058152166778 1290035 16061
0.9960178221201388 1303191 16268
0.995972934835572 1317880 16452
0.9959234239162338 1334095 16642
0.9958802327692268 1348284 16764
0.9958534597509122 1357138 16781
0.9958143248474646 1370077 16809
0.9957798860117091 1381182 17115
0.9957452208230764 1392461 17322
0.9957080717888713 1404576 17516
0.9956736782236912 1415842 17646
0.9956409083631503 1426487 17859
0.9955898612622854 1443362 17898
0.9955602663781019 1453130 17936
0.9955307107284171 1462721 18138
0.9955019608949751 1472101 18284
0.995471970647766 1481764 18558
0.995442279186355 1491417 18743
0.9954119056482739 1501339 18885
0.9953935589930677 1507390 18913
0.9953634721686311 1517308 18964
0.9953365150499764 1526009 19195
0.9953074332323145 1535484 19356
0.9952756351801263 1545846 19530
0.995247639856275 1554930 19722
0.9952214915719015 1563475 19841
0.9952075482346664 1568067 19869
0.9951893977519538 1574032 19918
0.9951711688002437 1579956 20034
0.9951504741111915 1586639 20208
0.9951287593251726 1593658 20384
0.9951023545075384 1602242 20549
0.9950805039097933 1609386 20645
0.9950674931464122 1613679 20663
0.9950494332048504 1619616 20710
0.9950329215169686 1624810 20987
0.9950167146509616 1630034 21133
0.9949949364861371 1637163 21220
0.9949769912300332 1643034 21295
0.9949606847687602 1648396 21336
0.9949500431654937 1651896 21362
0.9949429145588813 1654248 21372
0.9949287146883853 1658840 21485
0.9949150339204876 1663266 21592
0.9949003240015084 1668051 21681
0.9948872015707079 1672324 21756
0.9948753859505184 1676114 21881
0.9948658761116378 1679123 22023
0.994856296857875 1682104 22216
0.9948455375511124 1685415 22470
0.9948335951733116 1689155 22687
0.9948192021483604 1693674 22937
0.9948064811166621 1697634 23192
0.9947947318933166 1701321 23398
